# This file was generated by Animated Java via MC-Build. It is not recommended to edit this file directly.
$data merge entity $(nose) {transformation: [0.5779f,0.4012f,-0.7107f,0.4378f,0.0771f,0.8401f,0.537f,2.1443f,0.8125f,-0.3651f,0.4546f,-1.0035f,0f,0f,0f,1f],start_interpolation: 0,interpolation_duration: 1}
$data merge entity $(glowing_eye) {transformation: [0.5779f,0.4012f,-0.7107f,0.562f,0.0771f,0.8401f,0.537f,2.1921f,0.8125f,-0.3651f,0.4546f,-0.9425f,0f,0f,0f,1f],start_interpolation: 0,interpolation_duration: 1}
$data merge entity $(head) {transformation: [0.5779f,0.4012f,-0.7107f,0.2552f,0.0771f,0.8401f,0.537f,2.1411f,0.8125f,-0.3651f,0.4546f,-0.8733f,0f,0f,0f,1f],start_interpolation: 0,interpolation_duration: 1}
$data merge entity $(leftthumb2) {transformation: [-0.0431f,-0.8372f,0.5451f,1.6554f,-0.7314f,0.3981f,0.5536f,0.4167f,-0.6806f,-0.3748f,-0.6295f,-1.6674f,0f,0f,0f,1f],start_interpolation: 0,interpolation_duration: 1}
$data merge entity $(leftthumb) {transformation: [-0.0431f,-0.8372f,0.5451f,1.4966f,-0.7314f,0.3981f,0.5536f,0.5617f,-0.6806f,-0.3748f,-0.6295f,-1.8131f,0f,0f,0f,1f],start_interpolation: 0,interpolation_duration: 1}
$data merge entity $(leftpointerfinger) {transformation: [-0.4795f,-0.7591f,-0.4402f,1.7775f,-0.8466f,0.5322f,0.0044f,0.4799f,0.231f,0.3748f,-0.8979f,-2.0035f,0f,0f,0f,1f],start_interpolation: 0,interpolation_duration: 1}
$data merge entity $(leftmidfinger) {transformation: [-0.4795f,-0.7591f,-0.4402f,1.7087f,-0.8466f,0.5322f,0.0044f,0.4806f,0.231f,0.3748f,-0.8979f,-2.1437f,0f,0f,0f,1f],start_interpolation: 0,interpolation_duration: 1}
$data merge entity $(leftringfinger) {transformation: [-0.4795f,-0.7591f,-0.4402f,1.6399f,-0.8466f,0.5322f,0.0044f,0.4812f,0.231f,0.3748f,-0.8979f,-2.284f,0f,0f,0f,1f],start_interpolation: 0,interpolation_duration: 1}
$data merge entity $(invisibility) {transformation: [-0.7946f,0.3724f,0.4795f,1.6183f,0.5305f,0.042f,0.8466f,0.3792f,0.2951f,0.9271f,-0.231f,-1.8911f,0f,0f,0f,1f],start_interpolation: 0,interpolation_duration: 1}
$data merge entity $(swiftness) {transformation: [-0.4402f,-0.7591f,0.4795f,1.6136f,0.0044f,0.5322f,0.8466f,0.2639f,-0.8979f,0.3748f,-0.231f,-2.0982f,0f,0f,0f,1f],start_interpolation: 0,interpolation_duration: 1}
$data merge entity $(suspicious_stew) {transformation: [0f,0f,0f,1.5546f,0f,0f,0f,0.3938f,0f,0f,0f,-2.0686f,0f,0f,0f,1f],start_interpolation: 0,interpolation_duration: 1}
$data merge entity $(log) {transformation: [-0.4795f,-0.7591f,-0.4402f,1.4109f,-0.8466f,0.5322f,0.0044f,0.3424f,0.231f,0.3748f,-0.8979f,-2.0506f,0f,0f,0f,1f],start_interpolation: 0,interpolation_duration: 1}
$data merge entity $(planks) {transformation: [-0.4795f,-0.7591f,-0.4402f,1.366f,-0.8466f,0.5322f,0.0044f,0.2631f,0.231f,0.3748f,-0.8979f,-2.0289f,0f,0f,0f,1f],start_interpolation: 0,interpolation_duration: 1}
$data merge entity $(lefthand1) {transformation: [-0.4795f,-0.7591f,-0.4402f,1.3547f,-0.8466f,0.5322f,0.0044f,0.687f,0.231f,0.3748f,-0.8979f,-1.9866f,0f,0f,0f,1f],start_interpolation: 0,interpolation_duration: 1}
$data merge entity $(leftforearm) {transformation: [-0.5641f,-0.8223f,0.075f,0.7402f,-0.7018f,0.5254f,0.4812f,1.005f,-0.4351f,0.2188f,-0.8734f,-1.8463f,0f,0f,0f,1f],start_interpolation: 0,interpolation_duration: 1}
$data merge entity $(leftelbow) {transformation: [-0.5641f,-0.8223f,0.075f,0.586f,-0.7018f,0.5254f,0.4812f,1.1035f,-0.4351f,0.2188f,-0.8734f,-1.8053f,0f,0f,0f,1f],start_interpolation: 0,interpolation_duration: 1}
$data merge entity $(leftarm) {transformation: [-0.2129f,-0.379f,-0.9006f,0.3781f,-0.4215f,0.8672f,-0.2652f,1.4532f,0.8815f,0.3232f,-0.3444f,-1.4401f,0f,0f,0f,1f],start_interpolation: 0,interpolation_duration: 1}
$data merge entity $(rightthumb2) {transformation: [0.1036f,0.1569f,-0.9822f,-0.353f,0.2375f,0.955f,0.1776f,0.2026f,0.9659f,-0.2516f,0.0616f,0.13f,0f,0f,0f,1f],start_interpolation: 0,interpolation_duration: 1}
$data merge entity $(rightthumb) {transformation: [0.1036f,0.1569f,-0.9822f,-0.3984f,0.2375f,0.955f,0.1776f,0.452f,0.9659f,-0.2516f,0.0616f,0.0735f,0f,0f,0f,1f],start_interpolation: 0,interpolation_duration: 1}
$data merge entity $(rightpointerfinger) {transformation: [0.1036f,0.1569f,-0.9822f,-0.4846f,0.2375f,0.955f,0.1776f,0.1729f,0.9659f,-0.2516f,0.0616f,0.2646f,0f,0f,0f,1f],start_interpolation: 0,interpolation_duration: 1}
$data merge entity $(rightmidfinger) {transformation: [0.1036f,0.1569f,-0.9822f,-0.6381f,0.2375f,0.955f,0.1776f,0.2007f,0.9659f,-0.2516f,0.0616f,0.2742f,0f,0f,0f,1f],start_interpolation: 0,interpolation_duration: 1}
$data merge entity $(rightringfinger) {transformation: [0.1036f,0.1569f,-0.9822f,-0.7915f,0.2375f,0.955f,0.1776f,0.2285f,0.9659f,-0.2516f,0.0616f,0.2839f,0f,0f,0f,1f],start_interpolation: 0,interpolation_duration: 1}
$data merge entity $(hugeasssword) {transformation: [0.4056f,0.6147f,-3.8468f,-0.6184f,0.9301f,3.7405f,0.6957f,0.3288f,3.783f,-0.9855f,0.2414f,-0.0344f,0f,0f,0f,1f],start_interpolation: 0,interpolation_duration: 1}
$data merge entity $(whey) {transformation: [0.1036f,0.9928f,-0.0594f,-0.5128f,0.2375f,0.0333f,0.9708f,0.1735f,0.9659f,-0.1146f,-0.2323f,-0.1855f,0f,0f,0f,1f],start_interpolation: 0,interpolation_duration: 1}
$data merge entity $(ice) {transformation: [0.1036f,0.1569f,-0.9822f,-0.6224f,0.2375f,0.955f,0.1776f,0.3102f,0.9659f,-0.2516f,0.0616f,-0.0456f,0f,0f,0f,1f],start_interpolation: 0,interpolation_duration: 1}
$data merge entity $(righthand1) {transformation: [0.1036f,0.1569f,-0.9822f,-0.588f,0.2375f,0.955f,0.1776f,0.6139f,0.9659f,-0.2516f,0.0616f,0.1349f,0f,0f,0f,1f],start_interpolation: 0,interpolation_duration: 1}
$data merge entity $(rightforearm) {transformation: [0.1036f,0.1569f,-0.9822f,-0.4688f,0.2375f,0.955f,0.1776f,1.2678f,0.9659f,-0.2516f,0.0616f,-0.1033f,0f,0f,0f,1f],start_interpolation: 0,interpolation_duration: 1}
$data merge entity $(rightelbow) {transformation: [0.1036f,0.1569f,-0.9822f,-0.4394f,0.2375f,0.955f,0.1776f,1.4468f,0.9659f,-0.2516f,0.0616f,-0.1505f,0f,0f,0f,1f],start_interpolation: 0,interpolation_duration: 1}
$data merge entity $(rightarm) {transformation: [-0.9287f,0.1995f,-0.3127f,-0.1267f,0.1191f,0.9587f,0.2582f,1.8921f,0.3513f,0.2025f,-0.9141f,-0.0975f,0f,0f,0f,1f],start_interpolation: 0,interpolation_duration: 1}
$data merge entity $(chest1) {transformation: [-0.3645f,0.3377f,-0.9626f,-0.0229f,0.317f,1.0092f,0.234f,1.5478f,0.9697f,-0.2029f,-0.4384f,-0.7812f,0f,0f,0f,1f],start_interpolation: 0,interpolation_duration: 1}
$data merge entity $(chest1lid) {transformation: [-0.3365f,0.3117f,-0.8886f,-0.0031f,0.2926f,0.9315f,0.216f,0.9265f,0.8951f,-0.1873f,-0.4047f,-0.1893f,0f,0f,0f,1f],start_interpolation: 0,interpolation_duration: 1}
$data merge entity $(chest2) {transformation: [-0.3365f,0.3117f,-0.8886f,-0.0518f,0.2926f,0.9315f,0.216f,0.7809f,0.8951f,-0.1873f,-0.4047f,-0.16f,0f,0f,0f,1f],start_interpolation: 0,interpolation_duration: 1}
$data merge entity $(chest1lid3) {transformation: [-0.3365f,0.3117f,-0.8886f,-0.5513f,0.2926f,0.9315f,0.216f,1.0466f,0.8951f,-0.1873f,-0.4047f,-0.5044f,0f,0f,0f,1f],start_interpolation: 0,interpolation_duration: 1}
$data merge entity $(chest3) {transformation: [-0.3365f,0.3117f,-0.8886f,-0.6f,0.2926f,0.9315f,0.216f,0.901f,0.8951f,-0.1873f,-0.4047f,-0.4752f,0f,0f,0f,1f],start_interpolation: 0,interpolation_duration: 1}
$data merge entity $(hugeasssword2) {transformation: [3.4803f,1.7965f,0.0097f,-0.3112f,-0.8459f,1.6199f,3.4642f,3.0463f,1.585f,-3.0803f,1.8275f,-0.003f,0f,0f,0f,1f],start_interpolation: 0,interpolation_duration: 1}
$data merge entity $(belt) {transformation: [-0.3365f,0.3117f,-0.8886f,-0.0199f,0.2926f,0.9315f,0.216f,1.1391f,0.8951f,-0.1873f,-0.4047f,-0.6823f,0f,0f,0f,1f],start_interpolation: 0,interpolation_duration: 1}
$data merge entity $(torn_part) {transformation: [-0.7078f,0.219f,-0.6716f,-0.1612f,-0.0872f,0.9163f,0.3908f,0.876f,0.701f,0.3352f,-0.6295f,-0.5602f,0f,0f,0f,1f],start_interpolation: 0,interpolation_duration: 1}
$data merge entity $(lowerbody) {transformation: [-0.7078f,0.0069f,-0.7064f,0.0039f,-0.0872f,0.9914f,0.0971f,0.3867f,0.701f,0.1304f,-0.7011f,-0.5937f,0f,0f,0f,1f],start_interpolation: 0,interpolation_duration: 1}
data modify entity @s data merge value {"cameras":{},"locators":{"soup":{"px":1.5546189688551915,"py":0.39380419962749125,"pz":-2.0686003894890663,"ry":64.01440925044945,"rx":60.08897020288667},"lefthand":{"px":1.5220439026625026,"py":0.38015674703934466,"pz":-2.087500881503014,"ry":333.8807197748851,"rx":0.24944524083822917},"sword":{"px":3.0218885781287366,"py":-0.34026640804754743,"pz":-0.17934156865485296,"ry":266.4087327915099,"rx":10.232199350391127},"righthand":{"px":-0.5998391503061897,"py":0.31477303543433555,"pz":0.04796403745405782,"ry":266.4087327915099,"rx":10.232199350391127},"chest":{"px":0.10576602243596814,"py":0.8436698181046738,"pz":-0.08635299869638405,"ry":294.48471439490015,"rx":12.472775736657201}}}