# This file was generated by Animated Java via MC-Build. It is not recommended to edit this file directly.
$data merge entity $(nose) {transformation: [0.5431f,0.4549f,-0.7058f,0.4599f,0.0846f,0.8066f,0.585f,2.1234f,0.8354f,-0.3774f,0.3996f,-1.0052f,0f,0f,0f,1f],start_interpolation: 0,interpolation_duration: 1}
$data merge entity $(glowing_eye) {transformation: [0.5431f,0.4549f,-0.7058f,0.5832f,0.0846f,0.8066f,0.585f,2.1682f,0.8354f,-0.3774f,0.3996f,-0.9402f,0f,0f,0f,1f],start_interpolation: 0,interpolation_duration: 1}
$data merge entity $(head) {transformation: [0.5431f,0.4549f,-0.7058f,0.2716f,0.0846f,0.8066f,0.585f,2.1334f,0.8354f,-0.3774f,0.3996f,-0.8837f,0f,0f,0f,1f],start_interpolation: 0,interpolation_duration: 1}
$data merge entity $(leftthumb2) {transformation: [-0.0502f,-0.9318f,0.3594f,1.7722f,-0.8958f,0.2012f,0.3963f,0.5808f,-0.4415f,-0.3021f,-0.8449f,-1.6697f,0f,0f,0f,1f],start_interpolation: 0,interpolation_duration: 1}
$data merge entity $(leftthumb) {transformation: [-0.0502f,-0.9318f,0.3594f,1.5744f,-0.8958f,0.2012f,0.3963f,0.664f,-0.4415f,-0.3021f,-0.8449f,-1.8159f,0f,0f,0f,1f],start_interpolation: 0,interpolation_duration: 1}
$data merge entity $(leftpointerfinger) {transformation: [-0.27f,-0.7536f,-0.5993f,1.8231f,-0.742f,0.5595f,-0.3692f,0.5442f,0.6136f,0.345f,-0.7103f,-2.0296f,0f,0f,0f,1f],start_interpolation: 0,interpolation_duration: 1}
$data merge entity $(leftmidfinger) {transformation: [-0.27f,-0.7536f,-0.5993f,1.7294f,-0.742f,0.5595f,-0.3692f,0.4865f,0.6136f,0.345f,-0.7103f,-2.1405f,0f,0f,0f,1f],start_interpolation: 0,interpolation_duration: 1}
$data merge entity $(leftringfinger) {transformation: [-0.27f,-0.7536f,-0.5993f,1.6358f,-0.742f,0.5595f,-0.3692f,0.4288f,0.6136f,0.345f,-0.7103f,-2.2515f,0f,0f,0f,1f],start_interpolation: 0,interpolation_duration: 1}
$data merge entity $(invisibility) {transformation: [-0.803f,0.5314f,0.27f,1.7087f,0.5252f,0.4166f,0.742f,0.4778f,0.2818f,0.7376f,-0.6136f,-1.8546f,0f,0f,0f,1f],start_interpolation: 0,interpolation_duration: 1}
$data merge entity $(swiftness) {transformation: [-0.5993f,-0.7536f,0.27f,1.6844f,-0.3692f,0.5595f,0.742f,0.2942f,-0.7103f,0.345f,-0.6136f,-2.0025f,0f,0f,0f,1f],start_interpolation: 0,interpolation_duration: 1}
$data merge entity $(suspicious_stew) {transformation: [0f,0f,0f,1.6117f,0f,0f,0f,0.4174f,0f,0f,0f,-2.0052f,0f,0f,0f,1f],start_interpolation: 0,interpolation_duration: 1}
$data merge entity $(log) {transformation: [-0.27f,-0.7536f,-0.5993f,1.4841f,-0.742f,0.5595f,-0.3692f,0.3654f,0.6136f,0.345f,-0.7103f,-1.9366f,0f,0f,0f,1f],start_interpolation: 0,interpolation_duration: 1}
$data merge entity $(planks) {transformation: [-0.27f,-0.7536f,-0.5993f,1.4588f,-0.742f,0.5595f,-0.3692f,0.2959f,0.6136f,0.345f,-0.7103f,-1.879f,0f,0f,0f,1f],start_interpolation: 0,interpolation_duration: 1}
$data merge entity $(lefthand1) {transformation: [-0.27f,-0.7536f,-0.5993f,1.3819f,-0.742f,0.5595f,-0.3692f,0.7024f,0.6136f,0.345f,-0.7103f,-1.9815f,0f,0f,0f,1f],start_interpolation: 0,interpolation_duration: 1}
$data merge entity $(leftforearm) {transformation: [-0.5294f,-0.8466f,0.0549f,0.7527f,-0.7279f,0.4865f,0.4831f,0.9914f,-0.4357f,0.2158f,-0.8738f,-1.8433f,0f,0f,0f,1f],start_interpolation: 0,interpolation_duration: 1}
$data merge entity $(leftelbow) {transformation: [-0.5294f,-0.8466f,0.0549f,0.594f,-0.7279f,0.4865f,0.4831f,1.0826f,-0.4357f,0.2158f,-0.8738f,-1.8029f,0f,0f,0f,1f],start_interpolation: 0,interpolation_duration: 1}
$data merge entity $(leftarm) {transformation: [-0.2207f,-0.375f,-0.9004f,0.3863f,-0.4094f,0.8735f,-0.2634f,1.438f,0.8852f,0.3105f,-0.3463f,-1.4431f,0f,0f,0f,1f],start_interpolation: 0,interpolation_duration: 1}
$data merge entity $(rightthumb2) {transformation: [0.0987f,0.1637f,-0.9816f,-0.3522f,0.2384f,0.9537f,0.1831f,0.2095f,0.9661f,-0.2521f,0.0551f,0.1245f,0f,0f,0f,1f],start_interpolation: 0,interpolation_duration: 1}
$data merge entity $(rightthumb) {transformation: [0.0987f,0.1637f,-0.9816f,-0.396f,0.2384f,0.9537f,0.1831f,0.4591f,0.9661f,-0.2521f,0.0551f,0.0674f,0f,0f,0f,1f],start_interpolation: 0,interpolation_duration: 1}
$data merge entity $(rightpointerfinger) {transformation: [0.0987f,0.1637f,-0.9816f,-0.4849f,0.2384f,0.9537f,0.1831f,0.1808f,0.9661f,-0.2521f,0.0551f,0.2584f,0f,0f,0f,1f],start_interpolation: 0,interpolation_duration: 1}
$data merge entity $(rightmidfinger) {transformation: [0.0987f,0.1637f,-0.9816f,-0.6383f,0.2384f,0.9537f,0.1831f,0.2094f,0.9661f,-0.2521f,0.0551f,0.267f,0f,0f,0f,1f],start_interpolation: 0,interpolation_duration: 1}
$data merge entity $(rightringfinger) {transformation: [0.0987f,0.1637f,-0.9816f,-0.7916f,0.2384f,0.9537f,0.1831f,0.238f,0.9661f,-0.2521f,0.0551f,0.2756f,0f,0f,0f,1f],start_interpolation: 0,interpolation_duration: 1}
$data merge entity $(hugeasssword) {transformation: [0.3868f,0.6412f,-3.8444f,-0.6159f,0.9339f,3.7355f,0.717f,0.3369f,3.784f,-0.9875f,0.216f,-0.0417f,0f,0f,0f,1f],start_interpolation: 0,interpolation_duration: 1}
$data merge entity $(whey) {transformation: [0.0987f,0.9937f,-0.0526f,-0.5102f,0.2384f,0.0277f,0.9708f,0.1808f,0.9661f,-0.1084f,-0.2342f,-0.1919f,0f,0f,0f,1f],start_interpolation: 0,interpolation_duration: 1}
$data merge entity $(ice) {transformation: [0.0987f,0.1637f,-0.9816f,-0.62f,0.2384f,0.9537f,0.1831f,0.3183f,0.9661f,-0.2521f,0.0551f,-0.0529f,0f,0f,0f,1f],start_interpolation: 0,interpolation_duration: 1}
$data merge entity $(righthand1) {transformation: [0.0987f,0.1637f,-0.9816f,-0.585f,0.2384f,0.9537f,0.1831f,0.622f,0.9661f,-0.2521f,0.0551f,0.1273f,0f,0f,0f,1f],start_interpolation: 0,interpolation_duration: 1}
$data merge entity $(rightforearm) {transformation: [0.0987f,0.1637f,-0.9816f,-0.4608f,0.2384f,0.9537f,0.1831f,1.2749f,0.9661f,-0.2521f,0.0551f,-0.1112f,0f,0f,0f,1f],start_interpolation: 0,interpolation_duration: 1}
$data merge entity $(rightelbow) {transformation: [0.0987f,0.1637f,-0.9816f,-0.4301f,0.2384f,0.9537f,0.1831f,1.4537f,0.9661f,-0.2521f,0.0551f,-0.1585f,0f,0f,0f,1f],start_interpolation: 0,interpolation_duration: 1}
$data merge entity $(rightarm) {transformation: [-0.93f,0.2033f,-0.3061f,-0.1154f,0.126f,0.9589f,0.2542f,1.8977f,0.3452f,0.1979f,-0.9174f,-0.1064f,0f,0f,0f,1f],start_interpolation: 0,interpolation_duration: 1}
$data merge entity $(chest1) {transformation: [-0.3624f,0.352f,-0.9583f,-0.0148f,0.332f,1.0023f,0.2426f,1.5449f,0.9655f,-0.2125f,-0.4431f,-0.7863f,0f,0f,0f,1f],start_interpolation: 0,interpolation_duration: 1}
$data merge entity $(chest1lid) {transformation: [-0.3345f,0.3249f,-0.8846f,-0.0049f,0.3064f,0.9252f,0.2239f,0.9296f,0.8912f,-0.1962f,-0.409f,-0.1878f,0f,0f,0f,1f],start_interpolation: 0,interpolation_duration: 1}
$data merge entity $(chest2) {transformation: [-0.3345f,0.3249f,-0.8846f,-0.0556f,0.3064f,0.9252f,0.2239f,0.785f,0.8912f,-0.1962f,-0.409f,-0.1572f,0f,0f,0f,1f],start_interpolation: 0,interpolation_duration: 1}
$data merge entity $(chest1lid3) {transformation: [-0.3345f,0.3249f,-0.8846f,-0.5507f,0.3064f,0.9252f,0.2239f,1.0539f,0.8912f,-0.1962f,-0.409f,-0.5056f,0f,0f,0f,1f],start_interpolation: 0,interpolation_duration: 1}
$data merge entity $(chest3) {transformation: [-0.3345f,0.3249f,-0.8846f,-0.6014f,0.3064f,0.9252f,0.2239f,0.9093f,0.8912f,-0.1962f,-0.409f,-0.4749f,0f,0f,0f,1f],start_interpolation: 0,interpolation_duration: 1}
$data merge entity $(hugeasssword2) {transformation: [3.4647f,1.8257f,0.0532f,-0.2842f,-0.8771f,1.5632f,3.4824f,3.0552f,1.602f,-3.0925f,1.7917f,-0.0242f,0f,0f,0f,1f],start_interpolation: 0,interpolation_duration: 1}
$data merge entity $(belt) {transformation: [-0.3345f,0.3249f,-0.8846f,-0.0177f,0.3064f,0.9252f,0.2239f,1.1372f,0.8912f,-0.1962f,-0.409f,-0.6831f,0f,0f,0f,1f],start_interpolation: 0,interpolation_duration: 1}
$data merge entity $(torn_part) {transformation: [-0.71f,0.2188f,-0.6693f,-0.1609f,-0.0872f,0.9159f,0.3918f,0.8761f,0.6988f,0.3365f,-0.6313f,-0.5604f,0f,0f,0f,1f],start_interpolation: 0,interpolation_duration: 1}
$data merge entity $(lowerbody) {transformation: [-0.71f,0.0074f,-0.7041f,0.0039f,-0.0872f,0.9913f,0.0982f,0.3867f,0.6988f,0.1311f,-0.7032f,-0.5937f,0f,0f,0f,1f],start_interpolation: 0,interpolation_duration: 1}
data modify entity @s data merge value {"cameras":{},"locators":{"soup":{"px":1.611656556445996,"py":0.41742867074000406,"pz":-2.005236867198049,"ry":21.782965149357295,"rx":49.56904938183},"lefthand":{"px":1.5776397143938814,"py":0.39705808728728126,"pz":-2.0099436656137,"ry":319.84254435787955,"rx":-21.668150371858008},"sword":{"px":3.0215226826630355,"py":-0.3521801208064071,"pz":-0.162570784239505,"ry":266.7844800844503,"rx":10.548323447579778},"righthand":{"px":-0.5979542729324134,"py":0.32287111155605824,"pz":0.04077289429368203,"ry":266.7844800844503,"rx":10.548323447579778},"chest":{"px":0.10260278408509463,"py":0.8463377726981668,"pz":-0.08382944572858043,"ry":294.814873085826,"rx":12.940890659484385}}}