# This file was generated by Animated Java via MC-Build. It is not recommended to edit this file directly.
$data merge entity $(nose) {transformation: [0.5353f,0.4666f,-0.7041f,0.4643f,0.0861f,0.7991f,0.5951f,2.1192f,0.8403f,-0.3792f,0.3876f,-1.0051f,0f,0f,0f,1f],start_interpolation: 0,interpolation_duration: 1}
$data merge entity $(glowing_eye) {transformation: [0.5353f,0.4666f,-0.7041f,0.5873f,0.0861f,0.7991f,0.5951f,2.1633f,0.8403f,-0.3792f,0.3876f,-0.9392f,0f,0f,0f,1f],start_interpolation: 0,interpolation_duration: 1}
$data merge entity $(head) {transformation: [0.5353f,0.4666f,-0.7041f,0.2748f,0.0861f,0.7991f,0.5951f,2.1319f,0.8403f,-0.3792f,0.3876f,-0.8857f,0f,0f,0f,1f],start_interpolation: 0,interpolation_duration: 1}
$data merge entity $(leftthumb2) {transformation: [-0.0268f,-0.9474f,0.3189f,1.7927f,-0.9313f,0.1395f,0.3364f,0.629f,-0.3632f,-0.288f,-0.8861f,-1.6741f,0f,0f,0f,1f],start_interpolation: 0,interpolation_duration: 1}
$data merge entity $(leftthumb) {transformation: [-0.0268f,-0.9474f,0.3189f,1.5876f,-0.9313f,0.1395f,0.3364f,0.692f,-0.3632f,-0.288f,-0.8861f,-1.8204f,0f,0f,0f,1f],start_interpolation: 0,interpolation_duration: 1}
$data merge entity $(leftpointerfinger) {transformation: [-0.2097f,-0.7663f,-0.6073f,1.8335f,-0.684f,0.5588f,-0.4689f,0.5614f,0.6986f,0.3171f,-0.6414f,-2.031f,0f,0f,0f,1f],start_interpolation: 0,interpolation_duration: 1}
$data merge entity $(leftmidfinger) {transformation: [-0.2097f,-0.7663f,-0.6073f,1.7386f,-0.684f,0.5588f,-0.4689f,0.4882f,0.6986f,0.3171f,-0.6414f,-2.1312f,0f,0f,0f,1f],start_interpolation: 0,interpolation_duration: 1}
$data merge entity $(leftringfinger) {transformation: [-0.2097f,-0.7663f,-0.6073f,1.6437f,-0.684f,0.5588f,-0.4689f,0.4149f,0.6986f,0.3171f,-0.6414f,-2.2314f,0f,0f,0f,1f],start_interpolation: 0,interpolation_duration: 1}
$data merge entity $(invisibility) {transformation: [-0.8163f,0.5382f,0.2097f,1.7293f,0.5158f,0.5158f,0.684f,0.509f,0.26f,0.6666f,-0.6986f,-1.8452f,0f,0f,0f,1f],start_interpolation: 0,interpolation_duration: 1}
$data merge entity $(swiftness) {transformation: [-0.6073f,-0.7663f,0.2097f,1.7083f,-0.4689f,0.5588f,0.684f,0.3097f,-0.6414f,0.3171f,-0.6986f,-1.9721f,0f,0f,0f,1f],start_interpolation: 0,interpolation_duration: 1}
$data merge entity $(suspicious_stew) {transformation: [0f,0f,0f,1.6301f,0f,0f,0f,0.4278f,0f,0f,0f,-1.9844f,0f,0f,0f,1f],start_interpolation: 0,interpolation_duration: 1}
$data merge entity $(log) {transformation: [-0.2097f,-0.7663f,-0.6073f,1.5075f,-0.684f,0.5588f,-0.4689f,0.3786f,0.6986f,0.3171f,-0.6414f,-1.9053f,0f,0f,0f,1f],start_interpolation: 0,interpolation_duration: 1}
$data merge entity $(planks) {transformation: [-0.2097f,-0.7663f,-0.6073f,1.4878f,-0.684f,0.5588f,-0.4689f,0.3145f,0.6986f,0.3171f,-0.6414f,-1.8398f,0f,0f,0f,1f],start_interpolation: 0,interpolation_duration: 1}
$data merge entity $(lefthand1) {transformation: [-0.2097f,-0.7663f,-0.6073f,1.3873f,-0.684f,0.5588f,-0.4689f,0.704f,0.6986f,0.3171f,-0.6414f,-1.9806f,0f,0f,0f,1f],start_interpolation: 0,interpolation_duration: 1}
$data merge entity $(leftforearm) {transformation: [-0.5247f,-0.8498f,0.0515f,0.7562f,-0.7315f,0.481f,0.4832f,0.9889f,-0.4354f,0.2158f,-0.874f,-1.8424f,0f,0f,0f,1f],start_interpolation: 0,interpolation_duration: 1}
$data merge entity $(leftelbow) {transformation: [-0.5247f,-0.8498f,0.0515f,0.5969f,-0.7315f,0.481f,0.4832f,1.0791f,-0.4354f,0.2158f,-0.874f,-1.802f,0f,0f,0f,1f],start_interpolation: 0,interpolation_duration: 1}
$data merge entity $(leftarm) {transformation: [-0.2221f,-0.3769f,-0.8992f,0.3879f,-0.4072f,0.8738f,-0.2657f,1.4352f,0.8859f,0.3071f,-0.3476f,-1.4438f,0f,0f,0f,1f],start_interpolation: 0,interpolation_duration: 1}
$data merge entity $(rightthumb2) {transformation: [0.0982f,0.1658f,-0.9813f,-0.3533f,0.2378f,0.9536f,0.1849f,0.2108f,0.9663f,-0.2515f,0.0542f,0.1223f,0f,0f,0f,1f],start_interpolation: 0,interpolation_duration: 1}
$data merge entity $(rightthumb) {transformation: [0.0982f,0.1658f,-0.9813f,-0.3965f,0.2378f,0.9536f,0.1849f,0.4604f,0.9663f,-0.2515f,0.0542f,0.0652f,0f,0f,0f,1f],start_interpolation: 0,interpolation_duration: 1}
$data merge entity $(rightpointerfinger) {transformation: [0.0982f,0.1658f,-0.9813f,-0.4862f,0.2378f,0.9536f,0.1849f,0.1822f,0.9663f,-0.2515f,0.0542f,0.256f,0f,0f,0f,1f],start_interpolation: 0,interpolation_duration: 1}
$data merge entity $(rightmidfinger) {transformation: [0.0982f,0.1658f,-0.9813f,-0.6395f,0.2378f,0.9536f,0.1849f,0.2111f,0.9663f,-0.2515f,0.0542f,0.2644f,0f,0f,0f,1f],start_interpolation: 0,interpolation_duration: 1}
$data merge entity $(rightringfinger) {transformation: [0.0982f,0.1658f,-0.9813f,-0.7928f,0.2378f,0.9536f,0.1849f,0.24f,0.9663f,-0.2515f,0.0542f,0.2729f,0f,0f,0f,1f],start_interpolation: 0,interpolation_duration: 1}
$data merge entity $(hugeasssword) {transformation: [0.3845f,0.6492f,-3.8433f,-0.6166f,0.9312f,3.7348f,0.7241f,0.3387f,3.7849f,-0.9849f,0.2123f,-0.0442f,0f,0f,0f,1f],start_interpolation: 0,interpolation_duration: 1}
$data merge entity $(whey) {transformation: [0.0982f,0.9939f,-0.0506f,-0.511f,0.2378f,0.0259f,0.971f,0.1825f,0.9663f,-0.1074f,-0.2338f,-0.1943f,0f,0f,0f,1f],start_interpolation: 0,interpolation_duration: 1}
$data merge entity $(ice) {transformation: [0.0982f,0.1658f,-0.9813f,-0.6207f,0.2378f,0.9536f,0.1849f,0.3201f,0.9663f,-0.2515f,0.0542f,-0.0553f,0f,0f,0f,1f],start_interpolation: 0,interpolation_duration: 1}
$data merge entity $(righthand1) {transformation: [0.0982f,0.1658f,-0.9813f,-0.5854f,0.2378f,0.9536f,0.1849f,0.6237f,0.9663f,-0.2515f,0.0542f,0.1251f,0f,0f,0f,1f],start_interpolation: 0,interpolation_duration: 1}
$data merge entity $(rightforearm) {transformation: [0.0982f,0.1658f,-0.9813f,-0.4596f,0.2378f,0.9536f,0.1849f,1.2765f,0.9663f,-0.2515f,0.0542f,-0.113f,0f,0f,0f,1f],start_interpolation: 0,interpolation_duration: 1}
$data merge entity $(rightelbow) {transformation: [0.0982f,0.1658f,-0.9813f,-0.4286f,0.2378f,0.9536f,0.1849f,1.4552f,0.9663f,-0.2515f,0.0542f,-0.1601f,0f,0f,0f,1f],start_interpolation: 0,interpolation_duration: 1}
$data merge entity $(rightarm) {transformation: [-0.9301f,0.2049f,-0.3048f,-0.1131f,0.1279f,0.9587f,0.2542f,1.8987f,0.3443f,0.1974f,-0.9179f,-0.108f,0f,0f,0f,1f],start_interpolation: 0,interpolation_duration: 1}
$data merge entity $(chest1) {transformation: [-0.3619f,0.3547f,-0.9575f,-0.0131f,0.3347f,1.001f,0.2443f,1.5444f,0.9647f,-0.2142f,-0.444f,-0.7872f,0f,0f,0f,1f],start_interpolation: 0,interpolation_duration: 1}
$data merge entity $(chest1lid) {transformation: [-0.3341f,0.3274f,-0.8839f,-0.0051f,0.309f,0.924f,0.2255f,0.9301f,0.8905f,-0.1978f,-0.4098f,-0.1877f,0f,0f,0f,1f],start_interpolation: 0,interpolation_duration: 1}
$data merge entity $(chest2) {transformation: [-0.3341f,0.3274f,-0.8839f,-0.0562f,0.309f,0.924f,0.2255f,0.7858f,0.8905f,-0.1978f,-0.4098f,-0.1568f,0f,0f,0f,1f],start_interpolation: 0,interpolation_duration: 1}
$data merge entity $(chest1lid3) {transformation: [-0.3341f,0.3274f,-0.8839f,-0.5504f,0.309f,0.924f,0.2255f,1.0553f,0.8905f,-0.1978f,-0.4098f,-0.5059f,0f,0f,0f,1f],start_interpolation: 0,interpolation_duration: 1}
$data merge entity $(chest3) {transformation: [-0.3341f,0.3274f,-0.8839f,-0.6016f,0.309f,0.924f,0.2255f,0.9109f,0.8905f,-0.1978f,-0.4098f,-0.475f,0f,0f,0f,1f],start_interpolation: 0,interpolation_duration: 1}
$data merge entity $(hugeasssword2) {transformation: [3.4618f,1.831f,0.0615f,-0.279f,-0.8831f,1.5526f,3.4856f,3.0568f,1.6051f,-3.0947f,1.7852f,-0.0282f,0f,0f,0f,1f],start_interpolation: 0,interpolation_duration: 1}
$data merge entity $(belt) {transformation: [-0.3341f,0.3274f,-0.8839f,-0.0172f,0.309f,0.924f,0.2255f,1.1369f,0.8905f,-0.1978f,-0.4098f,-0.6833f,0f,0f,0f,1f],start_interpolation: 0,interpolation_duration: 1}
$data merge entity $(torn_part) {transformation: [-0.7109f,0.2185f,-0.6685f,-0.1608f,-0.0871f,0.9158f,0.3921f,0.8761f,0.6979f,0.3369f,-0.632f,-0.5605f,0f,0f,0f,1f],start_interpolation: 0,interpolation_duration: 1}
$data merge entity $(lowerbody) {transformation: [-0.7109f,0.0074f,-0.7033f,0.0039f,-0.0871f,0.9913f,0.0985f,0.3867f,0.6979f,0.1313f,-0.7041f,-0.5937f,0f,0f,0f,1f],start_interpolation: 0,interpolation_duration: 1}
data modify entity @s data merge value {"cameras":{},"locators":{"soup":{"px":1.630146656627089,"py":0.4278050119473259,"pz":-1.984358769625372,"ry":14.70714330205152,"rx":44.62774696852056},"lefthand":{"px":1.5964689827493541,"py":0.40639550817082426,"pz":-1.9855450891089388,"ry":316.5626303090753,"rx":-27.960565389255667},"sword":{"px":3.0196623302286563,"py":-0.35707806576373835,"pz":-0.16158453511093518,"ry":266.8377052834525,"rx":10.653354513744599},"righthand":{"px":-0.5987603019678092,"py":0.32461749169163373,"pz":0.03832812520351814,"ry":266.8377052834525,"rx":10.653354513744599},"chest":{"px":0.10211062859194989,"py":0.8468184902395766,"pz":-0.08345183523439215,"ry":294.8750181320694,"rx":13.031262931554748}}}