# This file was generated by Animated Java via MC-Build. It is not recommended to edit this file directly.
$data merge entity $(nose) {transformation: [0.5133f,0.5154f,-0.6862f,0.4836f,0.092f,0.7619f,0.6411f,2.0967f,0.8533f,-0.3922f,0.3437f,-1.0156f,0f,0f,0f,1f],start_interpolation: 0,interpolation_duration: 1}
$data merge entity $(glowing_eye) {transformation: [0.5133f,0.5154f,-0.6862f,0.6066f,0.092f,0.7619f,0.6411f,2.1374f,0.8533f,-0.3922f,0.3437f,-0.9475f,0f,0f,0f,1f],start_interpolation: 0,interpolation_duration: 1}
$data merge entity $(head) {transformation: [0.5133f,0.5154f,-0.6862f,0.2915f,0.092f,0.7619f,0.6411f,2.1226f,0.8533f,-0.3922f,0.3437f,-0.9028f,0f,0f,0f,1f],start_interpolation: 0,interpolation_duration: 1}
$data merge entity $(leftthumb2) {transformation: [0.1306f,-0.981f,0.1437f,1.8513f,-0.9909f,-0.1246f,0.05f,0.814f,-0.0311f,-0.1489f,-0.9884f,-1.7665f,0f,0f,0f,1f],start_interpolation: 0,interpolation_duration: 1}
$data merge entity $(leftthumb) {transformation: [0.1306f,-0.981f,0.1437f,1.623f,-0.9909f,-0.1246f,0.05f,0.7877f,-0.0311f,-0.1489f,-0.9884f,-1.8875f,0f,0f,0f,1f],start_interpolation: 0,interpolation_duration: 1}
$data merge entity $(leftpointerfinger) {transformation: [0.0701f,-0.8406f,-0.5371f,1.866f,-0.3236f,0.4902f,-0.8093f,0.6243f,0.9436f,0.2305f,-0.2377f,-2.0775f,0f,0f,0f,1f],start_interpolation: 0,interpolation_duration: 1}
$data merge entity $(leftmidfinger) {transformation: [0.0701f,-0.8406f,-0.5371f,1.782f,-0.3236f,0.4902f,-0.8093f,0.4978f,0.9436f,0.2305f,-0.2377f,-2.1146f,0f,0f,0f,1f],start_interpolation: 0,interpolation_duration: 1}
$data merge entity $(leftringfinger) {transformation: [0.0701f,-0.8406f,-0.5371f,1.6981f,-0.3236f,0.4902f,-0.8093f,0.3714f,0.9436f,0.2305f,-0.2377f,-2.1518f,0f,0f,0f,1f],start_interpolation: 0,interpolation_duration: 1}
$data merge entity $(invisibility) {transformation: [-0.8842f,0.4618f,-0.0701f,1.804f,0.4178f,0.849f,0.3236f,0.6425f,0.209f,0.2568f,-0.9436f,-1.8679f,0f,0f,0f,1f],start_interpolation: 0,interpolation_duration: 1}
$data merge entity $(swiftness) {transformation: [-0.5371f,-0.8406f,-0.0701f,1.8207f,-0.8093f,0.4902f,0.3236f,0.4075f,-0.2377f,0.2305f,-0.9436f,-1.8946f,0f,0f,0f,1f],start_interpolation: 0,interpolation_duration: 1}
$data merge entity $(suspicious_stew) {transformation: [0f,0f,0f,1.7186f,0f,0f,0f,0.4866f,0f,0f,0f,-1.9331f,0f,0f,0f,1f],start_interpolation: 0,interpolation_duration: 1}
$data merge entity $(log) {transformation: [0.0701f,-0.8406f,-0.5371f,1.619f,-0.3236f,0.4902f,-0.8093f,0.4608f,0.9436f,0.2305f,-0.2377f,-1.8172f,0f,0f,0f,1f],start_interpolation: 0,interpolation_duration: 1}
$data merge entity $(planks) {transformation: [0.0701f,-0.8406f,-0.5371f,1.6255f,-0.3236f,0.4902f,-0.8093f,0.4304f,0.9436f,0.2305f,-0.2377f,-1.7287f,0f,0f,0f,1f],start_interpolation: 0,interpolation_duration: 1}
$data merge entity $(lefthand1) {transformation: [0.0701f,-0.8406f,-0.5371f,1.4081f,-0.3236f,0.4902f,-0.8093f,0.6895f,0.9436f,0.2305f,-0.2377f,-1.988f,0f,0f,0f,1f],start_interpolation: 0,interpolation_duration: 1}
$data merge entity $(leftforearm) {transformation: [-0.5276f,-0.8487f,0.0358f,0.7778f,-0.7359f,0.4777f,0.4799f,0.9719f,-0.4243f,0.2269f,-0.8766f,-1.8413f,0f,0f,0f,1f],start_interpolation: 0,interpolation_duration: 1}
$data merge entity $(leftelbow) {transformation: [-0.5276f,-0.8487f,0.0358f,0.6187f,-0.7359f,0.4777f,0.4799f,1.0615f,-0.4243f,0.2269f,-0.8766f,-1.7988f,0f,0f,0f,1f],start_interpolation: 0,interpolation_duration: 1}
$data merge entity $(leftarm) {transformation: [-0.2213f,-0.4173f,-0.8814f,0.3891f,-0.3933f,0.8652f,-0.3109f,1.4178f,0.8924f,0.2778f,-0.3556f,-1.4535f,0f,0f,0f,1f],start_interpolation: 0,interpolation_duration: 1}
$data merge entity $(rightthumb2) {transformation: [0.1091f,0.181f,-0.9774f,-0.3623f,0.2379f,0.9499f,0.2025f,0.2214f,0.9651f,-0.2547f,0.0606f,0.1184f,0f,0f,0f,1f],start_interpolation: 0,interpolation_duration: 1}
$data merge entity $(rightthumb) {transformation: [0.1091f,0.181f,-0.9774f,-0.4015f,0.2379f,0.9499f,0.2025f,0.4717f,0.9651f,-0.2547f,0.0606f,0.0611f,0f,0f,0f,1f],start_interpolation: 0,interpolation_duration: 1}
$data merge entity $(rightpointerfinger) {transformation: [0.1091f,0.181f,-0.9774f,-0.4948f,0.2379f,0.9499f,0.2025f,0.1955f,0.9651f,-0.2547f,0.0606f,0.2531f,0f,0f,0f,1f],start_interpolation: 0,interpolation_duration: 1}
$data merge entity $(rightmidfinger) {transformation: [0.1091f,0.181f,-0.9774f,-0.6475f,0.2379f,0.9499f,0.2025f,0.2272f,0.9651f,-0.2547f,0.0606f,0.2625f,0f,0f,0f,1f],start_interpolation: 0,interpolation_duration: 1}
$data merge entity $(rightringfinger) {transformation: [0.1091f,0.181f,-0.9774f,-0.8002f,0.2379f,0.9499f,0.2025f,0.2588f,0.9651f,-0.2547f,0.0606f,0.272f,0f,0f,0f,1f],start_interpolation: 0,interpolation_duration: 1}
$data merge entity $(hugeasssword) {transformation: [0.4274f,0.7091f,-3.8282f,-0.6244f,0.932f,3.7206f,0.7932f,0.3538f,3.7801f,-0.9974f,0.2373f,-0.0465f,0f,0f,0f,1f],start_interpolation: 0,interpolation_duration: 1}
$data merge entity $(whey) {transformation: [0.1091f,0.9934f,-0.0348f,-0.5227f,0.2379f,0.0079f,0.9712f,0.1953f,0.9651f,-0.1143f,-0.2355f,-0.197f,0f,0f,0f,1f],start_interpolation: 0,interpolation_duration: 1}
$data merge entity $(ice) {transformation: [0.1091f,0.181f,-0.9774f,-0.6289f,0.2379f,0.9499f,0.2025f,0.3352f,0.9651f,-0.2547f,0.0606f,-0.0576f,0f,0f,0f,1f],start_interpolation: 0,interpolation_duration: 1}
$data merge entity $(righthand1) {transformation: [0.1091f,0.181f,-0.9774f,-0.5869f,0.2379f,0.9499f,0.2025f,0.6385f,0.9651f,-0.2547f,0.0606f,0.1219f,0f,0f,0f,1f],start_interpolation: 0,interpolation_duration: 1}
$data merge entity $(rightforearm) {transformation: [0.1091f,0.181f,-0.9774f,-0.4512f,0.2379f,0.9499f,0.2025f,1.2884f,0.9651f,-0.2547f,0.0606f,-0.1184f,0f,0f,0f,1f],start_interpolation: 0,interpolation_duration: 1}
$data merge entity $(rightelbow) {transformation: [0.1091f,0.181f,-0.9774f,-0.4173f,0.2379f,0.9499f,0.2025f,1.4665f,0.9651f,-0.2547f,0.0606f,-0.1662f,0f,0f,0f,1f],start_interpolation: 0,interpolation_duration: 1}
$data merge entity $(rightarm) {transformation: [-0.9252f,0.2232f,-0.307f,-0.0937f,0.1466f,0.9562f,0.2534f,1.9046f,0.3501f,0.1894f,-0.9174f,-0.1194f,0f,0f,0f,1f],start_interpolation: 0,interpolation_duration: 1}
$data merge entity $(chest1) {transformation: [-0.3487f,0.3686f,-0.9571f,-0.0048f,0.3516f,0.9927f,0.2542f,1.5409f,0.9635f,-0.2288f,-0.4392f,-0.7952f,0f,0f,0f,1f],start_interpolation: 0,interpolation_duration: 1}
$data merge entity $(chest1lid) {transformation: [-0.3219f,0.3403f,-0.8835f,-0.0015f,0.3246f,0.9163f,0.2346f,0.9336f,0.8894f,-0.2112f,-0.4054f,-0.1885f,0f,0f,0f,1f],start_interpolation: 0,interpolation_duration: 1}
$data merge entity $(chest2) {transformation: [-0.3219f,0.3403f,-0.8835f,-0.0547f,0.3246f,0.9163f,0.2346f,0.7905f,0.8894f,-0.2112f,-0.4054f,-0.1555f,0f,0f,0f,1f],start_interpolation: 0,interpolation_duration: 1}
$data merge entity $(chest1lid3) {transformation: [-0.3219f,0.3403f,-0.8835f,-0.5474f,0.3246f,0.9163f,0.2346f,1.0637f,0.8894f,-0.2112f,-0.4054f,-0.5038f,0f,0f,0f,1f],start_interpolation: 0,interpolation_duration: 1}
$data merge entity $(chest3) {transformation: [-0.3219f,0.3403f,-0.8835f,-0.6006f,0.3246f,0.9163f,0.2346f,0.9205f,0.8894f,-0.2112f,-0.4054f,-0.4708f,0f,0f,0f,1f],start_interpolation: 0,interpolation_duration: 1}
$data merge entity $(hugeasssword2) {transformation: [3.4605f,1.8299f,0.1308f,-0.2407f,-0.919f,1.4874f,3.5048f,3.0661f,1.5877f,-3.1272f,1.7435f,-0.0518f,0f,0f,0f,1f],start_interpolation: 0,interpolation_duration: 1}
$data merge entity $(belt) {transformation: [-0.3219f,0.3403f,-0.8835f,-0.0144f,0.3246f,0.9163f,0.2346f,1.1348f,0.8894f,-0.2112f,-0.4054f,-0.6864f,0f,0f,0f,1f],start_interpolation: 0,interpolation_duration: 1}
$data merge entity $(torn_part) {transformation: [-0.717f,0.2166f,-0.6626f,-0.1605f,-0.0869f,0.9153f,0.3933f,0.8763f,0.6916f,0.3395f,-0.6375f,-0.5615f,0f,0f,0f,1f],start_interpolation: 0,interpolation_duration: 1}
$data merge entity $(lowerbody) {transformation: [-0.717f,0.0073f,-0.697f,0.0039f,-0.0869f,0.9912f,0.0998f,0.3867f,0.6916f,0.1321f,-0.7101f,-0.5937f,0f,0f,0f,1f],start_interpolation: 0,interpolation_duration: 1}
data modify entity @s data merge value {"cameras":{},"locators":{"soup":{"px":1.7186240073095784,"py":0.48660534765881597,"pz":-1.933055102209088,"ry":354.1728313466492,"rx":19.64384388392044},"lefthand":{"px":1.6864682820879946,"py":0.46547364554910486,"pz":-1.9199149655900052,"ry":293.86677251014714,"rx":-54.0304028015915},"sword":{"px":2.997907859308149,"py":-0.4072624213332762,"pz":-0.1874802254080143,"ry":266.4535614522796,"rx":11.683918414964316},"righthand":{"px":-0.6062707170590578,"py":0.33950221014806176,"pz":0.03589306042581729,"ry":266.4535614522796,"rx":11.683918414964316},"chest":{"px":0.10518505588938179,"py":0.8498502102138052,"pz":-0.08415993229881585,"ry":294.6467763336498,"rx":13.570774652826328}}}