# This file was generated by Animated Java via MC-Build. It is not recommended to edit this file directly.
$data merge entity $(nose) {transformation: [0.5112f,0.5228f,-0.6822f,0.4867f,0.0925f,0.7557f,0.6484f,2.0929f,0.8545f,-0.3946f,0.3379f,-1.018f,0f,0f,0f,1f],start_interpolation: 0,interpolation_duration: 1}
$data merge entity $(glowing_eye) {transformation: [0.5112f,0.5228f,-0.6822f,0.6098f,0.0925f,0.7557f,0.6484f,2.133f,0.8545f,-0.3946f,0.3379f,-0.9497f,0f,0f,0f,1f],start_interpolation: 0,interpolation_duration: 1}
$data merge entity $(head) {transformation: [0.5112f,0.5228f,-0.6822f,0.2944f,0.0925f,0.7557f,0.6484f,2.121f,0.8545f,-0.3946f,0.3379f,-0.906f,0f,0f,0f,1f],start_interpolation: 0,interpolation_duration: 1}
$data merge entity $(leftthumb2) {transformation: [0.1463f,-0.9814f,0.1243f,1.8548f,-0.9892f,-0.1452f,0.0183f,0.8275f,0.0001f,-0.1256f,-0.9921f,-1.7838f,0f,0f,0f,1f],start_interpolation: 0,interpolation_duration: 1}
$data merge entity $(leftthumb) {transformation: [0.1463f,-0.9814f,0.1243f,1.6247f,-0.9892f,-0.1452f,0.0183f,0.7935f,0.0001f,-0.1256f,-0.9921f,-1.8994f,0f,0f,0f,1f],start_interpolation: 0,interpolation_duration: 1}
$data merge entity $(leftpointerfinger) {transformation: [0.1033f,-0.8474f,-0.5209f,1.8671f,-0.2714f,0.4798f,-0.8344f,0.6266f,0.9569f,0.2276f,-0.1804f,-2.0872f,0f,0f,0f,1f],start_interpolation: 0,interpolation_duration: 1}
$data merge entity $(leftmidfinger) {transformation: [0.1033f,-0.8474f,-0.5209f,1.7857f,-0.2714f,0.4798f,-0.8344f,0.4962f,0.9569f,0.2276f,-0.1804f,-2.1154f,0f,0f,0f,1f],start_interpolation: 0,interpolation_duration: 1}
$data merge entity $(leftringfinger) {transformation: [0.1033f,-0.8474f,-0.5209f,1.7043f,-0.2714f,0.4798f,-0.8344f,0.3659f,0.9569f,0.2276f,-0.1804f,-2.1436f,0f,0f,0f,1f],start_interpolation: 0,interpolation_duration: 1}
$data merge entity $(invisibility) {transformation: [-0.8895f,0.445f,-0.1033f,1.81f,0.4052f,0.873f,0.2714f,0.6543f,0.211f,0.1996f,-0.9569f,-1.8772f,0f,0f,0f,1f],start_interpolation: 0,interpolation_duration: 1}
$data merge entity $(swiftness) {transformation: [-0.5209f,-0.8474f,-0.1033f,1.8325f,-0.8344f,0.4798f,0.2714f,0.4187f,-0.1804f,0.2276f,-0.9569f,-1.8921f,0f,0f,0f,1f],start_interpolation: 0,interpolation_duration: 1}
$data merge entity $(suspicious_stew) {transformation: [0f,0f,0f,1.7288f,0f,0f,0f,0.4919f,0f,0f,0f,-1.9312f,0f,0f,0f,1f],start_interpolation: 0,interpolation_duration: 1}
$data merge entity $(log) {transformation: [0.1033f,-0.8474f,-0.5209f,1.6314f,-0.2714f,0.4798f,-0.8344f,0.4707f,0.9569f,0.2276f,-0.1804f,-1.812f,0f,0f,0f,1f],start_interpolation: 0,interpolation_duration: 1}
$data merge entity $(planks) {transformation: [0.1033f,-0.8474f,-0.5209f,1.6411f,-0.2714f,0.4798f,-0.8344f,0.4453f,0.9569f,0.2276f,-0.1804f,-1.7223f,0f,0f,0f,1f],start_interpolation: 0,interpolation_duration: 1}
$data merge entity $(lefthand1) {transformation: [0.1033f,-0.8474f,-0.5209f,1.41f,-0.2714f,0.4798f,-0.8344f,0.6846f,0.9569f,0.2276f,-0.1804f,-1.9887f,0f,0f,0f,1f],start_interpolation: 0,interpolation_duration: 1}
$data merge entity $(leftforearm) {transformation: [-0.5298f,-0.8474f,0.035f,0.7806f,-0.7357f,0.4798f,0.4781f,0.9685f,-0.422f,0.2276f,-0.8776f,-1.8414f,0f,0f,0f,1f],start_interpolation: 0,interpolation_duration: 1}
$data merge entity $(leftelbow) {transformation: [-0.5298f,-0.8474f,0.035f,0.6217f,-0.7357f,0.4798f,0.4781f,1.0585f,-0.422f,0.2276f,-0.8776f,-1.7987f,0f,0f,0f,1f],start_interpolation: 0,interpolation_duration: 1}
$data merge entity $(leftarm) {transformation: [-0.2208f,-0.4236f,-0.8785f,0.3891f,-0.3909f,0.8637f,-0.3182f,1.4147f,0.8936f,0.2732f,-0.3563f,-1.4555f,0f,0f,0f,1f],start_interpolation: 0,interpolation_duration: 1}
$data merge entity $(rightthumb2) {transformation: [0.1119f,0.1842f,-0.9765f,-0.3647f,0.2385f,0.949f,0.2064f,0.2237f,0.9647f,-0.256f,0.0623f,0.1187f,0f,0f,0f,1f],start_interpolation: 0,interpolation_duration: 1}
$data merge entity $(rightthumb) {transformation: [0.1119f,0.1842f,-0.9765f,-0.403f,0.2385f,0.949f,0.2064f,0.474f,0.9647f,-0.256f,0.0623f,0.0612f,0f,0f,0f,1f],start_interpolation: 0,interpolation_duration: 1}
$data merge entity $(rightpointerfinger) {transformation: [0.1119f,0.1842f,-0.9765f,-0.4969f,0.2385f,0.949f,0.2064f,0.1984f,0.9647f,-0.256f,0.0623f,0.2537f,0f,0f,0f,1f],start_interpolation: 0,interpolation_duration: 1}
$data merge entity $(rightmidfinger) {transformation: [0.1119f,0.1842f,-0.9765f,-0.6495f,0.2385f,0.949f,0.2064f,0.2307f,0.9647f,-0.256f,0.0623f,0.2634f,0f,0f,0f,1f],start_interpolation: 0,interpolation_duration: 1}
$data merge entity $(rightringfinger) {transformation: [0.1119f,0.1842f,-0.9765f,-0.8021f,0.2385f,0.949f,0.2064f,0.2629f,0.9647f,-0.256f,0.0623f,0.2731f,0f,0f,0f,1f],start_interpolation: 0,interpolation_duration: 1}
$data merge entity $(hugeasssword) {transformation: [0.4383f,0.7216f,-3.8246f,-0.6266f,0.9341f,3.7168f,0.8083f,0.3569f,3.7783f,-1.0026f,0.2438f,-0.0458f,0f,0f,0f,1f],start_interpolation: 0,interpolation_duration: 1}
$data merge entity $(whey) {transformation: [0.1119f,0.9932f,-0.0315f,-0.5258f,0.2385f,0.0039f,0.9711f,0.1979f,0.9647f,-0.1162f,-0.2364f,-0.1964f,0f,0f,0f,1f],start_interpolation: 0,interpolation_duration: 1}
$data merge entity $(ice) {transformation: [0.1119f,0.1842f,-0.9765f,-0.6312f,0.2385f,0.949f,0.2064f,0.3383f,0.9647f,-0.256f,0.0623f,-0.0569f,0f,0f,0f,1f],start_interpolation: 0,interpolation_duration: 1}
$data merge entity $(righthand1) {transformation: [0.1119f,0.1842f,-0.9765f,-0.5877f,0.2385f,0.949f,0.2064f,0.6416f,0.9647f,-0.256f,0.0623f,0.1222f,0f,0f,0f,1f],start_interpolation: 0,interpolation_duration: 1}
$data merge entity $(rightforearm) {transformation: [0.1119f,0.1842f,-0.9765f,-0.4499f,0.2385f,0.949f,0.2064f,1.2907f,0.9647f,-0.256f,0.0623f,-0.119f,0f,0f,0f,1f],start_interpolation: 0,interpolation_duration: 1}
$data merge entity $(rightelbow) {transformation: [0.1119f,0.1842f,-0.9765f,-0.4153f,0.2385f,0.949f,0.2064f,1.4686f,0.9647f,-0.256f,0.0623f,-0.167f,0f,0f,0f,1f],start_interpolation: 0,interpolation_duration: 1}
$data merge entity $(rightarm) {transformation: [-0.9239f,0.2272f,-0.3078f,-0.09f,0.1507f,0.9556f,0.2532f,1.9056f,0.3517f,0.1876f,-0.9171f,-0.1215f,0f,0f,0f,1f],start_interpolation: 0,interpolation_duration: 1}
$data merge entity $(chest1) {transformation: [-0.346f,0.371f,-0.9572f,-0.0033f,0.3545f,0.9912f,0.256f,1.5403f,0.9635f,-0.2315f,-0.4379f,-0.7967f,0f,0f,0f,1f],start_interpolation: 0,interpolation_duration: 1}
$data merge entity $(chest1lid) {transformation: [-0.3194f,0.3424f,-0.8836f,-0.0007f,0.3272f,0.9149f,0.2363f,0.9342f,0.8893f,-0.2137f,-0.4042f,-0.1888f,0f,0f,0f,1f],start_interpolation: 0,interpolation_duration: 1}
$data merge entity $(chest2) {transformation: [-0.3194f,0.3424f,-0.8836f,-0.0542f,0.3272f,0.9149f,0.2363f,0.7913f,0.8893f,-0.2137f,-0.4042f,-0.1554f,0f,0f,0f,1f],start_interpolation: 0,interpolation_duration: 1}
$data merge entity $(chest1lid3) {transformation: [-0.3194f,0.3424f,-0.8836f,-0.5468f,0.3272f,0.9149f,0.2363f,1.0652f,0.8893f,-0.2137f,-0.4042f,-0.5034f,0f,0f,0f,1f],start_interpolation: 0,interpolation_duration: 1}
$data merge entity $(chest3) {transformation: [-0.3194f,0.3424f,-0.8836f,-0.6003f,0.3272f,0.9149f,0.2363f,0.9222f,0.8893f,-0.2137f,-0.4042f,-0.47f,0f,0f,0f,1f],start_interpolation: 0,interpolation_duration: 1}
$data merge entity $(hugeasssword2) {transformation: [3.4607f,1.8284f,0.1438f,-0.2336f,-0.9256f,1.476f,3.5078f,3.0676f,1.5833f,-3.1335f,1.7363f,-0.056f,0f,0f,0f,1f],start_interpolation: 0,interpolation_duration: 1}
$data merge entity $(belt) {transformation: [-0.3194f,0.3424f,-0.8836f,-0.0139f,0.3272f,0.9149f,0.2363f,1.1344f,0.8893f,-0.2137f,-0.4042f,-0.6872f,0f,0f,0f,1f],start_interpolation: 0,interpolation_duration: 1}
$data merge entity $(torn_part) {transformation: [-0.7186f,0.216f,-0.661f,-0.1605f,-0.0868f,0.9152f,0.3935f,0.8763f,0.69f,0.3401f,-0.6389f,-0.5619f,0f,0f,0f,1f],start_interpolation: 0,interpolation_duration: 1}
$data merge entity $(lowerbody) {transformation: [-0.7186f,0.0073f,-0.6954f,0.0039f,-0.0868f,0.9912f,0.1f,0.3867f,0.69f,0.1323f,-0.7116f,-0.5937f,0f,0f,0f,1f],start_interpolation: 0,interpolation_duration: 1}
data modify entity @s data merge value {"cameras":{},"locators":{"soup":{"px":1.7288321172795933,"py":0.4919012109174478,"pz":-1.9311882118501147,"ry":352.36592418095086,"rx":16.43551473845354},"lefthand":{"px":1.6960951124922299,"py":0.4717508010025321,"pz":-1.9167102826169078,"ry":289.1074959075316,"rx":-56.54870214970492},"sword":{"px":2.992477913432248,"py":-0.4184254979167495,"pz":-0.19298259532455314,"ry":266.35221197466217,"rx":11.910355297641688},"righthand":{"px":-0.608326481544431,"py":0.34260455724697886,"pz":0.03657614281041399,"ry":266.35221197466217,"rx":11.910355297641688},"chest":{"px":0.10601659570323152,"py":0.8503331338872603,"pz":-0.08452166268074454,"ry":294.58432051070815,"rx":13.669425103567026}}}