# This file was generated by Animated Java via MC-Build. It is not recommended to edit this file directly.
$data merge entity $(nose) {transformation: [0.5095f,0.5292f,-0.6785f,0.4894f,0.0928f,0.7501f,0.6548f,2.0896f,0.8555f,-0.3965f,0.3331f,-1.02f,0f,0f,0f,1f],start_interpolation: 0,interpolation_duration: 1}
$data merge entity $(glowing_eye) {transformation: [0.5095f,0.5292f,-0.6785f,0.6126f,0.0928f,0.7501f,0.6548f,2.1291f,0.8555f,-0.3965f,0.3331f,-0.9515f,0f,0f,0f,1f],start_interpolation: 0,interpolation_duration: 1}
$data merge entity $(head) {transformation: [0.5095f,0.5292f,-0.6785f,0.297f,0.0928f,0.7501f,0.6548f,2.1196f,0.8555f,-0.3965f,0.3331f,-0.9087f,0f,0f,0f,1f],start_interpolation: 0,interpolation_duration: 1}
$data merge entity $(leftthumb2) {transformation: [0.1355f,-0.9822f,0.1299f,1.8556f,-0.9907f,-0.1329f,0.0283f,0.8193f,-0.0105f,-0.1325f,-0.9911f,-1.7828f,0f,0f,0f,1f],start_interpolation: 0,interpolation_duration: 1}
$data merge entity $(leftthumb) {transformation: [0.1355f,-0.9822f,0.1299f,1.6259f,-0.9907f,-0.1329f,0.0283f,0.7891f,-0.0105f,-0.1325f,-0.9911f,-1.9f,0f,0f,0f,1f],start_interpolation: 0,interpolation_duration: 1}
$data merge entity $(leftpointerfinger) {transformation: [0.1053f,-0.8469f,-0.5213f,1.8678f,-0.2656f,0.4812f,-0.8354f,0.6211f,0.9583f,0.2264f,-0.1743f,-2.0873f,0f,0f,0f,1f],start_interpolation: 0,interpolation_duration: 1}
$data merge entity $(leftmidfinger) {transformation: [0.1053f,-0.8469f,-0.5213f,1.7863f,-0.2656f,0.4812f,-0.8354f,0.4906f,0.9583f,0.2264f,-0.1743f,-2.1145f,0f,0f,0f,1f],start_interpolation: 0,interpolation_duration: 1}
$data merge entity $(leftringfinger) {transformation: [0.1053f,-0.8469f,-0.5213f,1.7049f,-0.2656f,0.4812f,-0.8354f,0.3601f,0.9583f,0.2264f,-0.1743f,-2.1418f,0f,0f,0f,1f],start_interpolation: 0,interpolation_duration: 1}
$data merge entity $(invisibility) {transformation: [-0.8891f,0.4455f,-0.1053f,1.8112f,0.4066f,0.8741f,0.2656f,0.6501f,0.2104f,0.1934f,-0.9583f,-1.8774f,0f,0f,0f,1f],start_interpolation: 0,interpolation_duration: 1}
$data merge entity $(swiftness) {transformation: [-0.5213f,-0.8469f,-0.1053f,1.8336f,-0.8354f,0.4812f,0.2656f,0.4144f,-0.1743f,0.2264f,-0.9583f,-1.8908f,0f,0f,0f,1f],start_interpolation: 0,interpolation_duration: 1}
$data merge entity $(suspicious_stew) {transformation: [0f,0f,0f,1.7315f,0f,0f,0f,0.4862f,0f,0f,0f,-1.9295f,0f,0f,0f,1f],start_interpolation: 0,interpolation_duration: 1}
$data merge entity $(log) {transformation: [0.1053f,-0.8469f,-0.5213f,1.6327f,-0.2656f,0.4812f,-0.8354f,0.467f,0.9583f,0.2264f,-0.1743f,-1.8107f,0f,0f,0f,1f],start_interpolation: 0,interpolation_duration: 1}
$data merge entity $(planks) {transformation: [0.1053f,-0.8469f,-0.5213f,1.6426f,-0.2656f,0.4812f,-0.8354f,0.4421f,0.9583f,0.2264f,-0.1743f,-1.7209f,0f,0f,0f,1f],start_interpolation: 0,interpolation_duration: 1}
$data merge entity $(lefthand1) {transformation: [0.1053f,-0.8469f,-0.5213f,1.411f,-0.2656f,0.4812f,-0.8354f,0.6798f,0.9583f,0.2264f,-0.1743f,-1.9882f,0f,0f,0f,1f],start_interpolation: 0,interpolation_duration: 1}
$data merge entity $(leftforearm) {transformation: [-0.5314f,-0.8464f,0.0358f,0.7821f,-0.7357f,0.482f,0.4759f,0.9653f,-0.42f,0.2266f,-0.8788f,-1.8415f,0f,0f,0f,1f],start_interpolation: 0,interpolation_duration: 1}
$data merge entity $(leftelbow) {transformation: [-0.5314f,-0.8464f,0.0358f,0.6234f,-0.7357f,0.482f,0.4759f,1.0557f,-0.42f,0.2266f,-0.8788f,-1.799f,0f,0f,0f,1f],start_interpolation: 0,interpolation_duration: 1}
$data merge entity $(leftarm) {transformation: [-0.2206f,-0.4266f,-0.8771f,0.3893f,-0.3889f,0.8632f,-0.322f,1.4122f,0.8945f,0.2701f,-0.3563f,-1.4571f,0f,0f,0f,1f],start_interpolation: 0,interpolation_duration: 1}
$data merge entity $(rightthumb2) {transformation: [0.1142f,0.1872f,-0.9757f,-0.3672f,0.2392f,0.948f,0.2099f,0.2257f,0.9642f,-0.2573f,0.0635f,0.1193f,0f,0f,0f,1f],start_interpolation: 0,interpolation_duration: 1}
$data merge entity $(rightthumb) {transformation: [0.1142f,0.1872f,-0.9757f,-0.4046f,0.2392f,0.948f,0.2099f,0.4761f,0.9642f,-0.2573f,0.0635f,0.0616f,0f,0f,0f,1f],start_interpolation: 0,interpolation_duration: 1}
$data merge entity $(rightpointerfinger) {transformation: [0.1142f,0.1872f,-0.9757f,-0.4993f,0.2392f,0.948f,0.2099f,0.201f,0.9642f,-0.2573f,0.0635f,0.2545f,0f,0f,0f,1f],start_interpolation: 0,interpolation_duration: 1}
$data merge entity $(rightmidfinger) {transformation: [0.1142f,0.1872f,-0.9757f,-0.6518f,0.2392f,0.948f,0.2099f,0.2338f,0.9642f,-0.2573f,0.0635f,0.2644f,0f,0f,0f,1f],start_interpolation: 0,interpolation_duration: 1}
$data merge entity $(rightringfinger) {transformation: [0.1142f,0.1872f,-0.9757f,-0.8042f,0.2392f,0.948f,0.2099f,0.2666f,0.9642f,-0.2573f,0.0635f,0.2743f,0f,0f,0f,1f],start_interpolation: 0,interpolation_duration: 1}
$data merge entity $(hugeasssword) {transformation: [0.4472f,0.7332f,-3.8213f,-0.6288f,0.9368f,3.7131f,0.8221f,0.3596f,3.7766f,-1.0078f,0.2486f,-0.045f,0f,0f,0f,1f],start_interpolation: 0,interpolation_duration: 1}
$data merge entity $(whey) {transformation: [0.1142f,0.9931f,-0.0284f,-0.5288f,0.2392f,0.0003f,0.971f,0.2001f,0.9642f,-0.1177f,-0.2375f,-0.1955f,0f,0f,0f,1f],start_interpolation: 0,interpolation_duration: 1}
$data merge entity $(ice) {transformation: [0.1142f,0.1872f,-0.9757f,-0.6335f,0.2392f,0.948f,0.2099f,0.341f,0.9642f,-0.2573f,0.0635f,-0.056f,0f,0f,0f,1f],start_interpolation: 0,interpolation_duration: 1}
$data merge entity $(righthand1) {transformation: [0.1142f,0.1872f,-0.9757f,-0.5887f,0.2392f,0.948f,0.2099f,0.6444f,0.9642f,-0.2573f,0.0635f,0.1227f,0f,0f,0f,1f],start_interpolation: 0,interpolation_duration: 1}
$data merge entity $(rightforearm) {transformation: [0.1142f,0.1872f,-0.9757f,-0.4489f,0.2392f,0.948f,0.2099f,1.2928f,0.9642f,-0.2573f,0.0635f,-0.1195f,0f,0f,0f,1f],start_interpolation: 0,interpolation_duration: 1}
$data merge entity $(rightelbow) {transformation: [0.1142f,0.1872f,-0.9757f,-0.4138f,0.2392f,0.948f,0.2099f,1.4705f,0.9642f,-0.2573f,0.0635f,-0.1677f,0f,0f,0f,1f],start_interpolation: 0,interpolation_duration: 1}
$data merge entity $(rightarm) {transformation: [-0.9229f,0.2309f,-0.3083f,-0.0869f,0.1544f,0.955f,0.2531f,1.9064f,0.3529f,0.186f,-0.917f,-0.1233f,0f,0f,0f,1f],start_interpolation: 0,interpolation_duration: 1}
$data merge entity $(chest1) {transformation: [-0.3439f,0.373f,-0.9572f,-0.002f,0.3569f,0.9899f,0.2576f,1.5398f,0.9633f,-0.2335f,-0.4371f,-0.798f,0f,0f,0f,1f],start_interpolation: 0,interpolation_duration: 1}
$data merge entity $(chest1lid) {transformation: [-0.3175f,0.3443f,-0.8835f,0f,0.3294f,0.9138f,0.2378f,0.9347f,0.8892f,-0.2156f,-0.4035f,-0.1892f,0f,0f,0f,1f],start_interpolation: 0,interpolation_duration: 1}
$data merge entity $(chest2) {transformation: [-0.3175f,0.3443f,-0.8835f,-0.0538f,0.3294f,0.9138f,0.2378f,0.7919f,0.8892f,-0.2156f,-0.4035f,-0.1555f,0f,0f,0f,1f],start_interpolation: 0,interpolation_duration: 1}
$data merge entity $(chest1lid3) {transformation: [-0.3175f,0.3443f,-0.8835f,-0.5462f,0.3294f,0.9138f,0.2378f,1.0664f,0.8892f,-0.2156f,-0.4035f,-0.5032f,0f,0f,0f,1f],start_interpolation: 0,interpolation_duration: 1}
$data merge entity $(chest3) {transformation: [-0.3175f,0.3443f,-0.8835f,-0.6f,0.3294f,0.9138f,0.2378f,0.9236f,0.8892f,-0.2156f,-0.4035f,-0.4695f,0f,0f,0f,1f],start_interpolation: 0,interpolation_duration: 1}
$data merge entity $(hugeasssword2) {transformation: [3.4605f,1.8279f,0.1544f,-0.2277f,-0.9312f,1.4666f,3.5103f,3.0688f,1.5804f,-3.1382f,1.7304f,-0.0595f,0f,0f,0f,1f],start_interpolation: 0,interpolation_duration: 1}
$data merge entity $(belt) {transformation: [-0.3175f,0.3443f,-0.8835f,-0.0133f,0.3294f,0.9138f,0.2378f,1.1341f,0.8892f,-0.2156f,-0.4035f,-0.6878f,0f,0f,0f,1f],start_interpolation: 0,interpolation_duration: 1}
$data merge entity $(torn_part) {transformation: [-0.7203f,0.2154f,-0.6594f,-0.1605f,-0.0867f,0.9152f,0.3937f,0.8763f,0.6882f,0.3407f,-0.6405f,-0.5622f,0f,0f,0f,1f],start_interpolation: 0,interpolation_duration: 1}
$data merge entity $(lowerbody) {transformation: [-0.7203f,0.0071f,-0.6936f,0.0039f,-0.0867f,0.9912f,0.1003f,0.3867f,0.6882f,0.1324f,-0.7133f,-0.5937f,0f,0f,0f,1f],start_interpolation: 0,interpolation_duration: 1}
data modify entity @s data merge value {"cameras":{},"locators":{"soup":{"px":1.731524386641214,"py":0.48620611570778344,"pz":-1.9295067494943756,"ry":352.3680273225957,"rx":16.043523474616787},"lefthand":{"px":1.6971579457120414,"py":0.4673226817439363,"pz":-1.9155162292935903,"ry":288.48832617460255,"rx":-56.65534599915543},"sword":{"px":2.987247310619993,"py":-0.428575208643686,"pz":-0.19666830560817994,"ry":266.27762836478854,"rx":12.115677274170324},"righthand":{"px":-0.6105106660015146,"py":0.34537977092317723,"pz":0.037398952375444286,"ry":266.27762836478854,"rx":12.115677274170324},"chest":{"px":0.10662580961549176,"py":0.8507102694504143,"pz":-0.08485065481491175,"ry":294.54576371868416,"rx":13.75456728007554}}}