# This file was generated by Animated Java via MC-Build. It is not recommended to edit this file directly.
$data merge entity $(nose) {transformation: [0.5034f,0.5437f,-0.6716f,0.492f,0.0923f,0.7389f,0.6674f,2.0848f,0.8591f,-0.398f,0.3218f,-1.0199f,0f,0f,0f,1f],start_interpolation: 0,interpolation_duration: 1}
$data merge entity $(glowing_eye) {transformation: [0.5034f,0.5437f,-0.6716f,0.6152f,0.0923f,0.7389f,0.6674f,2.123f,0.8591f,-0.398f,0.3218f,-0.9507f,0f,0f,0f,1f],start_interpolation: 0,interpolation_duration: 1}
$data merge entity $(head) {transformation: [0.5034f,0.5437f,-0.6716f,0.2992f,0.0923f,0.7389f,0.6674f,2.1185f,0.8591f,-0.398f,0.3218f,-0.9105f,0f,0f,0f,1f],start_interpolation: 0,interpolation_duration: 1}
$data merge entity $(leftthumb2) {transformation: [0.1247f,-0.9826f,0.1377f,1.8548f,-0.992f,-0.1207f,0.0369f,0.8117f,-0.0197f,-0.1412f,-0.9898f,-1.7793f,0f,0f,0f,1f],start_interpolation: 0,interpolation_duration: 1}
$data merge entity $(leftthumb) {transformation: [0.1247f,-0.9826f,0.1377f,1.6256f,-0.992f,-0.1207f,0.0369f,0.7853f,-0.0197f,-0.1412f,-0.9898f,-1.8985f,0f,0f,0f,1f],start_interpolation: 0,interpolation_duration: 1}
$data merge entity $(leftpointerfinger) {transformation: [0.1051f,-0.847f,-0.5211f,1.8676f,-0.2592f,0.4825f,-0.8366f,0.6161f,0.9601f,0.223f,-0.1689f,-2.0847f,0f,0f,0f,1f],start_interpolation: 0,interpolation_duration: 1}
$data merge entity $(leftmidfinger) {transformation: [0.1051f,-0.847f,-0.5211f,1.7862f,-0.2592f,0.4825f,-0.8366f,0.4854f,0.9601f,0.223f,-0.1689f,-2.111f,0f,0f,0f,1f],start_interpolation: 0,interpolation_duration: 1}
$data merge entity $(leftringfinger) {transformation: [0.1051f,-0.847f,-0.5211f,1.7048f,-0.2592f,0.4825f,-0.8366f,0.3546f,0.9601f,0.223f,-0.1689f,-2.1374f,0f,0f,0f,1f],start_interpolation: 0,interpolation_duration: 1}
$data merge entity $(invisibility) {transformation: [-0.8892f,0.4453f,-0.1051f,1.811f,0.4078f,0.8755f,0.2592f,0.6464f,0.2075f,0.1877f,-0.9601f,-1.875f,0f,0f,0f,1f],start_interpolation: 0,interpolation_duration: 1}
$data merge entity $(swiftness) {transformation: [-0.5211f,-0.847f,-0.1051f,1.8334f,-0.8366f,0.4825f,0.2592f,0.4107f,-0.1689f,0.223f,-0.9601f,-1.8868f,0f,0f,0f,1f],start_interpolation: 0,interpolation_duration: 1}
$data merge entity $(suspicious_stew) {transformation: [0f,0f,0f,1.7331f,0f,0f,0f,0.4809f,0f,0f,0f,-1.9253f,0f,0f,0f,1f],start_interpolation: 0,interpolation_duration: 1}
$data merge entity $(log) {transformation: [0.1051f,-0.847f,-0.5211f,1.6325f,-0.2592f,0.4825f,-0.8366f,0.4637f,0.9601f,0.223f,-0.1689f,-1.8071f,0f,0f,0f,1f],start_interpolation: 0,interpolation_duration: 1}
$data merge entity $(planks) {transformation: [0.1051f,-0.847f,-0.5211f,1.6424f,-0.2592f,0.4825f,-0.8366f,0.4394f,0.9601f,0.223f,-0.1689f,-1.7171f,0f,0f,0f,1f],start_interpolation: 0,interpolation_duration: 1}
$data merge entity $(lefthand1) {transformation: [0.1051f,-0.847f,-0.5211f,1.4108f,-0.2592f,0.4825f,-0.8366f,0.6753f,0.9601f,0.223f,-0.1689f,-1.9861f,0f,0f,0f,1f],start_interpolation: 0,interpolation_duration: 1}
$data merge entity $(leftforearm) {transformation: [-0.5317f,-0.846f,0.0383f,0.7821f,-0.7361f,0.4841f,0.4731f,0.9623f,-0.4188f,0.2233f,-0.8802f,-1.8415f,0f,0f,0f,1f],start_interpolation: 0,interpolation_duration: 1}
$data merge entity $(leftelbow) {transformation: [-0.5317f,-0.846f,0.0383f,0.6234f,-0.7361f,0.4841f,0.4731f,1.053f,-0.4188f,0.2233f,-0.8802f,-1.7996f,0f,0f,0f,1f],start_interpolation: 0,interpolation_duration: 1}
$data merge entity $(leftarm) {transformation: [-0.2209f,-0.4253f,-0.8777f,0.3899f,-0.3875f,0.8641f,-0.3212f,1.4104f,0.895f,0.2691f,-0.3557f,-1.4582f,0f,0f,0f,1f],start_interpolation: 0,interpolation_duration: 1}
$data merge entity $(rightthumb2) {transformation: [0.1156f,0.1898f,-0.975f,-0.3698f,0.24f,0.9472f,0.2128f,0.2274f,0.9639f,-0.2586f,0.064f,0.1201f,0f,0f,0f,1f],start_interpolation: 0,interpolation_duration: 1}
$data merge entity $(rightthumb) {transformation: [0.1156f,0.1898f,-0.975f,-0.4065f,0.24f,0.9472f,0.2128f,0.4778f,0.9639f,-0.2586f,0.064f,0.0622f,0f,0f,0f,1f],start_interpolation: 0,interpolation_duration: 1}
$data merge entity $(rightpointerfinger) {transformation: [0.1156f,0.1898f,-0.975f,-0.5019f,0.24f,0.9472f,0.2128f,0.2033f,0.9639f,-0.2586f,0.064f,0.2554f,0f,0f,0f,1f],start_interpolation: 0,interpolation_duration: 1}
$data merge entity $(rightmidfinger) {transformation: [0.1156f,0.1898f,-0.975f,-0.6542f,0.24f,0.9472f,0.2128f,0.2365f,0.9639f,-0.2586f,0.064f,0.2654f,0f,0f,0f,1f],start_interpolation: 0,interpolation_duration: 1}
$data merge entity $(rightringfinger) {transformation: [0.1156f,0.1898f,-0.975f,-0.8065f,0.24f,0.9472f,0.2128f,0.2698f,0.9639f,-0.2586f,0.064f,0.2754f,0f,0f,0f,1f],start_interpolation: 0,interpolation_duration: 1}
$data merge entity $(hugeasssword) {transformation: [0.453f,0.7433f,-3.8187f,-0.6311f,0.9399f,3.7097f,0.8335f,0.3618f,3.7751f,-1.0128f,0.2507f,-0.0441f,0f,0f,0f,1f],start_interpolation: 0,interpolation_duration: 1}
$data merge entity $(whey) {transformation: [0.1156f,0.993f,-0.0258f,-0.5317f,0.24f,-0.0028f,0.9708f,0.2019f,0.9639f,-0.1184f,-0.2386f,-0.1945f,0f,0f,0f,1f],start_interpolation: 0,interpolation_duration: 1}
$data merge entity $(ice) {transformation: [0.1156f,0.1898f,-0.975f,-0.6359f,0.24f,0.9472f,0.2128f,0.3433f,0.9639f,-0.2586f,0.064f,-0.0551f,0f,0f,0f,1f],start_interpolation: 0,interpolation_duration: 1}
$data merge entity $(righthand1) {transformation: [0.1156f,0.1898f,-0.975f,-0.59f,0.24f,0.9472f,0.2128f,0.6467f,0.9639f,-0.2586f,0.064f,0.1232f,0f,0f,0f,1f],start_interpolation: 0,interpolation_duration: 1}
$data merge entity $(rightforearm) {transformation: [0.1156f,0.1898f,-0.975f,-0.4486f,0.24f,0.9472f,0.2128f,1.2944f,0.9639f,-0.2586f,0.064f,-0.1199f,0f,0f,0f,1f],start_interpolation: 0,interpolation_duration: 1}
$data merge entity $(rightelbow) {transformation: [0.1156f,0.1898f,-0.975f,-0.413f,0.24f,0.9472f,0.2128f,1.472f,0.9639f,-0.2586f,0.064f,-0.1684f,0f,0f,0f,1f],start_interpolation: 0,interpolation_duration: 1}
$data merge entity $(rightarm) {transformation: [-0.9221f,0.2338f,-0.3083f,-0.0848f,0.1575f,0.9546f,0.2529f,1.9069f,0.3534f,0.1847f,-0.9171f,-0.1247f,0f,0f,0f,1f],start_interpolation: 0,interpolation_duration: 1}
$data merge entity $(chest1) {transformation: [-0.3428f,0.3747f,-0.9569f,-0.0008f,0.3586f,0.989f,0.2588f,1.5394f,0.9631f,-0.2349f,-0.437f,-0.799f,0f,0f,0f,1f],start_interpolation: 0,interpolation_duration: 1}
$data merge entity $(chest1lid) {transformation: [-0.3164f,0.3459f,-0.8833f,0.0004f,0.331f,0.9129f,0.2389f,0.935f,0.889f,-0.2168f,-0.4034f,-0.1895f,0f,0f,0f,1f],start_interpolation: 0,interpolation_duration: 1}
$data merge entity $(chest2) {transformation: [-0.3164f,0.3459f,-0.8833f,-0.0537f,0.331f,0.9129f,0.2389f,0.7924f,0.889f,-0.2168f,-0.4034f,-0.1556f,0f,0f,0f,1f],start_interpolation: 0,interpolation_duration: 1}
$data merge entity $(chest1lid3) {transformation: [-0.3164f,0.3459f,-0.8833f,-0.5457f,0.331f,0.9129f,0.2389f,1.0673f,0.889f,-0.2168f,-0.4034f,-0.5034f,0f,0f,0f,1f],start_interpolation: 0,interpolation_duration: 1}
$data merge entity $(chest3) {transformation: [-0.3164f,0.3459f,-0.8833f,-0.5998f,0.331f,0.9129f,0.2389f,0.9247f,0.889f,-0.2168f,-0.4034f,-0.4695f,0f,0f,0f,1f],start_interpolation: 0,interpolation_duration: 1}
$data merge entity $(hugeasssword2) {transformation: [3.4596f,1.829f,0.1615f,-0.2234f,-0.9357f,1.4596f,3.512f,3.0697f,1.5798f,-3.1408f,1.7262f,-0.0621f,0f,0f,0f,1f],start_interpolation: 0,interpolation_duration: 1}
$data merge entity $(belt) {transformation: [-0.3164f,0.3459f,-0.8833f,-0.0129f,0.331f,0.9129f,0.2389f,1.1339f,0.889f,-0.2168f,-0.4034f,-0.6883f,0f,0f,0f,1f],start_interpolation: 0,interpolation_duration: 1}
$data merge entity $(torn_part) {transformation: [-0.7221f,0.2147f,-0.6576f,-0.1605f,-0.0866f,0.9151f,0.3938f,0.8763f,0.6863f,0.3414f,-0.6422f,-0.5626f,0f,0f,0f,1f],start_interpolation: 0,interpolation_duration: 1}
$data merge entity $(lowerbody) {transformation: [-0.7221f,0.007f,-0.6917f,0.0039f,-0.0866f,0.9912f,0.1004f,0.3867f,0.6863f,0.1325f,-0.7151f,-0.5937f,0f,0f,0f,1f],start_interpolation: 0,interpolation_duration: 1}
data modify entity @s data merge value {"cameras":{},"locators":{"soup":{"px":1.7331430174053284,"py":0.4809155693937965,"pz":-1.9252686433312651,"ry":352.5042688636512,"rx":15.611449175234773},"lefthand":{"px":1.6969803152318697,"py":0.4633878949486523,"pz":-1.911902258783589,"ry":287.9540884544843,"rx":-56.78543841994996},"sword":{"px":2.9824907482248424,"py":-0.4370990039308232,"pz":-0.19772705547569183,"ry":266.2446560728525,"rx":12.28755207386321},"righthand":{"px":-0.6127990388825194,"py":0.3476677802686614,"pz":0.03825745914062677,"ry":266.2446560728525,"rx":12.28755207386321},"chest":{"px":0.10688780547350968,"py":0.8509616222209007,"pz":-0.0850990229971577,"ry":294.54370896089006,"rx":13.821140076625936}}}