# This file was generated by Animated Java via MC-Build. It is not recommended to edit this file directly.
$data merge entity $(nose) {transformation: [0.4487f,0.5373f,-0.7141f,0.483f,0.0769f,0.7729f,0.6299f,2.1161f,0.8904f,-0.3375f,0.3055f,-0.9518f,0f,0f,0f,1f],start_interpolation: 0,interpolation_duration: 1}
$data merge entity $(glowing_eye) {transformation: [0.4487f,0.5373f,-0.7141f,0.6004f,0.0769f,0.7729f,0.6299f,2.1561f,0.8904f,-0.3375f,0.3055f,-0.874f,0f,0f,0f,1f],start_interpolation: 0,interpolation_duration: 1}
$data merge entity $(head) {transformation: [0.4487f,0.5373f,-0.7141f,0.283f,0.0769f,0.7729f,0.6299f,2.1386f,0.8904f,-0.3375f,0.3055f,-0.8529f,0f,0f,0f,1f],start_interpolation: 0,interpolation_duration: 1}
$data merge entity $(leftthumb2) {transformation: [-0.1071f,-0.9397f,0.3248f,1.5356f,-0.9873f,0.1389f,0.0764f,0.6766f,-0.1169f,-0.3125f,-0.9427f,-1.6744f,0f,0f,0f,1f],start_interpolation: 0,interpolation_duration: 1}
$data merge entity $(leftthumb) {transformation: [-0.1071f,-0.9397f,0.3248f,1.3329f,-0.9873f,0.1389f,0.0764f,0.7172f,-0.1169f,-0.3125f,-0.9427f,-1.8316f,0f,0f,0f,1f],start_interpolation: 0,interpolation_duration: 1}
$data merge entity $(leftpointerfinger) {transformation: [-0.0378f,-0.7884f,-0.6141f,1.5669f,-0.2407f,0.6036f,-0.7601f,0.5099f,0.9699f,0.1191f,-0.2125f,-1.9867f,0f,0f,0f,1f],start_interpolation: 0,interpolation_duration: 1}
$data merge entity $(leftmidfinger) {transformation: [-0.0378f,-0.7884f,-0.6141f,1.471f,-0.2407f,0.6036f,-0.7601f,0.3911f,0.9699f,0.1191f,-0.2125f,-2.0199f,0f,0f,0f,1f],start_interpolation: 0,interpolation_duration: 1}
$data merge entity $(leftringfinger) {transformation: [-0.0378f,-0.7884f,-0.6141f,1.3751f,-0.2407f,0.6036f,-0.7601f,0.2724f,0.9699f,0.1191f,-0.2125f,-2.0531f,0f,0f,0f,1f],start_interpolation: 0,interpolation_duration: 1}
$data merge entity $(invisibility) {transformation: [-0.8389f,0.543f,0.0378f,1.4928f,0.535f,0.8098f,0.2407f,0.5545f,0.1001f,0.2221f,-0.9699f,-1.7852f,0f,0f,0f,1f],start_interpolation: 0,interpolation_duration: 1}
$data merge entity $(swiftness) {transformation: [-0.6141f,-0.7884f,0.0378f,1.4825f,-0.7601f,0.6036f,0.2407f,0.3177f,-0.2125f,0.1191f,-0.9699f,-1.7906f,0f,0f,0f,1f],start_interpolation: 0,interpolation_duration: 1}
$data merge entity $(suspicious_stew) {transformation: [-1.7657f,0.4647f,0.1502f,1.4525f,0.4865f,1.7235f,0.3864f,0.3464f,-0.0433f,0.4123f,-1.7845f,-1.8064f,0f,0f,0f,1f],start_interpolation: 0,interpolation_duration: 1}
$data merge entity $(log) {transformation: [-0.0378f,-0.7884f,-0.6141f,1.2838f,-0.2407f,0.6036f,-0.7601f,0.401f,0.9699f,0.1191f,-0.2125f,-1.7347f,0f,0f,0f,1f],start_interpolation: 0,interpolation_duration: 1}
$data merge entity $(planks) {transformation: [-0.0378f,-0.7884f,-0.6141f,1.2802f,-0.2407f,0.6036f,-0.7601f,0.3784f,0.9699f,0.1191f,-0.2125f,-1.6438f,0f,0f,0f,1f],start_interpolation: 0,interpolation_duration: 1}
$data merge entity $(lefthand1) {transformation: [-0.0378f,-0.7884f,-0.6141f,1.1153f,-0.2407f,0.6036f,-0.7601f,0.6358f,0.9699f,0.1191f,-0.2125f,-1.9408f,0f,0f,0f,1f],start_interpolation: 0,interpolation_duration: 1}
$data merge entity $(leftforearm) {transformation: [-0.5808f,-0.7832f,0.222f,0.5249f,-0.6487f,0.6101f,0.4549f,1.0171f,-0.4917f,0.1202f,-0.8624f,-1.8736f,0f,0f,0f,1f],start_interpolation: 0,interpolation_duration: 1}
$data merge entity $(leftelbow) {transformation: [-0.5808f,-0.7832f,0.222f,0.3781f,-0.6487f,0.6101f,0.4549f,1.1315f,-0.4917f,0.1202f,-0.8624f,-1.851f,0f,0f,0f,1f],start_interpolation: 0,interpolation_duration: 1}
$data merge entity $(leftarm) {transformation: [-0.2649f,0.1758f,-0.9481f,0.4376f,-0.4467f,0.849f,0.2822f,1.4495f,0.8546f,0.4983f,-0.1463f,-1.4104f,0f,0f,0f,1f],start_interpolation: 0,interpolation_duration: 1}
$data merge entity $(rightthumb2) {transformation: [0.0567f,0.1932f,-0.9795f,-0.4167f,0.2785f,0.9391f,0.2013f,0.2131f,0.9588f,-0.2842f,-0.0006f,0.1727f,0f,0f,0f,1f],start_interpolation: 0,interpolation_duration: 1}
$data merge entity $(rightthumb) {transformation: [0.0567f,0.1932f,-0.9795f,-0.453f,0.2785f,0.9391f,0.2013f,0.4606f,0.9588f,-0.2842f,-0.0006f,0.103f,0f,0f,0f,1f],start_interpolation: 0,interpolation_duration: 1}
$data merge entity $(rightpointerfinger) {transformation: [0.0567f,0.1932f,-0.9795f,-0.5561f,0.2785f,0.9391f,0.2013f,0.1923f,0.9588f,-0.2842f,-0.0006f,0.3011f,0f,0f,0f,1f],start_interpolation: 0,interpolation_duration: 1}
$data merge entity $(rightmidfinger) {transformation: [0.0567f,0.1932f,-0.9795f,-0.7092f,0.2785f,0.9391f,0.2013f,0.2238f,0.9588f,-0.2842f,-0.0006f,0.301f,0f,0f,0f,1f],start_interpolation: 0,interpolation_duration: 1}
$data merge entity $(rightringfinger) {transformation: [0.0567f,0.1932f,-0.9795f,-0.8622f,0.2785f,0.9391f,0.2013f,0.2552f,0.9588f,-0.2842f,-0.0006f,0.3009f,0f,0f,0f,1f],start_interpolation: 0,interpolation_duration: 1}
$data merge entity $(hugeasssword) {transformation: [0.222f,0.7567f,-3.8365f,-0.6697f,1.0908f,3.6781f,0.7885f,0.3374f,3.7552f,-1.1132f,-0.0022f,-0.0114f,0f,0f,0f,1f],start_interpolation: 0,interpolation_duration: 1}
$data merge entity $(whey) {transformation: [0.0567f,0.9981f,-0.0234f,-0.5598f,0.2785f,0.0067f,0.9604f,0.1732f,0.9588f,-0.061f,-0.2776f,-0.1495f,0f,0f,0f,1f],start_interpolation: 0,interpolation_duration: 1}
$data merge entity $(ice) {transformation: [0.0567f,0.1932f,-0.9795f,-0.6736f,0.2785f,0.9391f,0.2013f,0.3184f,0.9588f,-0.2842f,-0.0006f,-0.022f,0f,0f,0f,1f],start_interpolation: 0,interpolation_duration: 1}
$data merge entity $(righthand1) {transformation: [0.0567f,0.1932f,-0.9795f,-0.6417f,0.2785f,0.9391f,0.2013f,0.6291f,0.9588f,-0.2842f,-0.0006f,0.1467f,0f,0f,0f,1f],start_interpolation: 0,interpolation_duration: 1}
$data merge entity $(rightforearm) {transformation: [0.0567f,0.1932f,-0.9795f,-0.4941f,0.2785f,0.9391f,0.2013f,1.2688f,0.9588f,-0.2842f,-0.0006f,-0.1131f,0f,0f,0f,1f],start_interpolation: 0,interpolation_duration: 1}
$data merge entity $(rightelbow) {transformation: [0.0567f,0.1932f,-0.9795f,-0.4579f,0.2785f,0.9391f,0.2013f,1.4449f,0.9588f,-0.2842f,-0.0006f,-0.1664f,0f,0f,0f,1f],start_interpolation: 0,interpolation_duration: 1}
$data merge entity $(rightarm) {transformation: [-0.9504f,0.1823f,-0.2519f,-0.151f,0.1231f,0.9645f,0.2338f,1.8929f,0.2855f,0.1912f,-0.9391f,-0.1039f,0f,0f,0f,1f],start_interpolation: 0,interpolation_duration: 1}
$data merge entity $(chest1) {transformation: [-0.4251f,0.358f,-0.9299f,-0.005f,0.3203f,1.0065f,0.241f,1.5475f,0.9436f,-0.1803f,-0.5008f,-0.7793f,0f,0f,0f,1f],start_interpolation: 0,interpolation_duration: 1}
$data merge entity $(chest1lid) {transformation: [-0.3924f,0.3304f,-0.8584f,-0.0289f,0.2956f,0.929f,0.2225f,0.9264f,0.871f,-0.1664f,-0.4622f,-0.1873f,0f,0f,0f,1f],start_interpolation: 0,interpolation_duration: 1}
$data merge entity $(chest2) {transformation: [-0.3924f,0.3304f,-0.8584f,-0.0806f,0.2956f,0.929f,0.2225f,0.7812f,0.871f,-0.1664f,-0.4622f,-0.1613f,0f,0f,0f,1f],start_interpolation: 0,interpolation_duration: 1}
$data merge entity $(chest1lid3) {transformation: [-0.3924f,0.3304f,-0.8584f,-0.5543f,0.2956f,0.929f,0.2225f,1.0504f,0.871f,-0.1664f,-0.4622f,-0.5379f,0f,0f,0f,1f],start_interpolation: 0,interpolation_duration: 1}
$data merge entity $(chest3) {transformation: [-0.3924f,0.3304f,-0.8584f,-0.606f,0.2956f,0.929f,0.2225f,0.9053f,0.871f,-0.1664f,-0.4622f,-0.5119f,0f,0f,0f,1f],start_interpolation: 0,interpolation_duration: 1}
$data merge entity $(hugeasssword2) {transformation: [3.362f,2.0075f,-0.0841f,-0.3325f,-0.8715f,1.6046f,3.465f,3.0486f,1.8104f,-2.9556f,1.8241f,-0.0218f,0f,0f,0f,1f],start_interpolation: 0,interpolation_duration: 1}
$data merge entity $(belt) {transformation: [-0.3924f,0.3304f,-0.8584f,-0.0117f,0.2956f,0.929f,0.2225f,1.1388f,0.871f,-0.1664f,-0.4622f,-0.6804f,0f,0f,0f,1f],start_interpolation: 0,interpolation_duration: 1}
$data merge entity $(torn_part) {transformation: [-0.7435f,0.205f,-0.6365f,-0.1607f,-0.0855f,0.9149f,0.3946f,0.8766f,0.6632f,0.3478f,-0.6627f,-0.5679f,0f,0f,0f,1f],start_interpolation: 0,interpolation_duration: 1}
$data merge entity $(lowerbody) {transformation: [-0.7435f,0.0042f,-0.6687f,0.0039f,-0.0855f,0.9912f,0.1012f,0.3867f,0.6632f,0.1324f,-0.7366f,-0.5937f,0f,0f,0f,1f],start_interpolation: 0,interpolation_duration: 1}
data modify entity @s data merge value {"cameras":{},"locators":{"soup":{"px":1.527729447504122,"py":0.6305027402128374,"pz":-1.6798230215910117,"ry":4.811437587693632,"rx":12.174451585455508},"lefthand":{"px":1.3584999411306176,"py":0.388262397333061,"pz":-1.8316485393561228,"ry":289.09076536731334,"rx":-49.473819950148076},"sword":{"px":2.9560128807862815,"py":-0.4157291951875536,"pz":0.07448499205088277,"ry":270.0335447286237,"rx":11.61484798837486},"righthand":{"px":-0.655977961331966,"py":0.32668169812326864,"pz":0.07237029411914236,"ry":270.0335447286237,"rx":11.61484798837486},"chest":{"px":0.07227010314626073,"py":0.8427840476501568,"pz":-0.0774584528047597,"ry":298.3018561425192,"rx":12.856162534825206}}}