# This file was generated by Animated Java via MC-Build. It is not recommended to edit this file directly.
$data merge entity $(nose) {transformation: [0.4251f,0.5323f,-0.7321f,0.4767f,0.0758f,0.785f,0.6148f,2.1274f,0.9019f,-0.3169f,0.2934f,-0.9263f,0f,0f,0f,1f],start_interpolation: 0,interpolation_duration: 1}
$data merge entity $(glowing_eye) {transformation: [0.4251f,0.5323f,-0.7321f,0.5914f,0.0758f,0.785f,0.6148f,2.1686f,0.9019f,-0.3169f,0.2934f,-0.8452f,0f,0f,0f,1f],start_interpolation: 0,interpolation_duration: 1}
$data merge entity $(head) {transformation: [0.4251f,0.5323f,-0.7321f,0.2738f,0.0758f,0.785f,0.6148f,2.1456f,0.9019f,-0.3169f,0.2934f,-0.8322f,0f,0f,0f,1f],start_interpolation: 0,interpolation_duration: 1}
$data merge entity $(leftthumb2) {transformation: [-0.1552f,-0.922f,0.3546f,1.468f,-0.9778f,0.1946f,0.0781f,0.6722f,-0.141f,-0.3346f,-0.9318f,-1.6502f,0f,0f,0f,1f],start_interpolation: 0,interpolation_duration: 1}
$data merge entity $(leftthumb) {transformation: [-0.1552f,-0.922f,0.3546f,1.2722f,-0.9778f,0.1946f,0.0781f,0.7266f,-0.141f,-0.3346f,-0.9318f,-1.8119f,0f,0f,0f,1f],start_interpolation: 0,interpolation_duration: 1}
$data merge entity $(leftpointerfinger) {transformation: [-0.0677f,-0.7651f,-0.6404f,1.5006f,-0.2483f,0.6346f,-0.7319f,0.5113f,0.9663f,0.1095f,-0.2329f,-1.9644f,0f,0f,0f,1f],start_interpolation: 0,interpolation_duration: 1}
$data merge entity $(leftmidfinger) {transformation: [-0.0677f,-0.7651f,-0.6404f,1.4005f,-0.2483f,0.6346f,-0.7319f,0.3969f,0.9663f,0.1095f,-0.2329f,-2.0008f,0f,0f,0f,1f],start_interpolation: 0,interpolation_duration: 1}
$data merge entity $(leftringfinger) {transformation: [-0.0677f,-0.7651f,-0.6404f,1.3005f,-0.2483f,0.6346f,-0.7319f,0.2826f,0.9663f,0.1095f,-0.2329f,-2.0372f,0f,0f,0f,1f],start_interpolation: 0,interpolation_duration: 1}
$data merge entity $(invisibility) {transformation: [-0.818f,0.5712f,0.0677f,1.4242f,0.5683f,0.7844f,0.2483f,0.557f,0.0888f,0.2416f,-0.9663f,-1.764f,0f,0f,0f,1f],start_interpolation: 0,interpolation_duration: 1}
$data merge entity $(swiftness) {transformation: [-0.6404f,-0.7651f,0.0677f,1.4042f,-0.7319f,0.6346f,0.2483f,0.3209f,-0.2329f,0.1095f,-0.9663f,-1.7721f,0f,0f,0f,1f],start_interpolation: 0,interpolation_duration: 1}
$data merge entity $(suspicious_stew) {transformation: [-1.8551f,0.6629f,0.345f,1.4275f,0.719f,1.835f,0.3403f,0.2945f,-0.2038f,0.4396f,-1.9404f,-1.7529f,0f,0f,0f,1f],start_interpolation: 0,interpolation_duration: 1}
$data merge entity $(log) {transformation: [-0.0677f,-0.7651f,-0.6404f,1.208f,-0.2483f,0.6346f,-0.7319f,0.4118f,0.9663f,0.1095f,-0.2329f,-1.7194f,0f,0f,0f,1f],start_interpolation: 0,interpolation_duration: 1}
$data merge entity $(planks) {transformation: [-0.0677f,-0.7651f,-0.6404f,1.2017f,-0.2483f,0.6346f,-0.7319f,0.3885f,0.9663f,0.1095f,-0.2329f,-1.6288f,0f,0f,0f,1f],start_interpolation: 0,interpolation_duration: 1}
$data merge entity $(lefthand1) {transformation: [-0.0677f,-0.7651f,-0.6404f,1.0537f,-0.2483f,0.6346f,-0.7319f,0.6553f,0.9663f,0.1095f,-0.2329f,-1.9263f,0f,0f,0f,1f],start_interpolation: 0,interpolation_duration: 1}
$data merge entity $(leftforearm) {transformation: [-0.5964f,-0.7593f,0.2604f,0.4785f,-0.6176f,0.6413f,0.4554f,1.0605f,-0.5127f,0.1107f,-0.8514f,-1.8672f,0f,0f,0f,1f],start_interpolation: 0,interpolation_duration: 1}
$data merge entity $(leftelbow) {transformation: [-0.5964f,-0.7593f,0.2604f,0.3361f,-0.6176f,0.6413f,0.4554f,1.1808f,-0.5127f,0.1107f,-0.8514f,-1.8464f,0f,0f,0f,1f],start_interpolation: 0,interpolation_duration: 1}
$data merge entity $(leftarm) {transformation: [-0.2775f,0.2915f,-0.9154f,0.4498f,-0.463f,0.7943f,0.3933f,1.4644f,0.8418f,0.533f,-0.0854f,-1.3931f,0f,0f,0f,1f],start_interpolation: 0,interpolation_duration: 1}
$data merge entity $(rightthumb2) {transformation: [0.0461f,0.2043f,-0.9778f,-0.4442f,0.2989f,0.9312f,0.2086f,0.2082f,0.9532f,-0.3019f,-0.0181f,0.2044f,0f,0f,0f,1f],start_interpolation: 0,interpolation_duration: 1}
$data merge entity $(rightthumb) {transformation: [0.0461f,0.2043f,-0.9778f,-0.4777f,0.2989f,0.9312f,0.2086f,0.4544f,0.9532f,-0.3019f,-0.0181f,0.1288f,0f,0f,0f,1f],start_interpolation: 0,interpolation_duration: 1}
$data merge entity $(rightpointerfinger) {transformation: [0.0461f,0.2043f,-0.9778f,-0.5855f,0.2989f,0.9312f,0.2086f,0.1913f,0.9532f,-0.3019f,-0.0181f,0.3313f,0f,0f,0f,1f],start_interpolation: 0,interpolation_duration: 1}
$data merge entity $(rightmidfinger) {transformation: [0.0461f,0.2043f,-0.9778f,-0.7383f,0.2989f,0.9312f,0.2086f,0.2239f,0.9532f,-0.3019f,-0.0181f,0.3285f,0f,0f,0f,1f],start_interpolation: 0,interpolation_duration: 1}
$data merge entity $(rightringfinger) {transformation: [0.0461f,0.2043f,-0.9778f,-0.8911f,0.2989f,0.9312f,0.2086f,0.2565f,0.9532f,-0.3019f,-0.0181f,0.3256f,0f,0f,0f,1f],start_interpolation: 0,interpolation_duration: 1}
$data merge entity $(hugeasssword) {transformation: [0.1807f,0.8f,-3.8298f,-0.6938f,1.1708f,3.6471f,0.8171f,0.3304f,3.7332f,-1.1826f,-0.0709f,0.0142f,0f,0f,0f,1f],start_interpolation: 0,interpolation_duration: 1}
$data merge entity $(whey) {transformation: [0.0461f,0.9989f,-0.0122f,-0.5834f,0.2989f,-0.0021f,0.9543f,0.1624f,0.9532f,-0.0477f,-0.2987f,-0.1187f,0f,0f,0f,1f],start_interpolation: 0,interpolation_duration: 1}
$data merge entity $(ice) {transformation: [0.0461f,0.2043f,-0.9778f,-0.6977f,0.2989f,0.9312f,0.2086f,0.3112f,0.9532f,-0.3019f,-0.0181f,0.0041f,0f,0f,0f,1f],start_interpolation: 0,interpolation_duration: 1}
$data merge entity $(righthand1) {transformation: [0.0461f,0.2043f,-0.9778f,-0.6657f,0.2989f,0.9312f,0.2086f,0.6252f,0.9532f,-0.3019f,-0.0181f,0.1663f,0f,0f,0f,1f],start_interpolation: 0,interpolation_duration: 1}
$data merge entity $(rightforearm) {transformation: [0.0461f,0.2043f,-0.9778f,-0.5096f,0.2989f,0.9312f,0.2086f,1.258f,0.9532f,-0.3019f,-0.0181f,-0.1053f,0f,0f,0f,1f],start_interpolation: 0,interpolation_duration: 1}
$data merge entity $(rightelbow) {transformation: [0.0461f,0.2043f,-0.9778f,-0.4713f,0.2989f,0.9312f,0.2086f,1.4326f,0.9532f,-0.3019f,-0.0181f,-0.1619f,0f,0f,0f,1f],start_interpolation: 0,interpolation_duration: 1}
$data merge entity $(rightarm) {transformation: [-0.9591f,0.1602f,-0.2335f,-0.1742f,0.108f,0.9692f,0.2213f,1.8867f,0.2618f,0.187f,-0.9468f,-0.0961f,0f,0f,0f,1f],start_interpolation: 0,interpolation_duration: 1}
$data merge entity $(chest1) {transformation: [-0.4506f,0.3496f,-0.921f,-0.0085f,0.305f,1.0126f,0.2352f,1.5502f,0.9368f,-0.1615f,-0.5196f,-0.7715f,0f,0f,0f,1f],start_interpolation: 0,interpolation_duration: 1}
$data merge entity $(chest1lid) {transformation: [-0.416f,0.3227f,-0.8502f,-0.0384f,0.2815f,0.9347f,0.2171f,0.9226f,0.8647f,-0.1491f,-0.4796f,-0.1867f,0f,0f,0f,1f],start_interpolation: 0,interpolation_duration: 1}
$data merge entity $(chest2) {transformation: [-0.416f,0.3227f,-0.8502f,-0.0888f,0.2815f,0.9347f,0.2171f,0.7766f,0.8647f,-0.1491f,-0.4796f,-0.1634f,0f,0f,0f,1f],start_interpolation: 0,interpolation_duration: 1}
$data merge entity $(chest1lid3) {transformation: [-0.416f,0.3227f,-0.8502f,-0.557f,0.2815f,0.9347f,0.2171f,1.0441f,0.8647f,-0.1491f,-0.4796f,-0.548f,0f,0f,0f,1f],start_interpolation: 0,interpolation_duration: 1}
$data merge entity $(chest3) {transformation: [-0.416f,0.3227f,-0.8502f,-0.6075f,0.2815f,0.9347f,0.2171f,0.898f,0.8647f,-0.1491f,-0.4796f,-0.5247f,0f,0f,0f,1f],start_interpolation: 0,interpolation_duration: 1}
$data merge entity $(hugeasssword2) {transformation: [3.3299f,2.0551f,-0.1687f,-0.3717f,-0.8502f,1.6602f,3.444f,3.0391f,1.8786f,-2.8914f,1.8576f,-0.0062f,0f,0f,0f,1f],start_interpolation: 0,interpolation_duration: 1}
$data merge entity $(belt) {transformation: [-0.416f,0.3227f,-0.8502f,-0.0124f,0.2815f,0.9347f,0.2171f,1.1405f,0.8647f,-0.1491f,-0.4796f,-0.677f,0f,0f,0f,1f],start_interpolation: 0,interpolation_duration: 1}
$data merge entity $(torn_part) {transformation: [-0.7465f,0.2036f,-0.6335f,-0.1608f,-0.0853f,0.9149f,0.3945f,0.8766f,0.6599f,0.3486f,-0.6656f,-0.5687f,0f,0f,0f,1f],start_interpolation: 0,interpolation_duration: 1}
$data merge entity $(lowerbody) {transformation: [-0.7465f,0.0037f,-0.6654f,0.0039f,-0.0853f,0.9912f,0.1012f,0.3867f,0.6599f,0.1323f,-0.7396f,-0.5937f,0f,0f,0f,1f],start_interpolation: 0,interpolation_duration: 1}
data modify entity @s data merge value {"cameras":{},"locators":{"soup":{"px":1.5306192533063259,"py":0.5992380825850423,"pz":-1.6167319729769802,"ry":10.082754902679142,"rx":9.795159133965575},"lefthand":{"px":1.2841412386845374,"py":0.39690175314817105,"pz":-1.814905264189716,"ry":289.9869842464679,"rx":-47.046441076477365},"sword":{"px":2.924443137300103,"py":-0.4479604930952118,"pz":0.16512574526411988,"ry":271.059958376577,"rx":12.042243376831179},"righthand":{"px":-0.6812927980391792,"py":0.3213729893088255,"pz":0.09841287203087899,"ry":271.059958376577,"rx":12.042243376831179},"chest":{"px":0.0612930498914217,"py":0.8390741930785125,"pz":-0.07539296212404688,"ry":299.43017318907806,"rx":12.537341855941182}}}