# This file was generated by Animated Java via MC-Build. It is not recommended to edit this file directly.
$data merge entity $(nose) {transformation: [-0.3115f,0.4073f,-0.8585f,0.2486f,0.0292f,0.9071f,0.4198f,2.2337f,0.9498f,0.1057f,-0.2945f,-0.4416f,0f,0f,0f,1f],start_interpolation: 0,interpolation_duration: 1}
$data merge entity $(glowing_eye) {transformation: [-0.3115f,0.4073f,-0.8585f,0.2672f,0.0292f,0.9071f,0.4198f,2.2842f,0.9498f,0.1057f,-0.2945f,-0.3054f,0f,0f,0f,1f],start_interpolation: 0,interpolation_duration: 1}
$data merge entity $(head) {transformation: [-0.3115f,0.4073f,-0.8585f,0.0376f,0.0292f,0.9071f,0.4198f,2.2003f,0.9498f,0.1057f,-0.2945f,-0.5098f,0f,0f,0f,1f],start_interpolation: 0,interpolation_duration: 1}
$data merge entity $(leftthumb2) {transformation: [0.0948f,-0.2952f,0.9507f,1.3901f,-0.9951f,-0.0566f,0.0816f,1.2835f,0.0297f,-0.9538f,-0.2991f,-0.2667f,0f,0f,0f,1f],start_interpolation: 0,interpolation_duration: 1}
$data merge entity $(leftthumb) {transformation: [0.0948f,-0.2952f,0.9507f,1.399f,-0.9951f,-0.0566f,0.0816f,1.2766f,0.0297f,-0.9538f,-0.2991f,-0.5262f,0f,0f,0f,1f],start_interpolation: 0,interpolation_duration: 1}
$data merge entity $(leftpointerfinger) {transformation: [-0.7671f,-0.6204f,-0.1632f,1.6788f,-0.0801f,0.345f,-0.9352f,1.1283f,0.6365f,-0.7043f,-0.3143f,-0.3794f,0f,0f,0f,1f],start_interpolation: 0,interpolation_duration: 1}
$data merge entity $(leftmidfinger) {transformation: [-0.7671f,-0.6204f,-0.1632f,1.6533f,-0.0801f,0.345f,-0.9352f,0.9821f,0.6365f,-0.7043f,-0.3143f,-0.4286f,0f,0f,0f,1f],start_interpolation: 0,interpolation_duration: 1}
$data merge entity $(leftringfinger) {transformation: [-0.7671f,-0.6204f,-0.1632f,1.6278f,-0.0801f,0.345f,-0.9352f,0.836f,0.6365f,-0.7043f,-0.3143f,-0.4777f,0f,0f,0f,1f],start_interpolation: 0,interpolation_duration: 1}
$data merge entity $(invisibility) {transformation: [-0.6323f,0.1085f,0.7671f,1.4722f,0.2622f,0.9617f,0.0801f,1.1802f,-0.729f,0.2518f,-0.6365f,-0.3273f,0f,0f,0f,1f],start_interpolation: 0,interpolation_duration: 1}
$data merge entity $(swiftness) {transformation: [-0.1632f,-0.6204f,0.7671f,1.4857f,-0.9352f,0.345f,0.0801f,0.954f,-0.3143f,-0.7043f,-0.6365f,-0.2577f,0f,0f,0f,1f],start_interpolation: 0,interpolation_duration: 1}
$data merge entity $(suspicious_stew) {transformation: [-0.3702f,0.227f,2.095f,1.5544f,0.457f,2.0851f,-0.1452f,0.7908f,-2.0571f,0.4223f,-0.4093f,0.1922f,0f,0f,0f,1f],start_interpolation: 0,interpolation_duration: 1}
$data merge entity $(log) {transformation: [-0.7671f,-0.6204f,-0.1632f,1.3136f,-0.0801f,0.345f,-0.9352f,0.9805f,0.6365f,-0.7043f,-0.3143f,-0.3963f,0f,0f,0f,1f],start_interpolation: 0,interpolation_duration: 1}
$data merge entity $(planks) {transformation: [-0.7671f,-0.6204f,-0.1632f,1.2416f,-0.0801f,0.345f,-0.9352f,0.973f,0.6365f,-0.7043f,-0.3143f,-0.3367f,0f,0f,0f,1f],start_interpolation: 0,interpolation_duration: 1}
$data merge entity $(lefthand1) {transformation: [-0.7671f,-0.6204f,-0.1632f,1.3553f,-0.0801f,0.345f,-0.9352f,1.116f,0.6365f,-0.7043f,-0.3143f,-0.7217f,0f,0f,0f,1f],start_interpolation: 0,interpolation_duration: 1}
$data merge entity $(leftforearm) {transformation: [0.0899f,-0.6159f,0.7827f,0.9157f,-0.8532f,0.3578f,0.3796f,1.3083f,-0.5138f,-0.7019f,-0.4933f,-1.2397f,0f,0f,0f,1f],start_interpolation: 0,interpolation_duration: 1}
$data merge entity $(leftelbow) {transformation: [0.0899f,-0.6159f,0.7827f,0.8002f,-0.8532f,0.3578f,0.3796f,1.3753f,-0.5138f,-0.7019f,-0.4933f,-1.3713f,0f,0f,0f,1f],start_interpolation: 0,interpolation_duration: 1}
$data merge entity $(leftarm) {transformation: [-0.6944f,-0.0828f,-0.7148f,0.6292f,-0.426f,0.8479f,0.3156f,1.6962f,0.5799f,0.5237f,-0.6241f,-0.9631f,0f,0f,0f,1f],start_interpolation: 0,interpolation_duration: 1}
$data merge entity $(rightthumb2) {transformation: [-0.6762f,-0.6426f,-0.3604f,0.0544f,-0.102f,0.5661f,-0.818f,0.7551f,0.7296f,-0.5163f,-0.4484f,0.5505f,0f,0f,0f,1f],start_interpolation: 0,interpolation_duration: 1}
$data merge entity $(rightthumb) {transformation: [-0.6762f,-0.6426f,-0.3604f,-0.134f,-0.102f,0.5661f,-0.818f,0.8241f,0.7296f,-0.5163f,-0.4484f,0.3856f,0f,0f,0f,1f],start_interpolation: 0,interpolation_duration: 1}
$data merge entity $(rightpointerfinger) {transformation: [-0.6762f,-0.6426f,-0.3604f,-0.014f,-0.102f,0.5661f,-0.818f,0.5888f,0.7296f,-0.5163f,-0.4484f,0.6138f,0f,0f,0f,1f],start_interpolation: 0,interpolation_duration: 1}
$data merge entity $(rightmidfinger) {transformation: [-0.6762f,-0.6426f,-0.3604f,-0.0703f,-0.102f,0.5661f,-0.818f,0.461f,0.7296f,-0.5163f,-0.4484f,0.5437f,0f,0f,0f,1f],start_interpolation: 0,interpolation_duration: 1}
$data merge entity $(rightringfinger) {transformation: [-0.6762f,-0.6426f,-0.3604f,-0.1266f,-0.102f,0.5661f,-0.818f,0.3332f,0.7296f,-0.5163f,-0.4484f,0.4737f,0f,0f,0f,1f],start_interpolation: 0,interpolation_duration: 1}
$data merge entity $(hugeasssword) {transformation: [-2.6484f,-2.5167f,-1.4116f,-0.0156f,-0.3995f,2.2174f,-3.2037f,0.6159f,2.8577f,-2.0223f,-1.7561f,0.252f,0f,0f,0f,1f],start_interpolation: 0,interpolation_duration: 1}
$data merge entity $(whey) {transformation: [-0.6762f,0.2128f,-0.7053f,0.2116f,-0.102f,0.9211f,0.3757f,0.6953f,0.7296f,0.326f,-0.6011f,0.2381f,0f,0f,0f,1f],start_interpolation: 0,interpolation_duration: 1}
$data merge entity $(ice) {transformation: [-0.6762f,-0.6426f,-0.3604f,0.005f,-0.102f,0.5661f,-0.818f,0.6086f,0.7296f,-0.5163f,-0.4484f,0.2487f,0f,0f,0f,1f],start_interpolation: 0,interpolation_duration: 1}
$data merge entity $(righthand1) {transformation: [-0.6762f,-0.6426f,-0.3604f,-0.3359f,-0.102f,0.5661f,-0.818f,0.6991f,0.7296f,-0.5163f,-0.4484f,0.288f,0f,0f,0f,1f],start_interpolation: 0,interpolation_duration: 1}
$data merge entity $(rightforearm) {transformation: [-0.6762f,-0.6426f,-0.3604f,-0.7398f,-0.102f,0.5661f,-0.818f,1.1163f,0.7296f,-0.5163f,-0.4484f,-0.1136f,0f,0f,0f,1f],start_interpolation: 0,interpolation_duration: 1}
$data merge entity $(rightelbow) {transformation: [-0.6762f,-0.6426f,-0.3604f,-0.8603f,-0.102f,0.5661f,-0.818f,1.2225f,0.7296f,-0.5163f,-0.4484f,-0.2104f,0f,0f,0f,1f],start_interpolation: 0,interpolation_duration: 1}
$data merge entity $(rightarm) {transformation: [-0.9828f,0.004f,-0.1845f,-0.6375f,-0.0182f,0.9928f,0.1188f,1.7191f,0.1836f,0.1201f,-0.9756f,-0.1601f,0f,0f,0f,1f],start_interpolation: 0,interpolation_duration: 1}
$data merge entity $(chest1) {transformation: [-0.9149f,0.1235f,-0.5669f,-0.082f,0.0165f,1.0636f,0.2051f,1.5712f,0.58f,0.1645f,-0.9001f,-0.6761f,0f,0f,0f,1f],start_interpolation: 0,interpolation_duration: 1}
$data merge entity $(chest1lid) {transformation: [-0.8445f,0.114f,-0.5233f,-0.2435f,0.0153f,0.9818f,0.1893f,0.8313f,0.5353f,0.1519f,-0.8309f,-0.272f,0f,0f,0f,1f],start_interpolation: 0,interpolation_duration: 1}
$data merge entity $(chest2) {transformation: [-0.8445f,0.114f,-0.5233f,-0.2613f,0.0153f,0.9818f,0.1893f,0.6779f,0.5353f,0.1519f,-0.8309f,-0.2957f,0f,0f,0f,1f],start_interpolation: 0,interpolation_duration: 1}
$data merge entity $(chest1lid3) {transformation: [-0.8445f,0.114f,-0.5233f,-0.5259f,0.0153f,0.9818f,0.1893f,0.9516f,0.5353f,0.1519f,-0.8309f,-0.8377f,0f,0f,0f,1f],start_interpolation: 0,interpolation_duration: 1}
$data merge entity $(chest3) {transformation: [-0.8445f,0.114f,-0.5233f,-0.5437f,0.0153f,0.9818f,0.1893f,0.7982f,0.5353f,0.1519f,-0.8309f,-0.8615f,0f,0f,0f,1f],start_interpolation: 0,interpolation_duration: 1}
$data merge entity $(hugeasssword2) {transformation: [2.0496f,2.7403f,-1.9054f,-1.1288f,-0.7414f,2.5539f,2.8755f,2.7793f,3.2542f,-1.144f,1.8551f,-0.0605f,0f,0f,0f,1f],start_interpolation: 0,interpolation_duration: 1}
$data merge entity $(belt) {transformation: [-0.8445f,0.114f,-0.5233f,-0.0319f,0.0153f,0.9818f,0.1893f,1.1548f,0.5353f,0.1519f,-0.8309f,-0.645f,0f,0f,0f,1f],start_interpolation: 0,interpolation_duration: 1}
$data merge entity $(torn_part) {transformation: [-0.8815f,0.1201f,-0.4567f,-0.1596f,-0.0678f,0.9249f,0.3742f,0.8768f,0.4673f,0.3608f,-0.8071f,-0.6221f,0f,0f,0f,1f],start_interpolation: 0,interpolation_duration: 1}
$data merge entity $(lowerbody) {transformation: [-0.8815f,-0.0228f,-0.4717f,0.0039f,-0.0678f,0.9946f,0.0787f,0.3867f,0.4673f,0.1014f,-0.8783f,-0.5937f,0f,0f,0f,1f],start_interpolation: 0,interpolation_duration: 1}
execute on vehicle unless entity @s[tag=aj.transforms_only] positioned ^1.5279176156 ^1.1536797683 ^0.2775839186 rotated ~78.9466821474 ~-3.8918935914 run function animated_java:wander/animations/sit_eat/zzz/frames/86_locator_soup
data modify entity @s data merge value {"cameras":{},"locators":{"soup":{"px":1.5279176155870153,"py":1.1536797682550217,"pz":0.27758391857068576,"ry":78.94668214743297,"rx":-3.8918935914089343},"lefthand":{"px":1.4364966970800297,"py":0.9756508196780098,"pz":-0.39607224903940735,"ry":332.55807496442566,"rx":-69.25646703999182},"sword":{"px":1.2863273676030553,"py":3.6192545223995904,"pz":1.985523789015954,"ry":321.2066534592308,"rx":-54.88230008618778},"righthand":{"px":-0.04267260516833227,"py":0.6029826000214891,"pz":0.3321880661069118,"ry":321.2066534592308,"rx":-54.88230008618778},"chest":{"px":-0.19522222830313635,"py":0.7408240074577144,"pz":-0.1349491490710194,"ry":327.7967675216317,"rx":10.911365016768409}}}