# This file was generated by Animated Java via MC-Build. It is not recommended to edit this file directly.
$data merge entity $(nose) {transformation: [-0.5697f,0.0553f,-0.82f,0.3414f,0.1199f,0.9926f,-0.0164f,2.3213f,0.813f,-0.1077f,-0.5722f,-0.4319f,0f,0f,0f,1f],start_interpolation: 0,interpolation_duration: 1}
$data merge entity $(glowing_eye) {transformation: [-0.5697f,0.0553f,-0.82f,0.3025f,0.1199f,0.9926f,-0.0164f,2.4041f,0.813f,-0.1077f,-0.5722f,-0.3176f,0f,0f,0f,1f],start_interpolation: 0,interpolation_duration: 1}
$data merge entity $(head) {transformation: [-0.5697f,0.0553f,-0.82f,0.181f,0.1199f,0.9926f,-0.0164f,2.1957f,0.813f,-0.1077f,-0.5722f,-0.5258f,0f,0f,0f,1f],start_interpolation: 0,interpolation_duration: 1}
$data merge entity $(leftthumb2) {transformation: [-0.3356f,-0.1942f,0.9218f,0.9735f,-0.7812f,0.6042f,-0.1571f,0.356f,-0.5265f,-0.7728f,-0.3544f,-0.1915f,0f,0f,0f,1f],start_interpolation: 0,interpolation_duration: 1}
$data merge entity $(leftthumb) {transformation: [-0.3356f,-0.1942f,0.9218f,1.0046f,-0.7812f,0.6042f,-0.1571f,0.4907f,-0.5265f,-0.7728f,-0.3544f,-0.4113f,0f,0f,0f,1f],start_interpolation: 0,interpolation_duration: 1}
$data merge entity $(leftpointerfinger) {transformation: [-0.427f,-0.2648f,0.8646f,1.1788f,-0.7097f,0.6907f,-0.139f,0.3352f,-0.5604f,-0.6729f,-0.4828f,-0.1519f,0f,0f,0f,1f],start_interpolation: 0,interpolation_duration: 1}
$data merge entity $(leftmidfinger) {transformation: [-0.427f,-0.2648f,0.8646f,1.3139f,-0.7097f,0.6907f,-0.139f,0.3135f,-0.5604f,-0.6729f,-0.4828f,-0.2273f,0f,0f,0f,1f],start_interpolation: 0,interpolation_duration: 1}
$data merge entity $(leftringfinger) {transformation: [-0.427f,-0.2648f,0.8646f,1.449f,-0.7097f,0.6907f,-0.139f,0.2918f,-0.5604f,-0.6729f,-0.4828f,-0.3027f,0f,0f,0f,1f],start_interpolation: 0,interpolation_duration: 1}
$data merge entity $(invisibility) {transformation: [-0.1884f,-0.8844f,0.427f,1.0427f,0.6759f,0.1986f,0.7097f,0.282f,-0.7125f,0.4223f,0.5604f,-0.3154f,0f,0f,0f,1f],start_interpolation: 0,interpolation_duration: 1}
$data merge entity $(swiftness) {transformation: [0.8646f,-0.2648f,0.427f,1.2185f,-0.139f,0.6907f,0.7097f,0.1255f,-0.4828f,-0.6729f,0.5604f,-0.344f,0f,0f,0f,1f],start_interpolation: 0,interpolation_duration: 1}
$data merge entity $(suspicious_stew) {transformation: [0f,0f,0f,1.2173f,0f,0f,0f,0.2274f,0f,0f,0f,-0.3755f,0f,0f,0f,1f],start_interpolation: 0,interpolation_duration: 1}
$data merge entity $(log) {transformation: [-0.427f,-0.2648f,0.8646f,1.1846f,-0.7097f,0.6907f,-0.139f,0.2369f,-0.5604f,-0.6729f,-0.4828f,-0.5337f,0f,0f,0f,1f],start_interpolation: 0,interpolation_duration: 1}
$data merge entity $(planks) {transformation: [-0.427f,-0.2648f,0.8646f,1.1446f,-0.7097f,0.6907f,-0.139f,0.1703f,-0.5604f,-0.6729f,-0.4828f,-0.5863f,0f,0f,0f,1f],start_interpolation: 0,interpolation_duration: 1}
$data merge entity $(lefthand1) {transformation: [-0.427f,-0.2648f,0.8646f,1.1982f,-0.7097f,0.6907f,-0.139f,0.5913f,-0.5604f,-0.6729f,-0.4828f,-0.5468f,0f,0f,0f,1f],start_interpolation: 0,interpolation_duration: 1}
$data merge entity $(leftforearm) {transformation: [-0.427f,-0.2648f,0.8646f,0.9718f,-0.7097f,0.6907f,-0.139f,1.0347f,-0.5604f,-0.6729f,-0.4828f,-1.0474f,0f,0f,0f,1f],start_interpolation: 0,interpolation_duration: 1}
$data merge entity $(leftelbow) {transformation: [-0.427f,-0.2648f,0.8646f,0.9222f,-0.7097f,0.6907f,-0.139f,1.1642f,-0.5604f,-0.6729f,-0.4828f,-1.1736f,0f,0f,0f,1f],start_interpolation: 0,interpolation_duration: 1}
$data merge entity $(leftarm) {transformation: [-0.8244f,-0.0608f,-0.5628f,0.729f,-0.1274f,0.9886f,0.0798f,1.6282f,0.5515f,0.1374f,-0.8228f,-0.9585f,0f,0f,0f,1f],start_interpolation: 0,interpolation_duration: 1}
$data merge entity $(rightthumb2) {transformation: [-0.1101f,-0.0271f,-0.9936f,-0.4911f,0.4111f,0.9089f,-0.0703f,0.1994f,0.9049f,-0.4162f,-0.0889f,0.3072f,0f,0f,0f,1f],start_interpolation: 0,interpolation_duration: 1}
$data merge entity $(rightthumb) {transformation: [-0.1101f,-0.0271f,-0.9936f,-0.5827f,0.4111f,0.9089f,-0.0703f,0.4163f,0.9049f,-0.4162f,-0.0889f,0.1976f,0f,0f,0f,1f],start_interpolation: 0,interpolation_duration: 1}
$data merge entity $(rightpointerfinger) {transformation: [-0.1101f,-0.0271f,-0.9936f,-0.6324f,0.4111f,0.9089f,-0.0703f,0.1598f,0.9049f,-0.4162f,-0.0889f,0.4289f,0f,0f,0f,1f],start_interpolation: 0,interpolation_duration: 1}
$data merge entity $(rightmidfinger) {transformation: [-0.1101f,-0.0271f,-0.9936f,-0.7877f,0.4111f,0.9089f,-0.0703f,0.1488f,0.9049f,-0.4162f,-0.0889f,0.415f,0f,0f,0f,1f],start_interpolation: 0,interpolation_duration: 1}
$data merge entity $(rightringfinger) {transformation: [-0.1101f,-0.0271f,-0.9936f,-0.9429f,0.4111f,0.9089f,-0.0703f,0.1378f,0.9049f,-0.4162f,-0.0889f,0.4012f,0f,0f,0f,1f],start_interpolation: 0,interpolation_duration: 1}
$data merge entity $(hugeasssword) {transformation: [-0.4312f,-0.106f,-3.8914f,-0.7484f,1.61f,3.5598f,-0.2754f,0.2253f,3.5443f,-1.63f,-0.3483f,0.0915f,0f,0f,0f,1f],start_interpolation: 0,interpolation_duration: 1}
$data merge entity $(whey) {transformation: [-0.1101f,0.9641f,-0.2415f,-0.5872f,0.4111f,0.2654f,0.8721f,0.0793f,0.9049f,-0.0032f,-0.4255f,-0.0125f,0f,0f,0f,1f],start_interpolation: 0,interpolation_duration: 1}
$data merge entity $(ice) {transformation: [-0.1101f,-0.0271f,-0.9936f,-0.7462f,0.4111f,0.9089f,-0.0703f,0.2047f,0.9049f,-0.4162f,-0.0889f,0.0839f,0f,0f,0f,1f],start_interpolation: 0,interpolation_duration: 1}
$data merge entity $(righthand1) {transformation: [-0.1101f,-0.0271f,-0.9936f,-0.8116f,0.4111f,0.9089f,-0.0703f,0.5325f,0.9049f,-0.4162f,-0.0889f,0.2033f,0f,0f,0f,1f],start_interpolation: 0,interpolation_duration: 1}
$data merge entity $(rightforearm) {transformation: [-0.1101f,-0.0271f,-0.9936f,-0.8082f,0.4111f,0.9089f,-0.0703f,1.1469f,0.9049f,-0.4162f,-0.0889f,-0.1445f,0f,0f,0f,1f],start_interpolation: 0,interpolation_duration: 1}
$data merge entity $(rightelbow) {transformation: [-0.1101f,-0.0271f,-0.9936f,-0.8133f,0.4111f,0.9089f,-0.0703f,1.3173f,0.9049f,-0.4162f,-0.0889f,-0.2225f,0f,0f,0f,1f],start_interpolation: 0,interpolation_duration: 1}
$data merge entity $(rightarm) {transformation: [-0.9867f,0.1113f,-0.1182f,-0.5381f,0.0984f,0.9891f,0.1097f,1.7869f,0.1291f,0.0966f,-0.9869f,-0.1716f,0f,0f,0f,1f],start_interpolation: 0,interpolation_duration: 1}
$data merge entity $(chest1) {transformation: [-0.9151f,0.2175f,-0.5375f,0.0067f,0.1146f,1.0523f,0.2306f,1.5755f,0.5683f,0.1379f,-0.9119f,-0.6769f,0f,0f,0f,1f],start_interpolation: 0,interpolation_duration: 1}
$data merge entity $(chest1lid) {transformation: [-0.8447f,0.2007f,-0.4961f,-0.2248f,0.1058f,0.9713f,0.2128f,0.8645f,0.5246f,0.1273f,-0.8418f,-0.2554f,0f,0f,0f,1f],start_interpolation: 0,interpolation_duration: 1}
$data merge entity $(chest2) {transformation: [-0.8447f,0.2007f,-0.4961f,-0.2561f,0.1058f,0.9713f,0.2128f,0.7127f,0.5246f,0.1273f,-0.8418f,-0.2753f,0f,0f,0f,1f],start_interpolation: 0,interpolation_duration: 1}
$data merge entity $(chest1lid3) {transformation: [-0.8447f,0.2007f,-0.4961f,-0.4898f,0.1058f,0.9713f,0.2128f,0.9942f,0.5246f,0.1273f,-0.8418f,-0.8274f,0f,0f,0f,1f],start_interpolation: 0,interpolation_duration: 1}
$data merge entity $(chest3) {transformation: [-0.8447f,0.2007f,-0.4961f,-0.5211f,0.1058f,0.9713f,0.2128f,0.8425f,0.5246f,0.1273f,-0.8418f,-0.8473f,0f,0f,0f,1f],start_interpolation: 0,interpolation_duration: 1}
$data merge entity $(hugeasssword2) {transformation: [1.9431f,2.9705f,-1.6556f,-0.9326f,-0.8336f,2.2647f,3.0849f,2.8893f,3.2969f,-1.1781f,1.7558f,-0.1058f,0f,0f,0f,1f],start_interpolation: 0,interpolation_duration: 1}
$data merge entity $(belt) {transformation: [-0.8447f,0.2007f,-0.4961f,0.0188f,0.1058f,0.9713f,0.2128f,1.1574f,0.5246f,0.1273f,-0.8418f,-0.6342f,0f,0f,0f,1f],start_interpolation: 0,interpolation_duration: 1}
$data merge entity $(torn_part) {transformation: [-0.9395f,0.1f,-0.3276f,-0.1376f,-0.0513f,0.9046f,0.4231f,0.8836f,0.3387f,0.4143f,-0.8448f,-0.6226f,0f,0f,0f,1f],start_interpolation: 0,interpolation_duration: 1}
$data merge entity $(lowerbody) {transformation: [-0.9395f,-0.0032f,-0.3425f,0.0039f,-0.0513f,0.99f,0.1315f,0.3867f,0.3387f,0.1411f,-0.9303f,-0.5937f,0f,0f,0f,1f],start_interpolation: 0,interpolation_duration: 1}
data modify entity @s data merge value {"cameras":{},"locators":{"soup":{"px":1.2172548634080473,"py":0.22735547589348656,"pz":-0.3755096765874846,"ry":142.61663257151304,"rx":45.40792041374663},"lefthand":{"px":1.2318569811872373,"py":0.2516091088523572,"pz":-0.42106742640919037,"ry":60.81968414810642,"rx":-7.987766283522906},"sword":{"px":2.9231029110758224,"py":0.48936993015281105,"pz":0.5045749111686252,"ry":275.1150848016842,"rx":-4.031791530699414},"righthand":{"px":-0.7406225728289447,"py":0.23010188541266274,"pz":0.17662383316552802,"ry":275.1150848016842,"rx":-4.031791530699414},"chest":{"px":-0.18618139201908915,"py":0.7738471312644686,"pz":-0.11541684784022696,"ry":329.48601048273144,"rx":12.289120999116497}}}