# This file was generated by Animated Java via MC-Build. It is not recommended to edit this file directly.
$data merge entity $(nose) {transformation: [-0.8862f,0.1227f,-0.4468f,0.0358f,-0.0108f,0.9585f,0.2848f,2.2634f,0.4633f,0.2572f,-0.8481f,-0.3536f,0f,0f,0f,1f],start_interpolation: 0,interpolation_duration: 1}
$data merge entity $(glowing_eye) {transformation: [-0.8862f,0.1227f,-0.4468f,-0.0511f,-0.0108f,0.9585f,0.2848f,2.3171f,0.4633f,0.2572f,-0.8481f,-0.2487f,0f,0f,0f,1f],start_interpolation: 0,interpolation_duration: 1}
$data merge entity $(head) {transformation: [-0.8862f,0.1227f,-0.4468f,-0.0631f,-0.0108f,0.9585f,0.2848f,2.1984f,0.4633f,0.2572f,-0.8481f,-0.5441f,0f,0f,0f,1f],start_interpolation: 0,interpolation_duration: 1}
$data merge entity $(leftthumb2) {transformation: [0.0189f,0.2498f,0.9681f,0.9534f,-0.9069f,-0.4033f,0.1218f,1.7199f,0.4209f,-0.8803f,0.2189f,0.3478f,0f,0f,0f,1f],start_interpolation: 0,interpolation_duration: 1}
$data merge entity $(leftthumb) {transformation: [0.0189f,0.2498f,0.9681f,1.0973f,-0.9069f,-0.4033f,0.1218f,1.6314f,0.4209f,-0.8803f,0.2189f,0.1506f,0f,0f,0f,1f],start_interpolation: 0,interpolation_duration: 1}
$data merge entity $(leftpointerfinger) {transformation: [-0.9881f,-0.1488f,-0.0397f,1.2524f,0.0457f,-0.037f,-0.9983f,1.5917f,0.1471f,-0.9882f,0.0434f,0.4608f,0f,0f,0f,1f],start_interpolation: 0,interpolation_duration: 1}
$data merge entity $(leftmidfinger) {transformation: [-0.9881f,-0.1488f,-0.0397f,1.2462f,0.0457f,-0.037f,-0.9983f,1.4358f,0.1471f,-0.9882f,0.0434f,0.4676f,0f,0f,0f,1f],start_interpolation: 0,interpolation_duration: 1}
$data merge entity $(leftringfinger) {transformation: [-0.9881f,-0.1488f,-0.0397f,1.24f,0.0457f,-0.037f,-0.9983f,1.2798f,0.1471f,-0.9882f,0.0434f,0.4744f,0f,0f,0f,1f],start_interpolation: 0,interpolation_duration: 1}
$data merge entity $(invisibility) {transformation: [-0.1517f,0.0266f,0.9881f,1.0521f,-0.1239f,0.9912f,-0.0457f,1.6275f,-0.9806f,-0.1293f,-0.1471f,0.379f,0f,0f,0f,1f],start_interpolation: 0,interpolation_duration: 1}
$data merge entity $(swiftness) {transformation: [-0.0397f,-0.1488f,0.9881f,1.0133f,-0.9983f,-0.037f,-0.0457f,1.4477f,0.0434f,-0.9882f,-0.1471f,0.5286f,0f,0f,0f,1f],start_interpolation: 0,interpolation_duration: 1}
$data merge entity $(suspicious_stew) {transformation: [1.6197f,0.1134f,1.4058f,0.6f,-0.3279f,2.1123f,0.2074f,1.4848f,-1.3717f,-0.371f,1.6104f,1.0058f,0f,0f,0f,1f],start_interpolation: 0,interpolation_duration: 1}
$data merge entity $(log) {transformation: [-0.9881f,-0.1488f,-0.0397f,0.9385f,0.0457f,-0.037f,-0.9983f,1.3949f,0.1471f,-0.9882f,0.0434f,0.3257f,0f,0f,0f,1f],start_interpolation: 0,interpolation_duration: 1}
$data merge entity $(planks) {transformation: [-0.9881f,-0.1488f,-0.0397f,0.8459f,0.0457f,-0.037f,-0.9983f,1.3992f,0.1471f,-0.9882f,0.0434f,0.3395f,0f,0f,0f,1f],start_interpolation: 0,interpolation_duration: 1}
$data merge entity $(lefthand1) {transformation: [-0.9881f,-0.1488f,-0.0397f,1.1496f,0.0457f,-0.037f,-0.9983f,1.4054f,0.1471f,-0.9882f,0.0434f,0.0405f,0f,0f,0f,1f],start_interpolation: 0,interpolation_duration: 1}
$data merge entity $(leftforearm) {transformation: [0.2925f,-0.1441f,0.9454f,1.0518f,-0.956f,-0.0228f,0.2923f,1.325f,-0.0205f,-0.9893f,-0.1444f,-0.6541f,0f,0f,0f,1f],start_interpolation: 0,interpolation_duration: 1}
$data merge entity $(leftelbow) {transformation: [0.2925f,-0.1441f,0.9454f,1.0248f,-0.956f,-0.0228f,0.2923f,1.3207f,-0.0205f,-0.9893f,-0.1444f,-0.8396f,0f,0f,0f,1f],start_interpolation: 0,interpolation_duration: 1}
$data merge entity $(leftarm) {transformation: [-0.9157f,-0.302f,-0.2651f,0.6818f,-0.291f,0.9533f,-0.0807f,1.7363f,0.2771f,0.0032f,-0.9608f,-0.7473f,0f,0f,0f,1f],start_interpolation: 0,interpolation_duration: 1}
$data merge entity $(rightthumb2) {transformation: [-0.7864f,-0.6058f,0.1212f,-0.2483f,-0.1398f,-0.0166f,-0.99f,1.5163f,0.6017f,-0.7955f,-0.0716f,0.7595f,0f,0f,0f,1f],start_interpolation: 0,interpolation_duration: 1}
$data merge entity $(rightthumb) {transformation: [-0.7864f,-0.6058f,0.1212f,-0.3865f,-0.1398f,-0.0166f,-0.99f,1.4276f,0.6017f,-0.7955f,-0.0716f,0.5583f,0f,0f,0f,1f],start_interpolation: 0,interpolation_duration: 1}
$data merge entity $(rightpointerfinger) {transformation: [-0.7864f,-0.6058f,0.1212f,-0.268f,-0.1398f,-0.0166f,-0.99f,1.3714f,0.6017f,-0.7955f,-0.0716f,0.8818f,0f,0f,0f,1f],start_interpolation: 0,interpolation_duration: 1}
$data merge entity $(rightmidfinger) {transformation: [-0.7864f,-0.6058f,0.1212f,-0.2491f,-0.1398f,-0.0166f,-0.99f,1.2167f,0.6017f,-0.7955f,-0.0716f,0.8706f,0f,0f,0f,1f],start_interpolation: 0,interpolation_duration: 1}
$data merge entity $(rightringfinger) {transformation: [-0.7864f,-0.6058f,0.1212f,-0.2302f,-0.1398f,-0.0166f,-0.99f,1.062f,0.6017f,-0.7955f,-0.0716f,0.8594f,0f,0f,0f,1f],start_interpolation: 0,interpolation_duration: 1}
$data merge entity $(hugeasssword) {transformation: [-3.0799f,-2.3725f,0.4746f,-0.1652f,-0.5474f,-0.0651f,-3.8777f,1.2659f,2.3568f,-3.1156f,-0.2804f,0.5503f,0f,0f,0f,1f],start_interpolation: 0,interpolation_duration: 1}
$data merge entity $(whey) {transformation: [-0.7864f,-0.2494f,-0.5652f,0.0097f,-0.1398f,0.963f,-0.2305f,1.4307f,0.6017f,-0.1023f,-0.7921f,0.5315f,0f,0f,0f,1f],start_interpolation: 0,interpolation_duration: 1}
$data merge entity $(ice) {transformation: [-0.7864f,-0.6058f,0.1212f,-0.1434f,-0.1398f,-0.0166f,-0.99f,1.2683f,0.6017f,-0.7955f,-0.0716f,0.5533f,0f,0f,0f,1f],start_interpolation: 0,interpolation_duration: 1}
$data merge entity $(righthand1) {transformation: [-0.7864f,-0.6058f,0.1212f,-0.4877f,-0.1398f,-0.0166f,-0.99f,1.1983f,0.6017f,-0.7955f,-0.0716f,0.5026f,0f,0f,0f,1f],start_interpolation: 0,interpolation_duration: 1}
$data merge entity $(rightforearm) {transformation: [-0.7864f,-0.6058f,0.1212f,-0.8663f,-0.1398f,-0.0166f,-0.99f,1.2108f,0.6017f,-0.7955f,-0.0716f,-0.0932f,0f,0f,0f,1f],start_interpolation: 0,interpolation_duration: 1}
$data merge entity $(rightelbow) {transformation: [-0.7864f,-0.6058f,0.1212f,-0.9799f,-0.1398f,-0.0166f,-0.99f,1.2077f,0.6017f,-0.7955f,-0.0716f,-0.2423f,0f,0f,0f,1f],start_interpolation: 0,interpolation_duration: 1}
$data merge entity $(rightarm) {transformation: [-0.9897f,-0.0578f,-0.1306f,-0.7882f,0.0031f,0.9057f,-0.424f,1.6731f,0.1428f,-0.42f,-0.8962f,-0.4556f,0f,0f,0f,1f],start_interpolation: 0,interpolation_duration: 1}
$data merge entity $(chest1) {transformation: [-1.0617f,-0.0091f,-0.2154f,-0.076f,-0.0456f,1.0674f,0.1795f,1.5649f,0.2107f,0.185f,-1.0464f,-0.7347f,0f,0f,0f,1f],start_interpolation: 0,interpolation_duration: 1}
$data merge entity $(chest1lid) {transformation: [-0.98f,-0.0084f,-0.1988f,-0.3271f,-0.0421f,0.9853f,0.1657f,0.8123f,0.1945f,0.1707f,-0.9659f,-0.407f,0f,0f,0f,1f],start_interpolation: 0,interpolation_duration: 1}
$data merge entity $(chest2) {transformation: [-0.98f,-0.0084f,-0.1988f,-0.3257f,-0.0421f,0.9853f,0.1657f,0.6584f,0.1945f,0.1707f,-0.9659f,-0.4337f,0f,0f,0f,1f],start_interpolation: 0,interpolation_duration: 1}
$data merge entity $(chest1lid3) {transformation: [-0.98f,-0.0084f,-0.1988f,-0.3932f,-0.0421f,0.9853f,0.1657f,0.9211f,0.1945f,0.1707f,-0.9659f,-1.038f,0f,0f,0f,1f],start_interpolation: 0,interpolation_duration: 1}
$data merge entity $(chest3) {transformation: [-0.98f,-0.0084f,-0.1988f,-0.3919f,-0.0421f,0.9853f,0.1657f,0.7671f,0.1945f,0.1707f,-0.9659f,-1.0646f,0f,0f,0f,1f],start_interpolation: 0,interpolation_duration: 1}
$data merge entity $(hugeasssword2) {transformation: [0.7787f,2.8076f,-2.6175f,-1.3459f,-0.649f,2.7287f,2.7338f,2.7002f,3.7832f,-0.1098f,1.0077f,-0.5528f,0f,0f,0f,1f],start_interpolation: 0,interpolation_duration: 1}
$data merge entity $(belt) {transformation: [-0.98f,-0.0084f,-0.1988f,-0.0153f,-0.0421f,0.9853f,0.1657f,1.1521f,0.1945f,0.1707f,-0.9659f,-0.6825f,0f,0f,0f,1f],start_interpolation: 0,interpolation_duration: 1}
$data merge entity $(torn_part) {transformation: [-0.9786f,0.0385f,-0.2021f,-0.1321f,-0.0316f,0.9424f,0.3329f,0.8762f,0.2033f,0.3322f,-0.921f,-0.692f,0f,0f,0f,1f],start_interpolation: 0,interpolation_duration: 1}
$data merge entity $(lowerbody) {transformation: [-0.9786f,-0.024f,-0.2043f,0.0039f,-0.0316f,0.9989f,0.0341f,0.3867f,0.2033f,0.0399f,-0.9783f,-0.5937f,0f,0f,0f,1f],start_interpolation: 0,interpolation_duration: 1}
execute on vehicle unless entity @s[tag=aj.transforms_only] positioned ^0.5755534213 ^1.8414265271 ^0.8917409989 rotated ~138.880054418 ~5.5410767054 run function animated_java:wander/animations/sit_eat/zzz/frames/91_locator_soup
data modify entity @s data merge value {"cameras":{},"locators":{"soup":{"px":0.575553421281952,"py":1.8414265270610088,"pz":0.8917409988670931,"ry":138.88005441803298,"rx":5.541076705390498},"lefthand":{"px":1.0434103613344283,"py":1.4090850346981343,"pz":0.3884557990872073,"ry":222.4496528224625,"rx":-86.62910586541318},"sword":{"px":-0.6563850024850744,"py":4.921769109443901,"pz":0.8872714323289519,"ry":59.42233761185315,"rx":-81.90923127377752},"righthand":{"px":-0.20956975527202448,"py":1.2709732073639877,"pz":0.6232607010803005,"ry":59.42233761185315,"rx":-81.90923127377752},"chest":{"px":-0.3260988126467373,"py":0.723520476791256,"pz":-0.26066839591415913,"ry":348.3690927856096,"rx":9.537591128138258}}}