# This file was generated by Animated Java via MC-Build. It is not recommended to edit this file directly.
$data merge entity $(bone_nose) { transformation: [-0.9941637981113496f,0.005070945661434495f,0.1077619043768003f,-0.833006069119674f,0.028419456474172988f,0.9759217737419517f,0.21626147606560844f,2.534058596549539f,-0.10407053866742694f,0.21806186518156245f,-0.9703702107623717f,1.2696543289830842f,0f,0f,0f,1f], start_interpolation: 0, interpolation_duration: 1 }
$data merge entity $(bone_glowing_eye) { transformation: [-0.9941637981113496f,0.0019087515409643707f,0.10786426281382884f,-0.9609112967617159f,0.028419456474172988f,0.9691604283462283f,0.24478643471701664f,2.594689088405359f,-0.10407053866742694f,0.2464232553865615f,-0.9635584581052471f,1.3069543428478951f,0f,0f,0f,1f], start_interpolation: 0, interpolation_duration: 1 }
$data merge entity $(bone_head) { transformation: [-0.9941637981113496f,0.0019087515409643707f,0.10786426281382884f,-0.8130436332619002f,0.028419456474172988f,0.9691604283462283f,0.24478643471701664f,2.4602271793166204f,-0.10407053866742694f,0.2464232553865615f,-0.9635584581052471f,1.0587956164081267f,0f,0f,0f,1f], start_interpolation: 0, interpolation_duration: 1 }
$data merge entity $(bone_leftthumb2) { transformation: [-0.47962220023858737f,-0.6575782531785954f,0.5809934474543443f,1.13247893566892f,-0.8772053511281352f,0.34290112807425155f,-0.33604997889833377f,1.0319819807198047f,0.02175584956882716f,-0.6708275913466832f,-0.7412941559850218f,2.2669562073919756f,0f,0f,0f,1f], start_interpolation: 0, interpolation_duration: 1 }
$data merge entity $(bone_leftthumb) { transformation: [-0.47962220023858737f,-0.6575782531785954f,0.5809934474543443f,1.020863048449598f,-0.8772053511281352f,0.34290112807425155f,-0.33604997889833377f,1.08735791954985f,0.02175584956882716f,-0.6708275913466832f,-0.7412941559850218f,2.0390916264860466f,0f,0f,0f,1f], start_interpolation: 0, interpolation_duration: 1 }
$data merge entity $(bone_leftpointerfinger) { transformation: [-0.2257924339293159f,-0.7819618857689882f,0.5809934474543443f,1.3163236587743425f,-0.9415824883395094f,0.022199759791649565f,-0.33604997889833377f,1.0550354794192667f,0.24988036023796084f,-0.6229307986203613f,-0.7412941559850218f,2.222079220288289f,0f,0f,0f,1f], start_interpolation: 0, interpolation_duration: 1 }
$data merge entity $(bone_leftmidfinger) { transformation: [-0.47962220023858737f,-0.6575782531785954f,0.5809934474543443f,1.4071038849390838f,-0.8772053511281352f,0.34290112807425155f,-0.33604997889833377f,1.002527670216402f,0.02175584956882716f,-0.6708275913466832f,-0.7412941559850218f,2.106252008415629f,0f,0f,0f,1f], start_interpolation: 0, interpolation_duration: 1 }
$data merge entity $(bone_leftringfinger) { transformation: [-0.6947574371134857f,-0.4239796193104304f,0.5809934474543443f,1.4978841111038252f,-0.6792094890633449f,0.6524912885615709f,-0.33604997889833377f,0.9500198610135374f,-0.23661482105272058f,-0.6280894846760636f,-0.7412941559850218f,1.9904247965429693f,0f,0f,0f,1f], start_interpolation: 0, interpolation_duration: 1 }
$data merge entity $(bone_invisibility) { transformation: [-0.6044390539525424f,-0.636094313050551f,0.4796222002385873f,1.1363158295552502f,0.3123076002460286f,0.3646570097786843f,0.8772053511281349f,0.9385658488064353f,-0.7328829325925947f,0.6800068309392312f,-0.021755849568827357f,2.175952116653432f,0f,0f,0f,1f], start_interpolation: 0, interpolation_duration: 1 }
$data merge entity $(bone_swiftness) { transformation: [0.5809934474543442f,-0.6575782531785954f,0.4796222002385875f,1.3093190700585424f,-0.336049978898334f,0.34290112807425155f,0.8772053511281351f,0.7834342826117323f,-0.7412941559850218f,-0.6708275913466832f,-0.021755849568827323f,2.1289339511227596f,0f,0f,0f,1f], start_interpolation: 0, interpolation_duration: 1 }
$data merge entity $(bone_suspicious_stew) { transformation: [-0.3504298505958273f,-0.8044634639619646f,0.4796222002385874f,1.2760760815706864f,0.16875310461733328f,0.4494809914047271f,0.8772053511281355f,0.8594829873845172f,-0.9212607174374676f,0.3883366754713509f,-0.021755849568827236f,2.068404505750616f,0f,0f,0f,1f], start_interpolation: 0, interpolation_duration: 1 }
$data merge entity $(bone_log) { transformation: [-0.47962220023858737f,-0.6575782531785954f,0.5809934474543443f,1.1761482865004167f,-0.8772053511281352f,0.34290112807425155f,-0.33604997889833377f,0.8043552839646766f,0.02175584956882716f,-0.6708275913466832f,-0.7412941559850218f,1.9518425041675607f,0f,0f,0f,1f], start_interpolation: 0, interpolation_duration: 1 }
$data merge entity $(bone_planks) { transformation: [-0.47962220023858737f,-0.6575782531785954f,0.5809934474543443f,1.1311837052280491f,-0.8772053511281352f,0.34290112807425155f,-0.33604997889833377f,0.7221172822964139f,0.02175584956882716f,-0.6708275913466832f,-0.7412941559850218f,1.9538821150646382f,0f,0f,0f,1f], start_interpolation: 0, interpolation_duration: 1 }
$data merge entity $(bone_lefthand1) { transformation: [-0.47962220023858737f,-0.6575782531785954f,0.5809934474543443f,1.1135032280324666f,-0.8772053511281352f,0.34290112807425155f,-0.33604997889833377f,1.1198834656058463f,0.02175584956882716f,-0.6708275913466832f,-0.7412941559850218f,1.801862086313215f,0f,0f,0f,1f], start_interpolation: 0, interpolation_duration: 1 }
$data merge entity $(bone_leftforearm) { transformation: [-0.7792105756592864f,-0.4533526941567464f,0.43278425743266524f,0.7230341769752752f,-0.5757324530092425f,0.790643183887127f,-0.20836386040959004f,1.6397383427070245f,-0.24771560575120039f,-0.4115272657718395f,-0.8770873891429916f,1.4932507886154327f,0f,0f,0f,1f], start_interpolation: 0, interpolation_duration: 1 }
$data merge entity $(bone_leftelbow) { transformation: [-0.7792105756592864f,-0.4533526941567464f,0.43278425743266524f,0.6380305468208852f,-0.5757324530092425f,0.790643183887127f,-0.20836386040959004f,1.7879839396858608f,-0.24771560575120039f,-0.4115272657718395f,-0.8770873891429916f,1.4160894262832129f,0f,0f,0f,1f], start_interpolation: 0, interpolation_duration: 1 }
$data merge entity $(bone_leftarm) { transformation: [-0.7472836534793293f,-0.6389806137585904f,0.1824031701568838f,0.11021786537637845f,-0.6518888517441598f,0.7581711986741259f,-0.014743082198782814f,2.01937983057737f,-0.12887228644773344f,-0.12992385747711793f,-0.983113281897869f,1.4103920208188654f,0f,0f,0f,1f], start_interpolation: 0, interpolation_duration: 1 }
$data merge entity $(bone_rightthumb2) { transformation: [-0.6453838356644012f,0.27005081108028867f,0.7145294004433851f,-1.507677741121652f,0.6420461669363146f,0.6985583716532685f,0.3159001755547479f,1.8623384110919738f,-0.413831395843152f,0.662637729704559f,-0.624223369465207f,-1.3340020517590596f,0f,0f,0f,1f], start_interpolation: 0, interpolation_duration: 1 }
$data merge entity $(bone_rightthumb) { transformation: [-0.6453838356644012f,0.27005081108028867f,0.7145294004433851f,-1.3803879088469038f,0.6420461669363146f,0.6985583716532685f,0.3159001755547479f,2.0606506518046204f,-0.413831395843152f,0.662637729704559f,-0.624223369465207f,-1.2248396869280622f,0f,0f,0f,1f], start_interpolation: 0, interpolation_duration: 1 }
$data merge entity $(bone_rightpointerfinger) { transformation: [-0.20479570893242927f,0.47247490774788503f,0.8572200296023718f,-1.5168159161254975f,0.9754746542646859f,0.17070050018228297f,0.13896236225939101f,2.1034007197942883f,-0.08067165853046229f,0.8646553074989742f,-0.4958460272340585f,-1.5432513738867395f,0f,0f,0f,1f], start_interpolation: 0, interpolation_duration: 1 }
$data merge entity $(bone_rightmidfinger) { transformation: [-0.14082227226695176f,0.4953210155869436f,0.8572200296023718f,-1.382875286500127f,0.9894562439964292f,0.04081425108671036f,0.13896236225939101f,2.1251135888973183f,0.03384418487793385f,0.8677507063818211f,-0.4958460272340585f,-1.6207273156420612f,0f,0f,0f,1f], start_interpolation: 0, interpolation_duration: 1 }
$data merge entity $(bone_rightringfinger) { transformation: [-0.11908264141833581f,0.5009921609779346f,0.8572200296023718f,-1.2489346568747564f,0.9902947935258747f,-0.0023840702245572776f,0.13896236225939101f,2.146826458000348f,0.07166272691140003f,0.8654485373769045f,-0.4958460272340585f,-1.6982032573973829f,0f,0f,0f,1f], start_interpolation: 0, interpolation_duration: 1 }
$data merge entity $(bone_hugeasssword) { transformation: [-0.8800532908648766f,1.8147579112511691f,3.357445115942623f,-1.2424684500306102f,3.7887360351174015f,0.8303782361726723f,0.5442692521826148f,1.909058277279232f,-0.4596338099167224f,3.3700747003916445f,-1.9420636066667294f,-1.4070299373960145f,0f,0f,0f,1f], start_interpolation: 0, interpolation_duration: 1 }
$data merge entity $(bone_ice) { transformation: [-0.22469445724209614f,0.46334244542583036f,0.8572200296023718f,-1.2461973248459812f,0.9673368600299748f,0.2120114645547248f,0.13896236225939101f,1.8906309597075959f,-0.11735331317022699f,0.8604446043553134f,-0.4958460272340585f,-1.4186407388207813f,0f,0f,0f,1f], start_interpolation: 0, interpolation_duration: 1 }
$data merge entity $(bone_righthand1) { transformation: [-0.22469445724209614f,0.46334244542583036f,0.8572200296023718f,-1.1597472018749735f,0.9673368600299748f,0.2120114645547248f,0.13896236225939101f,2.1898106146743768f,-0.11735331317022699f,0.8604446043553134f,-0.4958460272340585f,-1.248363104375574f,0f,0f,0f,1f], start_interpolation: 0, interpolation_duration: 1 }
$data merge entity $(bone_rightforearm) { transformation: [-0.5675960568184057f,0.02234737175909901f,0.8230038342921968f,-1.0742852003947903f,0.7439093825439762f,0.44221946531743533f,0.5010396940935938f,2.4389449569519557f,-0.3527513952449195f,0.8966284288766571f,-0.2676264442893121f,-0.587893059956641f,0f,0f,0f,1f], start_interpolation: 0, interpolation_duration: 1 }
$data merge entity $(bone_rightelbow) { transformation: [-0.5675960568184057f,0.02234737175909901f,0.8230038342921968f,-1.0700950681899593f,0.7439093825439762f,0.44221946531743533f,0.5010396940935938f,2.521861106698975f,-0.3527513952449195f,0.8966284288766571f,-0.2676264442893121f,-0.41977522954226776f,0f,0f,0f,1f], start_interpolation: 0, interpolation_duration: 1 }
$data merge entity $(bone_rightarm) { transformation: [-0.47159039815476456f,-0.29919630003883474f,0.8295083305255604f,-1.1920561851540696f,0.84433075492657f,0.11815169021504313f,0.5226334799689523f,2.3298426822503866f,-0.25437781478218446f,0.9468483258380934f,0.19690143525185524f,0.10870248204247979f,0f,0f,0f,1f], start_interpolation: 0, interpolation_duration: 1 }
$data merge entity $(bone_chest1) { transformation: [-0.8152930705986601f,-0.6567074817632986f,0.27079516678075255f,-0.39953199504026404f,0.15632013983499116f,0.24840642203968316f,1.0134365997553307f,2.3744657924435426f,-0.6960404686703843f,0.8250094811556172f,-0.08958799789245354f,0.5515605634422123f,0f,0f,0f,1f], start_interpolation: 0, interpolation_duration: 1 }
$data merge entity $(bone_chest1lid) { transformation: [-0.7525782190141478f,-0.6061915216276603f,0.2572117092440298f,-0.339052121142775f,0.144295513693838f,0.22929823572893832f,0.9626012278297944f,1.9044841500635146f,-0.6424988941572778f,0.761547213374416f,-0.08509414085785805f,-0.15623669104855048f,0f,0f,0f,1f], start_interpolation: 0, interpolation_duration: 1 }
$data merge entity $(bone_chest2) { transformation: [-0.7525782190141478f,-0.6061915216276603f,0.2572117092440298f,-0.24433469588845308f,0.144295513693838f,0.22929823572893832f,0.9626012278297944f,1.8686563007308679f,-0.6424988941572778f,0.761547213374416f,-0.08509414085785805f,-0.27522844313830297f,0f,0f,0f,1f], start_interpolation: 0, interpolation_duration: 1 }
$data merge entity $(bone_chest1lid3) { transformation: [-0.7525782190141478f,-0.6061915216276603f,0.2572117092440298f,-0.1272397312199342f,0.144295513693838f,0.22929823572893832f,0.9626012278297944f,2.512132092036112f,-0.6424988941572778f,0.761547213374416f,-0.08509414085785805f,-0.17059394415078594f,0f,0f,0f,1f], start_interpolation: 0, interpolation_duration: 1 }
$data merge entity $(bone_chest3) { transformation: [-0.7525782190141478f,-0.6061915216276603f,0.2572117092440298f,-0.032522305965612286f,0.144295513693838f,0.22929823572893832f,0.9626012278297944f,2.476304242703465f,-0.6424988941572778f,0.761547213374416f,-0.08509414085785805f,-0.2895856962405384f,0f,0f,0f,1f], start_interpolation: 0, interpolation_duration: 1 }
$data merge entity $(bone_hugeasssword2) { transformation: [-1.007412527872451f,0.5691770856603611f,-3.7418491714154642f,-1.9581875312618546f,-3.7701881423333616f,0.1900595033093573f,1.043952362126021f,3.0874730198356213f,0.3332853850266103f,3.8704253781902005f,0.49900503180497696f,0.6197973760637341f,0f,0f,0f,1f], start_interpolation: 0, interpolation_duration: 1 }
$data merge entity $(bone_belt) { transformation: [-0.7525782190141478f,-0.6061915216276603f,0.2572117092440298f,-0.1638522302414981f,0.144295513693838f,0.22929823572893832f,0.9626012278297944f,2.1666511520945217f,-0.6424988941572778f,0.761547213374416f,-0.08509414085785805f,0.2786800502980563f,0f,0f,0f,1f], start_interpolation: 0, interpolation_duration: 1 }
$data merge entity $(bone_torn_part) { transformation: [-0.6534124144962602f,-0.6937082897373608f,0.30301984313215113f,-0.04767579273444417f,0.13203430037545438f,0.28971599419196614f,0.9479618063159112f,2.065189307787839f,-0.7453986585086747f,0.6594190257029493f,-0.09771073858303167f,-0.03352180840404012f,0f,0f,0f,1f], start_interpolation: 0, interpolation_duration: 1 }
$data merge entity $(bone_lowerbody) { transformation: [-0.6534124144962602f,-0.5262733718370983f,0.5441401976305176f,0.1965837179192479f,0.13203430037545438f,0.6285609910149765f,0.7664711502063435f,1.63759578125f,-0.7453986585086747f,0.5726669351983595f,-0.3412234183405153f,-0.1923669544072414f,0f,0f,0f,1f], start_interpolation: 0, interpolation_duration: 1 }
$data merge entity $(bone_leftfoot) { transformation: [-0.966022590148184f,-0.03999534193625894f,0.25530911389086347f,0.33636181671013343f,-0.05015526829999435f,0.9981871883644623f,-0.03342489179266124f,0.13543121211282183f,-0.2535051830093127f,-0.04507225785344578f,-0.9662873075570332f,0.5055077724631224f,0f,0f,0f,1f], start_interpolation: 0, interpolation_duration: 1 }
$data merge entity $(bone_leftlowerleg) { transformation: [-0.966022590148184f,-0.04373479045901403f,0.2546951886389735f,0.24871073210173672f,-0.05015526829999435f,0.9985699960014037f,-0.018784288436298924f,1.2461059251638547f,-0.2535051830093127f,-0.0308981690520026f,-0.9668443371727746f,0.6197815186336787f,0f,0f,0f,1f], start_interpolation: 0, interpolation_duration: 1 }
$data merge entity $(bone_leftleg) { transformation: [-0.9259175392321219f,0.3606233195920334f,0.11228663535606732f,0.5509489350921315f,0.04395311157143897f,0.39813773205044795f,-0.9162886246857269f,1.5607611693061565f,-0.3751330892170413f,-0.8434554924737573f,-0.38450860613509447f,-0.1268946010229608f,0f,0f,0f,1f], start_interpolation: 0, interpolation_duration: 1 }
$data merge entity $(bone_rightfoot) { transformation: [-0.4437050767730106f,-0.029377132513832234f,0.8956936878633532f,-0.28427518080684744f,0.09504146908226596f,0.9922724487605874f,0.07962179577713292f,0.21246554559322295f,-0.8911186757677699f,0.1204584489837843f,-0.4374880003257362f,-0.2519980421576084f,0f,0f,0f,1f], start_interpolation: 0, interpolation_duration: 1 }
$data merge entity $(bone_rightlowerleg) { transformation: [-0.4437050767730106f,-0.042508060761704464f,0.8951666119573878f,-0.4689709942876887f,0.09504146908226596f,0.9909982218282998f,0.09416351345004065f,1.2973863860577657f,-0.8911186757677699f,0.12686064327124685f,-0.43567460971394206f,-0.04432251832243922f,0f,0f,0f,1f], start_interpolation: 0, interpolation_duration: 1 }
$data merge entity $(bone_rightleg) { transformation: [-0.576065531618498f,0.7614579614810636f,0.29718458849629165f,0.21515802980118975f,0.07783710910810694f,0.4130169455097612f,-0.9073890981582038f,1.676815585155761f,-0.8136890608376086f,-0.4995785981393618f,-0.29719748468641394f,-0.47531267766833313f,0f,0f,0f,1f], start_interpolation: 0, interpolation_duration: 1 }
data modify entity @s data merge value {"locators":{"lefthand":{"posx":1.2634081461858881,"posy":0.8650549159224249,"posz":2.0137940200317086,"roty":38.087772630362565,"rotx":-19.636399265564727},"righthand":{"posx":-1.2878962188847434,"posy":1.9758348242914354,"posz":-1.4353394646980098,"roty":59.95341105393952,"rotx":7.987807081695909},"chest":{"posx":-0.36487254995461804,"posy":1.7442558032849829,"posz":-0.21061552281782608,"roty":71.69407653069472,"rotx":74.28084537043523},"sack":{"posx":0,"posy":-0.4375,"posz":0,"roty":0,"rotx":0}},"cameras":{}}