# This file was generated by Animated Java via MC-Build. It is not recommended to edit this file directly.
$data merge entity $(bone_nose) { transformation: [-0.9899038411876033f,0.011613990282366274f,0.1412639388936516f,-0.8684097783774619f,0.02841945647417296f,0.9926617477470847f,0.11753718157849494f,2.5604791685842994f,-0.13886223279113985f,0.12036515188967542f,-0.9829697403861603f,1.2807839888396038f,0f,0f,0f,1f], start_interpolation: 0, interpolation_duration: 1 }
$data merge entity $(bone_glowing_eye) { transformation: [-0.9899038411876033f,0.004415188194775405f,0.14167177317741508f,-0.9967925394816061f,0.02841945647417296f,0.9854001781605174f,0.1678654919122254f,2.6248934278252762f,-0.13886223279113985f,0.17019693003819308f,-0.9755768987167717f,1.308993290370637f,0f,0f,0f,1f], start_interpolation: 0, interpolation_duration: 1 }
$data merge entity $(bone_head) { transformation: [-0.9899038411876033f,0.004415188194775405f,0.14167177317741508f,-0.8424262041319528f,0.02841945647417296f,0.9854001781605174f,0.1678654919122254f,2.4702386866486195f,-0.13886223279113985f,0.17019693003819308f,-0.9755768987167717f,1.077086951614685f,0f,0f,0f,1f], start_interpolation: 0, interpolation_duration: 1 }
$data merge entity $(bone_leftthumb2) { transformation: [-0.5146937584913751f,-0.5464239722309386f,0.6606899254123558f,0.9419109469147761f,-0.8573737897665656f,0.3273780301306472f,-0.3971571603397004f,1.155045785028233f,0.0007208268441174677f,-0.7708725367783831f,-0.6369890206663864f,2.5507667285596223f,0f,0f,0f,1f], start_interpolation: 0, interpolation_duration: 1 }
$data merge entity $(bone_leftthumb) { transformation: [-0.5146937584913751f,-0.5464239722309386f,0.6606899254123558f,0.8643654752058565f,-0.8573737897665656f,0.3273780301306472f,-0.3971571603397004f,1.2013927335528183f,0.0007208268441174677f,-0.7708725367783831f,-0.6369890206663864f,2.307280531225152f,0f,0f,0f,1f], start_interpolation: 0, interpolation_duration: 1 }
$data merge entity $(bone_leftpointerfinger) { transformation: [-0.2967659215199029f,-0.6895062075739844f,0.6606899254123558f,1.1309253111828315f,-0.9176377042858496f,0.014395612661563473f,-0.3971571603397004f,1.1691303337809942f,0.2643312911810459f,-0.7241366970766223f,-0.6369890206663864f,2.5302853815757467f,0f,0f,0f,1f], start_interpolation: 0, interpolation_duration: 1 }
$data merge entity $(bone_leftmidfinger) { transformation: [-0.5146937584913751f,-0.5464239722309386f,0.6606899254123558f,1.234158112028512f,-0.8573737897665656f,0.3273780301306472f,-0.3971571603397004f,1.1070745274779161f,0.0007208268441174677f,-0.7708725367783831f,-0.6369890206663864f,2.4307558470966235f,0f,0f,0f,1f], start_interpolation: 0, interpolation_duration: 1 }
$data merge entity $(bone_leftringfinger) { transformation: [-0.6846224302013908f,-0.3078651499013119f,0.6606899254123558f,1.3373909128741928f,-0.6668279478256471f,0.6305606061193025f,-0.3971571603397004f,1.0450187211748379f,-0.29433419112257064f,-0.7124692073954499f,-0.6369890206663864f,2.331226312617501f,0f,0f,0f,1f], start_interpolation: 0, interpolation_duration: 1 }
$data merge entity $(bone_invisibility) { transformation: [-0.48676174287148355f,-0.7057997879333328f,0.5146937584913751f,0.9540085493338037f,0.2915177305909129f,0.42417873281488455f,0.8573737897665653f,1.0565908815059182f,-0.8234563852614414f,0.5673791166238159f,-0.0007208268441176519f,2.4660122597947076f,0f,0f,0f,1f], start_interpolation: 0, interpolation_duration: 1 }
$data merge entity $(bone_swiftness) { transformation: [0.6606899254123557f,-0.5464239722309386f,0.5146937584913752f,1.125076077732995f,-0.39715716033970055f,0.3273780301306472f,0.8573737897665655f,0.8931366978941406f,-0.6369890206663864f,-0.7708725367783831f,-0.0007208268441176092f,2.451003511288237f,0f,0f,0f,1f], start_interpolation: 0, interpolation_duration: 1 }
$data merge entity $(bone_suspicious_stew) { transformation: [-0.21600867322903566f,-0.8297171735355691f,0.5146937584913751f,1.1035015340469456f,0.12885938927148813f,0.49830256111914234f,0.8573737897665659f,0.9667780687798504f,-0.9678509755568838f,0.25152329816987196f,-0.0007208268441175533f,2.382711468581247f,0f,0f,0f,1f], start_interpolation: 0, interpolation_duration: 1 }
$data merge entity $(bone_log) { transformation: [-0.5146937584913751f,-0.5464239722309386f,0.6606899254123558f,1.017915837913216f,-0.8573737897665656f,0.3273780301306472f,-0.3971571603397004f,0.9087047878646423f,0.0007208268441174677f,-0.7708725367783831f,-0.6369890206663864f,2.2565611186568484f,0f,0f,0f,1f], start_interpolation: 0, interpolation_duration: 1 }
$data merge entity $(bone_planks) { transformation: [-0.5146937584913751f,-0.5464239722309386f,0.6606899254123558f,0.9696632980546498f,-0.8573737897665656f,0.3273780301306472f,-0.3971571603397004f,0.8283259950740267f,0.0007208268441174677f,-0.7708725367783831f,-0.6369890206663864f,2.2566286961734843f,0f,0f,0f,1f], start_interpolation: 0, interpolation_duration: 1 }
$data merge entity $(bone_lefthand1) { transformation: [-0.5146937584913751f,-0.5464239722309386f,0.6606899254123558f,0.9893367243091891f,-0.8573737897665656f,0.3273780301306472f,-0.3971571603397004f,1.2173039040995612f,0.0007208268441174677f,-0.7708725367783831f,-0.6369890206663864f,2.0835686846470476f,0f,0f,0f,1f], start_interpolation: 0, interpolation_duration: 1 }
$data merge entity $(bone_leftforearm) { transformation: [-0.747389555599297f,-0.40168937703549834f,0.5292017541145517f,0.6377604704926355f,-0.6019434763412548f,0.746531387420603f,-0.2834694672907038f,1.7039810655735206f,-0.2811990459999657f,-0.5304116627419716f,-0.7997440619073122f,1.6867115511618829f,0f,0f,0f,1f], start_interpolation: 0, interpolation_duration: 1 }
$data merge entity $(bone_leftelbow) { transformation: [-0.747389555599297f,-0.40168937703549834f,0.5292017541145517f,0.5624437122984796f,-0.6019434763412548f,0.746531387420603f,-0.2834694672907038f,1.8439557007148837f,-0.2811990459999657f,-0.5304116627419716f,-0.7997440619073122f,1.5872593643977633f,0f,0f,0f,1f], start_interpolation: 0, interpolation_duration: 1 }
$data merge entity $(bone_leftarm) { transformation: [-0.7293690689874286f,-0.6182130110844741f,0.2929734358782028f,0.03926775822733464f,-0.6667743135935896f,0.7382148253694631f,-0.10222957662306437f,2.069699607209598f,-0.15307767941868347f,-0.26991025273338737f,-0.9506396160129191f,1.500718303586183f,0f,0f,0f,1f], start_interpolation: 0, interpolation_duration: 1 }
$data merge entity $(bone_rightthumb2) { transformation: [-0.6365701486264557f,0.11667468011445307f,0.7623420917789351f,-1.3427109525815932f,0.5332908524448463f,0.7806639435661964f,0.32582920973160784f,1.8637314500978293f,-0.5571169648972663f,0.6139632124450656f,-0.559168902200215f,-1.3476061479722299f,0f,0f,0f,1f], start_interpolation: 0, interpolation_duration: 1 }
$data merge entity $(bone_rightthumb) { transformation: [-0.6365701486264557f,0.11667468011445307f,0.7623420917789351f,-1.2489495130354262f,0.5332908524448463f,0.7806639435661964f,0.32582920973160784f,2.083027976968501f,-0.5571169648972663f,0.6139632124450656f,-0.559168902200215f,-1.2448214513039457f,0f,0f,0f,1f], start_interpolation: 0, interpolation_duration: 1 }
$data merge entity $(bone_rightpointerfinger) { transformation: [-0.24096347790631278f,0.3604372834278162f,0.9011223929247736f,-1.3442786264050905f,0.9632696350287566f,0.20220870396153656f,0.17670101944743305f,2.082129771666219f,-0.11852515575547834f,0.9106023307445308f,-0.39592320302776884f,-1.5805858407891749f,0f,0f,0f,1f], start_interpolation: 0, interpolation_duration: 1 }
$data merge entity $(bone_rightmidfinger) { transformation: [-0.2290412857139725f,0.3681284047829241f,0.9011223929247736f,-1.2034782525105945f,0.9693699717347269f,0.1705831399208397f,0.17670101944743305f,2.1097393059548804f,-0.08866762282538843f,0.913992817240227f,-0.39592320302776884f,-1.6424488412622638f,0f,0f,0f,1f], start_interpolation: 0, interpolation_duration: 1 }
$data merge entity $(bone_rightringfinger) { transformation: [-0.21276575367295683f,0.37776866867635894f,0.9011223929247736f,-1.0626778786160986f,0.9758880783746371f,0.12813745827234227f,0.17670101944743305f,2.1373488402435417f,-0.04871542415125904f,0.9169905259892248f,-0.39592320302776884f,-1.7043118417353527f,0f,0f,0f,1f], start_interpolation: 0, interpolation_duration: 1 }
$data merge entity $(bone_hugeasssword) { transformation: [-1.1338219705618906f,1.264155495599779f,3.5293960389553636f,-1.0751021930555658f,3.6230013148950406f,1.3172569672322878f,0.6920789928357794f,1.929584675215392f,-0.9636321855966328f,3.4651151125180033f,-1.5506992118587615f,-1.3912030586968294f,0f,0f,0f,1f], start_interpolation: 0, interpolation_duration: 1 }
$data merge entity $(bone_ice) { transformation: [-0.2894864605689933f,0.322763105259518f,0.9011223929247736f,-1.0756221406288553f,0.9250216123136273f,0.33632092780398837f,0.17670101944743305f,1.9098761980260544f,-0.2460337495140339f,0.8847102414939583f,-0.39592320302776884f,-1.4011823788840156f,0f,0f,0f,1f], start_interpolation: 0, interpolation_duration: 1 }
$data merge entity $(bone_righthand1) { transformation: [-0.2894864605689933f,0.322763105259518f,0.9011223929247736f,-1.0391429046773248f,0.9250216123136273f,0.33632092780398837f,0.17670101944743305f,2.2307337399131906f,-0.2460337495140339f,0.8847102414939583f,-0.39592320302776884f,-1.2538858559836523f,0f,0f,0f,1f], start_interpolation: 0, interpolation_duration: 1 }
$data merge entity $(bone_rightforearm) { transformation: [-0.5450413770274046f,-0.0828999752075853f,0.8343006001667819f,-1.0297651920747088f,0.7460646698034624f,0.4060462116612056f,0.5277442396337779f,2.454676236989369f,-0.3825145824659779f,0.9100846488685356f,-0.1594632437106221f,-0.5790865004093773f,0f,0f,0f,1f], start_interpolation: 0, interpolation_duration: 1 }
$data merge entity $(bone_rightelbow) { transformation: [-0.5450413770274046f,-0.0828999752075853f,0.8343006001667819f,-1.045308937426131f,0.7460646698034624f,0.4060462116612056f,0.5277442396337779f,2.530809901675845f,-0.3825145824659779f,0.9100846488685356f,-0.1594632437106221f,-0.4084456287465269f,0f,0f,0f,1f], start_interpolation: 0, interpolation_duration: 1 }
$data merge entity $(bone_rightarm) { transformation: [-0.4623819024057174f,-0.4000397825262766f,0.7913097678684365f,-1.2176011069064567f,0.8443307549265702f,0.0738672523210791f,0.5307063268132974f,2.315233986733328f,-0.2707555218509827f,0.9135161746958089f,0.30361101092736836f,0.09640753233416055f,0f,0f,0f,1f], start_interpolation: 0, interpolation_duration: 1 }
$data merge entity $(bone_chest1) { transformation: [-0.7903884427692794f,-0.6852288136689709f,0.26244945357944316f,-0.40917139519732126f,0.15632013983499116f,0.24840642203968316f,0.9715316103145434f,2.3926715248793458f,-0.724196958382064f,0.8014779058204716f,-0.07672920618993449f,0.5840144277003604f,0f,0f,0f,1f], start_interpolation: 0, interpolation_duration: 1 }
$data merge entity $(bone_chest1lid) { transformation: [-0.7295893317870272f,-0.632518904925204f,0.26003700093405885f,-0.3261267104675068f,0.144295513693838f,0.22929823572893832f,0.9626012278297944f,1.9144956573955136f,-0.6684895000449822f,0.7398257592188969f,-0.0760239062781741f,-0.12058006995947057f,0f,0f,0f,1f], start_interpolation: 0, interpolation_duration: 1 }
$data merge entity $(bone_chest2) { transformation: [-0.7295893317870272f,-0.632518904925204f,0.26003700093405885f,-0.22729563157294366f,0.144295513693838f,0.22929823572893832f,0.9626012278297944f,1.878667808062867f,-0.6684895000449822f,0.7398257592188969f,-0.0760239062781741f,-0.2361778448374232f,0f,0f,0f,1f], start_interpolation: 0, interpolation_duration: 1 }
$data merge entity $(bone_chest1lid3) { transformation: [-0.7295893317870272f,-0.632518904925204f,0.26003700093405885f,-0.11394117350743613f,0.144295513693838f,0.22929823572893832f,0.9626012278297944f,2.522143599368111f,-0.6684895000449822f,0.7398257592188969f,-0.0760239062781741f,-0.12750229116611456f,0f,0f,0f,1f], start_interpolation: 0, interpolation_duration: 1 }
$data merge entity $(bone_chest3) { transformation: [-0.7295893317870272f,-0.632518904925204f,0.26003700093405885f,-0.015110094612872993f,0.144295513693838f,0.22929823572893832f,0.9626012278297944f,2.4863157500354642f,-0.6684895000449822f,0.7398257592188969f,-0.0760239062781741f,-0.2431000660440672f,0f,0f,0f,1f], start_interpolation: 0, interpolation_duration: 1 }
$data merge entity $(bone_hugeasssword2) { transformation: [-1.018478253658398f,0.4331288963892606f,-3.7570439422124586f,-1.971474658183197f,-3.7701881423333616f,0.1900595033093573f,1.043952362126021f,3.0974845271676203f,0.2977602995895148f,3.888001353149482f,0.36750790423328517f,0.5982095241277566f,0f,0f,0f,1f], start_interpolation: 0, interpolation_duration: 1 }
$data merge entity $(bone_belt) { transformation: [-0.7295893317870272f,-0.632518904925204f,0.26003700093405885f,-0.16628284225198897f,0.144295513693838f,0.22929823572893832f,0.9626012278297944f,2.176662659426521f,-0.6684895000449822f,0.7398257592188969f,-0.0760239062781741f,0.320211844064903f,0f,0f,0f,1f], start_interpolation: 0, interpolation_duration: 1 }
$data merge entity $(bone_torn_part) { transformation: [-0.6268767983473621f,-0.7317284044305753f,0.2675799354272387f,-0.032827734446694457f,0.13203430037545438f,0.23869910860955712f,0.9620757137945887f,2.084025733569089f,-0.7678492190646058f,0.6384326727999496f,-0.05302168502968982f,0.008489184618630408f,0f,0f,0f,1f], start_interpolation: 0, interpolation_duration: 1 }
$data merge entity $(bone_lowerbody) { transformation: [-0.6268767983473621f,-0.5460276904867377f,0.5557690535784447f,0.21685076297792374f,0.13203430037545438f,0.6285609910149765f,0.7664711502063435f,1.65643220703125f,-0.7678492190646058f,0.5538635588265312f,-0.321935917514472f,-0.14169449251488625f,0f,0f,0f,1f], start_interpolation: 0, interpolation_duration: 1 }
$data merge entity $(bone_leftfoot) { transformation: [-0.9565407116419269f,-0.04150200349679721f,0.2886000755436104f,0.34399405697350877f,-0.05015526829999432f,0.9984893620511036f,-0.022668622866247715f,0.1351951846090962f,-0.28721836546562834f,-0.03613712092378611f,-0.9571868900875263f,0.5271314476205742f,0f,0f,0f,1f], start_interpolation: 0, interpolation_duration: 1 }
$data merge entity $(bone_leftlowerleg) { transformation: [-0.9565407116419269f,-0.048829122941208336f,0.2874511030607087f,0.24565864432390377f,-0.05015526829999432f,0.9987429052208054f,0.0027352994310542167f,1.2427553282977806f,-0.28721836546562834f,-0.011779370120796717f,-0.9577963669296559f,0.6612249303124517f,0f,0f,0f,1f], start_interpolation: 0, interpolation_duration: 1 }
$data merge entity $(bone_leftleg) { transformation: [-0.9121960069914326f,0.3899734069968234f,0.12569858686191085f,0.5738897165205239f,0.04395311157143897f,0.39813773205044795f,-0.9162886246857269f,1.5574105724400824f,-0.4073653997482788f,-0.8302933748097814f,-0.38033540715065994f,-0.07439557120787466f,0f,0f,0f,1f], start_interpolation: 0, interpolation_duration: 1 }
$data merge entity $(bone_rightfoot) { transformation: [-0.3972305640810221f,-0.004562173491285702f,0.9177098996814402f,-0.2844732330926446f,0.10197539693691779f,0.9935641754505243f,0.04907431778610087f,0.20631384523268803f,-0.9120353434385062f,0.11307935945791608f,-0.3942120690105569f,-0.23753482307406382f,0f,0f,0f,1f], start_interpolation: 0, interpolation_duration: 1 }
$data merge entity $(bone_rightlowerleg) { transformation: [-0.3972305640810221f,-0.027902659458943768f,0.9172969611829105f,-0.4563664108414594f,0.10197539693691779f,0.9919945295008252f,0.07432975746824394f,1.2953873343553592f,-0.9120353434385062f,0.12306956431335211f,-0.39120835782063546f,-0.04089707252136365f,0f,0f,0f,1f], start_interpolation: 0, interpolation_duration: 1 }
$data merge entity $(bone_rightleg) { transformation: [-0.5334495108246324f,0.7879791807214204f,0.30742155379949926f,0.2507221261846094f,0.08506648612857619f,0.4115885283164493f,-0.9073892153551756f,1.6734406648699613f,-0.8415434108462243f,-0.4578904827662378f,-0.28659518508973664f,-0.43441077784189863f,0f,0f,0f,1f], start_interpolation: 0, interpolation_duration: 1 }
data modify entity @s data merge value {"locators":{"lefthand":{"posx":1.0985344705177564,"posy":0.969712752681609,"posz":2.3266709115239355,"roty":46.046338042415016,"rotx":-23.400578712561167},"righthand":{"posx":-1.1218847072163278,"posy":1.9885810062546536,"posz":-1.4318853403769904,"roty":66.28091093424652,"rotx":10.177662147886968},"chest":{"posx":-0.35002472692397285,"posy":1.754267310616982,"posz":-0.17583074143109262,"roty":73.70329528069476,"rotx":74.2808453704352},"sack":{"posx":0,"posy":-0.4375,"posz":0,"roty":0,"rotx":0}},"cameras":{}}