# This file was generated by Animated Java via MC-Build. It is not recommended to edit this file directly.
$data merge entity $(bone_nose) { transformation: [-0.9938445085243255f,0.010823724341315673f,0.1102539789187917f,-0.832770167733708f,0.028419456474172877f,0.9868211062255398f,0.1592998393015973f,2.5519681940722028f,-0.1070767358941929f,0.16145262865368695f,-0.9810543416809591f,1.2645022265571861f,0f,0f,0f,1f], start_interpolation: 0, interpolation_duration: 1 }
$data merge entity $(bone_glowing_eye) { transformation: [-0.9938445085243255f,0.008326710658161124f,0.1104706239941525f,-0.9602918868015831f,0.028419456474172877f,0.9829647590314801f,0.18158363636599223f,2.615738852425809f,-0.1070767358941929f,0.18360541493049587f,-0.9771507684274959f,1.2976474997387106f,0f,0f,0f,1f], start_interpolation: 0, interpolation_duration: 1 }
$data merge entity $(bone_head) { transformation: [-0.9938445085243255f,0.008326710658161124f,0.1104706239941525f,-0.8131121472487819f,0.028419456474172877f,0.9829647590314801f,0.18158363636599223f,2.4645972212195817f,-0.1070767358941929f,0.18360541493049587f,-0.9771507684274959f,1.0588548365465995f,0f,0f,0f,1f], start_interpolation: 0, interpolation_duration: 1 }
$data merge entity $(bone_leftthumb2) { transformation: [-0.4986797991119086f,-0.5587660121187248f,0.6626454569818192f,0.9772135129282362f,-0.8651010629039431f,0.27319641124172195f,-0.4206707404219038f,1.2167685922396536f,0.05402415126751468f,-0.7830352894892934f,-0.6196266024746226f,2.5594468056714494f,0f,0f,0f,1f], start_interpolation: 0, interpolation_duration: 1 }
$data merge entity $(bone_leftthumb) { transformation: [-0.4986797991119086f,-0.5587660121187248f,0.6626454569818192f,0.8968083633412336f,-0.8651010629039431f,0.27319641124172195f,-0.4206707404219038f,1.2478184933239969f,0.05402415126751468f,-0.7830352894892934f,-0.6196266024746226f,2.314461533307896f,0f,0f,0f,1f], start_interpolation: 0, interpolation_duration: 1 }
$data merge entity $(bone_leftpointerfinger) { transformation: [-0.27749649581010116f,-0.6956268346998058f,0.6626454569818192f,1.165758069891578f,-0.9063677607738333f,-0.0391613378565564f,-0.4206707404219038f,1.233077408683149f,0.31857993823048975f,-0.7173351353884836f,-0.6196266024746226f,2.536441099135688f,0f,0f,0f,1f], start_interpolation: 0, interpolation_duration: 1 }
$data merge entity $(bone_leftmidfinger) { transformation: [-0.4986797991119086f,-0.5587660121187248f,0.6626454569818192f,1.2692964225449872f,-0.8651010629039431f,0.27319641124172195f,-0.4206707404219038f,1.1673476054922265f,0.05402415126751468f,-0.7830352894892934f,-0.6196266024746226f,2.4396244424990283f,0f,0f,0f,1f], start_interpolation: 0, interpolation_duration: 1 }
$data merge entity $(bone_leftringfinger) { transformation: [-0.6745505550828794f,-0.32539598488416477f,0.6626454569818192f,1.3728347751983965f,-0.6947014252069054f,0.5834604167965316f,-0.4206707404219038f,1.1016178023013041f,-0.24974282462740396f,-0.7441044248308717f,-0.6196266024746226f,2.3428077858623686f,0f,0f,0f,1f], start_interpolation: 0, interpolation_duration: 1 }
$data merge entity $(bone_invisibility) { transformation: [-0.49888638176492994f,-0.7088235577682245f,0.4986797991119086f,0.9904329044519278f,0.23549294558301703f,0.4428805973883964f,0.8651010629039427f,1.1138977775064074f,-0.8340596205728527f,0.5490227139287537f,-0.05402415126751485f,2.480289474037788f,0f,0f,0f,1f], start_interpolation: 0, interpolation_duration: 1 }
$data merge entity $(bone_swiftness) { transformation: [0.6626454569818191f,-0.5587660121187248f,0.49867979911190874f,1.1643724725412283f,-0.42067074042190394f,0.27319641124172195f,0.865101062903943f,0.9529694426088726f,-0.6196266024746226f,-0.7830352894892934f,-0.05402415126751482f,2.4729594246146416f,0f,0f,0f,1f], start_interpolation: 0, interpolation_duration: 1 }
$data merge entity $(bone_suspicious_stew) { transformation: [-0.2263679167345875f,-0.8367054584684803f,0.49867979911190863f,1.1408710844540841f,0.06981689781656161f,0.4967149602556185f,0.8651010629039433f,1.0222159319003448f,-0.9715364980547645f,0.23064740195222277f,-0.05402415126751479f,2.4008142652686066f,0f,0f,0f,1f], start_interpolation: 0, interpolation_duration: 1 }
$data merge entity $(bone_log) { transformation: [-0.4986797991119086f,-0.5587660121187248f,0.6626454569818192f,1.0553356075685247f,-0.8651010629039431f,0.27319641124172195f,-0.4206707404219038f,0.9555433177010386f,0.05402415126751468f,-0.7830352894892934f,-0.6196266024746226f,2.278954621272777f,0f,0f,0f,1f], start_interpolation: 0, interpolation_duration: 1 }
$data merge entity $(bone_planks) { transformation: [-0.4986797991119086f,-0.5587660121187248f,0.6626454569818192f,1.0085843764017834f,-0.8651010629039431f,0.27319641124172195f,-0.4206707404219038f,0.874440093053794f,0.05402415126751468f,-0.7830352894892934f,-0.6196266024746226f,2.284019385454106f,0f,0f,0f,1f], start_interpolation: 0, interpolation_duration: 1 }
$data merge entity $(bone_lefthand1) { transformation: [-0.4986797991119086f,-0.5587660121187248f,0.6626454569818192f,1.0196063837861389f,-0.8651010629039431f,0.27319641124172195f,-0.4206707404219038f,1.2532636468756393f,0.05402415126751468f,-0.7830352894892934f,-0.6196266024746226f,2.0890530924109063f,0f,0f,0f,1f], start_interpolation: 0, interpolation_duration: 1 }
$data merge entity $(bone_leftforearm) { transformation: [-0.7460475501812951f,-0.4012803050131867f,0.5314011381969481f,0.6684173045730123f,-0.613264193011986f,0.7249976345936933f,-0.31350511862313823f,1.723820773858408f,-0.25946113858889525f,-0.5597790159000906f,-0.7869735516013742f,1.672882061423341f,0f,0f,0f,1f], start_interpolation: 0, interpolation_duration: 1 }
$data merge entity $(bone_leftelbow) { transformation: [-0.7460475501812951f,-0.4012803050131867f,0.5314011381969481f,0.5931772473830398f,-0.613264193011986f,0.7249976345936933f,-0.31350511862313823f,1.8597578303447255f,-0.25946113858889525f,-0.5597790159000906f,-0.7869735516013742f,1.567923495942074f,0f,0f,0f,1f], start_interpolation: 0, interpolation_duration: 1 }
$data merge entity $(bone_leftarm) { transformation: [-0.7282556397849689f,-0.6184068745593106f,0.2953246698451905f,0.06995256835308306f,-0.6730758785873191f,0.7264861216274237f,-0.1385163410816691f,2.0813542206342937f,-0.1288898164530252f,-0.2996512182196653f,-0.9453023657191262f,1.4715195514751969f,0f,0f,0f,1f], start_interpolation: 0, interpolation_duration: 1 }
$data merge entity $(bone_rightthumb2) { transformation: [-0.6662222662766001f,0.20543197937986032f,0.7168999886771823f,-1.464713808915851f,0.5636490282577553f,0.7681645105607822f,0.3036824948181942f,1.8458353307035076f,-0.488311032909722f,0.6064000219021985f,-0.6275598366495849f,-1.3200068039813517f,0f,0f,0f,1f], start_interpolation: 0, interpolation_duration: 1 }
$data merge entity $(bone_rightthumb) { transformation: [-0.6662222662766001f,0.20543197937986032f,0.7168999886771823f,-1.3530686759304051f,0.5636490282577553f,0.7681645105607822f,0.3036824948181942f,2.060173862485636f,-0.488311032909722f,0.6064000219021985f,-0.6275598366495849f,-1.2249214413504836f,0f,0f,0f,1f], start_interpolation: 0, interpolation_duration: 1 }
$data merge entity $(bone_rightpointerfinger) { transformation: [-0.22498702871695153f,0.4486905936049006f,0.8649032247133779f,-1.480292178147386f,0.9683605725986556f,0.2013350664094446f,0.14745166147015398f,2.0669646070496817f,-0.10797517467233836f,0.8707128931194177f,-0.47979205851086326f,-1.5498741119763946f,0f,0f,0f,1f], start_interpolation: 0, interpolation_duration: 1 }
$data merge entity $(bone_rightmidfinger) { transformation: [-0.19886596034008958f,0.46086304006549966f,0.8649032247133779f,-1.3451510492859207f,0.9783191430875862f,0.14542923295562862f,0.14745166147015398f,2.0900039291543933f,-0.05782719158307206f,0.8754744979172855f,-0.47979205851086326f,-1.6248416211187169f,0f,0f,0f,1f], start_interpolation: 0, interpolation_duration: 1 }
$data merge entity $(bone_rightringfinger) { transformation: [-0.1785741205439513f,0.4690988119280999f,0.8649032247133779f,-1.2100099204244554f,0.9837315340876753f,0.10261713488107346f,0.14745166147015398f,2.113043251259105f,-0.01958449165701437f,0.8771636268544454f,-0.47979205851086326f,-1.6998091302610394f,0f,0f,0f,1f], start_interpolation: 0, interpolation_duration: 1 }
$data merge entity $(bone_hugeasssword) { transformation: [-1.0805016692403366f,1.642371068004271f,3.387537630127397f,-1.2002102994281527f,3.674627460023459f,1.2263207589706857f,0.5775190074247698f,1.9020889718623533f,-0.8184784362389615f,3.33751890614538f,-1.8791855625008813f,-1.388746947880207f,0f,0f,0f,1f], start_interpolation: 0, interpolation_duration: 1 }
$data merge entity $(bone_ice) { transformation: [-0.275872766614554f,0.4193287833202394f,0.8649032247133779f,-1.202451799689179f,0.9382027557506702f,0.3131031725031538f,0.14745166147015398f,1.8825373167333874f,-0.2089732177631391f,0.8521324866754161f,-0.47979205851086326f,-1.3987963114569613f,0f,0f,0f,1f], start_interpolation: 0, interpolation_duration: 1 }
$data merge entity $(bone_righthand1) { transformation: [-0.275872766614554f,0.4193287833202394f,0.8649032247133779f,-1.1395595697404646f,0.9382027557506702f,0.3131031725031538f,0.14745166147015398f,2.1999716632177857f,-0.2089732177631391f,0.8521324866754161f,-0.47979205851086326f,-1.2529999960573566f,0f,0f,0f,1f], start_interpolation: 0, interpolation_duration: 1 }
$data merge entity $(bone_rightforearm) { transformation: [-0.564749082965726f,0.005539563162542449f,0.8252440769429006f,-1.0661674684481652f,0.7442765377527307f,0.43542450761123486f,0.5064167587297266f,2.444384112586512f,-0.35652616824039696f,0.9002082044790983f,-0.2500285582655273f,-0.5893219808758164f,0f,0f,0f,1f], start_interpolation: 0, interpolation_duration: 1 }
$data merge entity $(bone_rightelbow) { transformation: [-0.564749082965726f,0.005539563162542449f,0.8252440769429006f,-1.0651288003551884f,0.7442765377527307f,0.43542450761123486f,0.5064167587297266f,2.5260262077636186f,-0.35652616824039696f,0.9002082044790983f,-0.2500285582655273f,-0.4205329425359855f,0f,0f,0f,1f], start_interpolation: 0, interpolation_duration: 1 }
$data merge entity $(bone_rightarm) { transformation: [-0.4708189205783403f,-0.31543533445983957f,0.8239114599273734f,-1.195078805109259f,0.84433075492657f,0.1096770732952573f,0.5244773740386857f,2.329470494312268f,-0.25580289347576807f,0.9425876560657879f,0.21469371281392682f,0.10436050264574925f,0f,0f,0f,1f], start_interpolation: 0, interpolation_duration: 1 }
$data merge entity $(bone_chest1) { transformation: [-0.8131842903279213f,-0.6591995742124814f,0.27009822706644787f,-0.3949361847100431f,0.15632013983499116f,0.24840642203968316f,1.0098225836351165f,2.3905461608855987f,-0.6985029956678459f,0.8230196121348733f,-0.0884520581825328f,0.5518469691759033f,0f,0f,0f,1f], start_interpolation: 0, interpolation_duration: 1 }
$data merge entity $(bone_chest1lid) { transformation: [-0.7506316526103889f,-0.6084919146576752f,0.2574678851733416f,-0.335448151779219f,0.144295513693838f,0.22929823572893832f,0.9626012278297944f,1.9088541919664759f,-0.6447719960010886f,0.7597104112014216f,-0.08431586022178322f,-0.15473841045031989f,0f,0f,0f,1f], start_interpolation: 0, interpolation_duration: 1 }
$data merge entity $(bone_chest2) { transformation: [-0.7506316526103889f,-0.6084919146576752f,0.2574678851733416f,-0.24037129011395725f,0.144295513693838f,0.22929823572893832f,0.9626012278297944f,1.8730263426338292f,-0.6447719960010886f,0.7597104112014216f,-0.08431586022178322f,-0.273443162200542f,0f,0f,0f,1f], start_interpolation: 0, interpolation_duration: 1 }
$data merge entity $(bone_chest1lid3) { transformation: [-0.7506316526103889f,-0.6084919146576752f,0.2574678851733416f,-0.12359330955189773f,0.144295513693838f,0.22929823572893832f,0.9626012278297944f,2.516502133939073f,-0.6447719960010886f,0.7597104112014216f,-0.08431586022178322f,-0.16845500865483176f,0f,0f,0f,1f], start_interpolation: 0, interpolation_duration: 1 }
$data merge entity $(bone_chest3) { transformation: [-0.7506316526103889f,-0.6084919146576752f,0.2574678851733416f,-0.028516447886635987f,0.144295513693838f,0.22929823572893832f,0.9626012278297944f,2.4806742846064265f,-0.6447719960010886f,0.7597104112014216f,-0.08431586022178322f,-0.28715976040505387f,0f,0f,0f,1f], start_interpolation: 0, interpolation_duration: 1 }
$data merge entity $(bone_hugeasssword2) { transformation: [-1.008415883595589f,0.557469063323266f,-3.7433412116620333f,-1.9569231353904297f,-3.7701881423333616f,0.1900595033093573f,1.043952362126021f,3.091843061738583f,0.33023711920198395f,3.872129053430046f,0.4876861864579459f,0.6163953179932863f,0f,0f,0f,1f], start_interpolation: 0, interpolation_duration: 1 }
$data merge entity $(bone_belt) { transformation: [-0.7506316526103889f,-0.6084919146576752f,0.2574678851733416f,-0.1615643911388725f,0.144295513693838f,0.22929823572893832f,0.9626012278297944f,2.171021193997483f,-0.6447719960010886f,0.7597104112014216f,-0.08431586022178322f,0.2807062030896127f,0f,0f,0f,1f], start_interpolation: 0, interpolation_duration: 1 }
$data merge entity $(bone_torn_part) { transformation: [-0.6511550994056804f,-0.6675009954930774f,0.36116403133995684f,-0.04639794703144756f,0.13203430037545438f,0.3689869516903288f,0.9200084635516368f,2.066813819506589f,-0.7473713802670952f,0.6467542427367833f,-0.15213470826746722f,-0.02990180208066856f,0f,0f,0f,1f], start_interpolation: 0, interpolation_duration: 1 }
$data merge entity $(bone_lowerbody) { transformation: [-0.6511550994056804f,-0.5280028952467957f,0.5451696792091247f,0.19834084570082972f,0.13203430037545438f,0.6285609910149765f,0.7664711502063435f,1.63922029296875f,-0.7473713802670952f,0.5710726951844854f,-0.339576201716765f,-0.18800750180558953f,0f,0f,0f,1f], start_interpolation: 0, interpolation_duration: 1 }
$data merge entity $(bone_leftfoot) { transformation: [-0.9652514905171317f,-0.038993122202630195f,0.2583624661829366f,0.3345528269543647f,-0.05015526829999432f,0.998069548995311f,-0.03677055378206774f,0.1342783749521661f,-0.25642558870683513f,-0.04842881839064821f,-0.9653538472423666f,0.516581200416468f,0f,0f,0f,1f], start_interpolation: 0, interpolation_duration: 1 }
$data merge entity $(bone_leftlowerleg) { transformation: [-0.9652514905171317f,-0.04191324364094623f,0.25790484198388564f,0.24842937165304968f,-0.05015526829999432f,0.9984216402826247f,-0.02547796052466994f,1.2458169593092412f,-0.25642558870683513f,-0.03750556176415609f,-0.9658399109961796f,0.6233705446093097f,0f,0f,0f,1f], start_interpolation: 0, interpolation_duration: 1 }
$data merge entity $(bone_leftleg) { transformation: [-0.9247787808491224f,0.3631725528260768f,0.11344900034162864f,0.5529243827346442f,0.04395311157143897f,0.39813773205044795f,-0.9162886246857269f,1.560472203451543f,-0.3779316480190562f,-0.8423609934532327f,-0.38416725653421435f,-0.1223880941195884f,0f,0f,0f,1f], start_interpolation: 0, interpolation_duration: 1 }
$data merge entity $(bone_rightfoot) { transformation: [-0.4397403248634395f,-0.031113293593294015f,0.8975883271266396f,-0.2843553295745471f,0.0956410591095703f,0.9920836199004813f,0.08124034849926079f,0.2119126243507774f,-0.8930178076628478f,0.12157277429767012f,-0.43328713932520935f,-0.2506725081179855f,0f,0f,0f,1f], start_interpolation: 0, interpolation_duration: 1 }
$data merge entity $(bone_rightlowerleg) { transformation: [-0.4397403248634395f,-0.04126489198268499f,0.8971789401907957f,-0.4679811881202907f,0.0956410591095703f,0.9911011456626844f,0.09245767769762919f,1.2972097401444171f,-0.8930178076628478f,0.1264663735317186f,-0.43188417535352164f,-0.04401676093143375f,0f,0f,0f,1f], start_interpolation: 0, interpolation_duration: 1 }
$data merge entity $(bone_rightleg) { transformation: [-0.5724476166271618f,0.7638319495192964f,0.29808188497702526f,0.21820598178750078f,0.07846149758777882f,0.4128985166559326f,-0.9073892211089827f,1.676524521574071f,-0.8161786076675649f,-0.4960398854294698f,-0.29629713340458985f,-0.47182398460216146f,0f,0f,0f,1f], start_interpolation: 0, interpolation_duration: 1 }
data modify entity @s data merge value {"locators":{"lefthand":{"posx":1.1353865981667006,"posy":1.021876053039116,"posz":2.344746154746464,"roty":46.92149136607679,"rotx":-24.876941376997287},"righthand":{"posx":-1.2483809966848187,"posy":1.9632976558041797,"posz":-1.4242053698123267,"roty":60.98133610415972,"rotx":8.479275365746679},"chest":{"posx":-0.3611040033155236,"posy":1.7486258451879442,"posz":-0.2091950828657891,"roty":71.8673577806947,"rotx":74.28084537043523},"sack":{"posx":0,"posy":-0.4375,"posz":0,"roty":0,"rotx":0}},"cameras":{}}