# This file was generated by Animated Java via MC-Build. It is not recommended to edit this file directly.
$data merge entity $(bone_nose) { transformation: [-0.9903026790793009f,0.13267106177938914f,0.041218844897555895f,-0.13123496692977332f,0.13871313687094672f,0.9606998599068794f,0.24044634502176224f,3.736246440597109f,-0.007698666623594863f,0.24383225492381416f,-0.9697868642083102f,0.9614518878072058f,0f,0f,0f,1f], start_interpolation: 0, interpolation_duration: 1 }
$data merge entity $(bone_glowing_eye) { transformation: [-0.9903026790793009f,0.13267106177938914f,0.041218844897555895f,-0.24747825033432258f,0.13871313687094672f,0.9606998599068794f,0.24044634502176224f,3.810242243419535f,-0.007698666623594863f,0.24383225492381416f,-0.9697868642083102f,1.0108402980180091f,0f,0f,0f,1f], start_interpolation: 0, interpolation_duration: 1 }
$data merge entity $(bone_head) { transformation: [-0.9903026790793009f,0.13267106177938914f,0.041218844897555895f,-0.13989834023993236f,0.13871313687094672f,0.9606998599068794f,0.24044634502176224f,3.66264700441992f,-0.007698666623594863f,0.24383225492381416f,-0.9697868642083102f,0.7497468036876829f,0f,0f,0f,1f], start_interpolation: 0, interpolation_duration: 1 }
$data merge entity $(bone_leftthumb2) { transformation: [0.36374991240201165f,0.9094961157986121f,-0.20125311568958848f,-1.0325623154826369f,0.050189210004195656f,-0.2348756834203619f,-0.9707288274986856f,3.1854018730826006f,-0.9301435611918645f,0.3430017910814107f,-0.1310829008233364f,0.25657402914548344f,0f,0f,0f,1f], start_interpolation: 0, interpolation_duration: 1 }
$data merge entity $(bone_leftthumb) { transformation: [0.36374991240201165f,0.9094961157986121f,-0.20125311568958848f,-0.8267138024379387f,0.050189210004195656f,-0.2348756834203619f,-0.9707288274986856f,3.0448443145154136f,-0.9301435611918645f,0.3430017910814107f,-0.1310829008233364f,0.32949062889765607f,0f,0f,0f,1f], start_interpolation: 0, interpolation_duration: 1 }
$data merge entity $(bone_leftpointerfinger) { transformation: [0.9491941414341859f,-0.24192491664202845f,-0.20125311568958848f,-1.1181529166492246f,-0.22631528291639955f,-0.0804172629570129f,-0.9707288274986856f,3.0864252748040744f,0.21865926594930557f,0.9669567717981247f,-0.1310829008233364f,0.2019649794540605f,0f,0f,0f,1f], start_interpolation: 0, interpolation_duration: 1 }
$data merge entity $(bone_leftmidfinger) { transformation: [0.9491941414341859f,-0.24192491664202845f,-0.20125311568958848f,-1.1495987159757228f,-0.22631528291639955f,-0.0804172629570129f,-0.9707288274986856f,2.934748895507405f,0.21865926594930557f,0.9669567717981247f,-0.1310829008233364f,0.18148327620041418f,0f,0f,0f,1f], start_interpolation: 0, interpolation_duration: 1 }
$data merge entity $(bone_leftringfinger) { transformation: [0.9491941414341859f,-0.24192491664202845f,-0.20125311568958848f,-1.1810445153022209f,-0.22631528291639955f,-0.0804172629570129f,-0.9707288274986856f,2.7830725162107353f,0.21865926594930557f,0.9669567717981247f,-0.1310829008233364f,0.16100157294676787f,0f,0f,0f,1f], start_interpolation: 0, interpolation_duration: 1 }
$data merge entity $(bone_invisibility) { transformation: [0.8884948437154071f,0.2797550963229509f,-0.3637499124020116f,-1.0003926957951277f,-0.318586502501251f,0.9465641465971416f,-0.05018921000419587f,3.0849767643655284f,0.33027193812849814f,0.1604786666761713f,0.9301435611918643f,0.17974335105511846f,0f,0f,0f,1f], start_interpolation: 0, interpolation_duration: 1 }
$data merge entity $(bone_swiftness) { transformation: [-0.2012531156895884f,0.9094961157986121f,-0.3637499124020117f,-1.1423435446566388f,-0.9707288274986856f,-0.2348756834203619f,-0.05018921000419587f,2.9373852511700997f,-0.1310829008233366f,0.3430017910814107f,0.9301435611918645f,0.06027229311759433f,0f,0f,0f,1f], start_interpolation: 0, interpolation_duration: 1 }
$data merge entity $(bone_suspicious_stew) { transformation: [0.7392301701052352f,0.5667669334335891f,-0.3637499124020116f,-1.0807602854149856f,-0.6231173905685109f,0.7805163424107436f,-0.0501892100041957f,2.9139749068698544f,0.2554671665347138f,0.2637602744843151f,0.9301435611918647f,0.13908709819380174f,0f,0f,0f,1f], start_interpolation: 0, interpolation_duration: 1 }
$data merge entity $(bone_log) { transformation: [0.36374991240201165f,0.9094961157986121f,-0.20125311568958848f,-0.9424054564504198f,0.050189210004195656f,-0.2348756834203619f,-0.9707288274986856f,2.8438177710912016f,-0.9301435611918645f,0.3430017910814107f,-0.1310829008233364f,0.0886168522411469f,0f,0f,0f,1f], start_interpolation: 0, interpolation_duration: 1 }
$data merge entity $(bone_planks) { transformation: [0.36374991240201165f,0.9094961157986121f,-0.20125311568958848f,-0.9083039021627313f,0.050189210004195656f,-0.2348756834203619f,-0.9707288274986856f,2.848523009529095f,-0.9301435611918645f,0.3430017910814107f,-0.1310829008233364f,0.0014158933794096162f,0f,0f,0f,1f], start_interpolation: 0, interpolation_duration: 1 }
$data merge entity $(bone_lefthand) { transformation: [0.36374991240201165f,0.9094961157986121f,-0.20125311568958848f,-0.7996797457359701f,0.050189210004195656f,-0.2348756834203619f,-0.9707288274986856f,2.8028868235943962f,-0.9301435611918645f,0.3430017910814107f,-0.1310829008233364f,0.4109995309601949f,0f,0f,0f,1f], start_interpolation: 0, interpolation_duration: 1 }
$data merge entity $(bone_leftforearm) { transformation: [0.393811970489665f,0.6838061474644288f,-0.6142648326161146f,-0.2756400606149691f,-0.14869321596064256f,-0.6120736046295499f,-0.7766957126462533f,2.3802707254942423f,-0.9070845933132858f,0.39720908248131115f,-0.13936457716373207f,0.6348411100723304f,0f,0f,0f,1f], start_interpolation: 0, interpolation_duration: 1 }
$data merge entity $(bone_leftelbow) { transformation: [0.393811970489665f,0.6838061474644288f,-0.6142648326161146f,-0.1474264079653887f,-0.14869321596064256f,-0.6120736046295499f,-0.7766957126462533f,2.2655069246262016f,-0.9070845933132858f,0.39720908248131115f,-0.13936457716373207f,0.7093178130375761f,0f,0f,0f,1f], start_interpolation: 0, interpolation_duration: 1 }
$data merge entity $(bone_leftarm) { transformation: [0.45654480725769464f,0.5804948262977958f,0.674234822304163f,0.14124000923373375f,0.6686637107192651f,0.2760350973223381f,-0.6904299146281179f,2.679902956214409f,-0.5869034681556902f,0.7660485504768867f,-0.26213343430223374f,1.0254975633024448f,0f,0f,0f,1f], start_interpolation: 0, interpolation_duration: 1 }
$data merge entity $(bone_rightthumb2) { transformation: [0.26645279182699455f,-0.8792297412597575f,-0.3949151450779014f,-1.0382375324224977f,0.9543892421510007f,0.2979354518447938f,-0.019381460225622094f,3.3805318019297816f,0.13469997844854675f,-0.37173852183805023f,0.9185131393658023f,0.1275854769871089f,0f,0f,0f,1f], start_interpolation: 0, interpolation_duration: 1 }
$data merge entity $(bone_rightthumb) { transformation: [0.26645279182699455f,-0.8792297412597575f,-0.3949151450779014f,-1.2876104932538885f,0.9543892421510007f,0.2979354518447938f,-0.019381460225622094f,3.451941945841597f,0.13469997844854675f,-0.37173852183805023f,0.9185131393658023f,0.11491322915259389f,0f,0f,0f,1f], start_interpolation: 0, interpolation_duration: 1 }
$data merge entity $(bone_rightpointerfinger) { transformation: [-0.17729099052832203f,-0.9815588837750244f,-0.07148470017992992f,-1.2906555751411195f,-0.25916639124137125f,0.11663573430369759f,-0.9587642500293605f,3.330471372934514f,0.9494212375591828f,-0.15145383179624558f,-0.2750655385645823f,0.41183771822468435f,0f,0f,0f,1f], start_interpolation: 0, interpolation_duration: 1 }
$data merge entity $(bone_rightmidfinger) { transformation: [-0.17729099052832203f,-0.9815588837750244f,-0.07148470017992992f,-1.3018250595442336f,-0.25916639124137125f,0.11663573430369759f,-0.9587642500293605f,3.180664458867427f,0.9494212375591828f,-0.15145383179624558f,-0.2750655385645823f,0.36885872782396834f,0f,0f,0f,1f], start_interpolation: 0, interpolation_duration: 1 }
$data merge entity $(bone_rightringfinger) { transformation: [-0.17729099052832203f,-0.9815588837750244f,-0.07148470017992992f,-1.3129945439473476f,-0.25916639124137125f,0.11663573430369759f,-0.9587642500293605f,3.030857544800339f,0.9494212375591828f,-0.15145383179624558f,-0.2750655385645823f,0.3258797374232524f,0f,0f,0f,1f], start_interpolation: 0, interpolation_duration: 1 }
$data merge entity $(bone_hugeasssword) { transformation: [-3.9021852983389818f,0.18664913378735132f,-0.2799817423713922f,-1.1512984759481666f,0.320422097475604f,1.0660117200239712f,-3.7551599792816623f,3.2253692018801834f,-0.10274898858005599f,-3.7641810386066368f,-1.0773400260446142f,0.18757090687381045f,0f,0f,0f,1f], start_interpolation: 0, interpolation_duration: 1 }
$data merge entity $(bone_ice) { transformation: [-0.9963026293631442f,0.047655097988259905f,-0.07148470017992992f,-1.1364758582704342f,0.08180989722781379f,0.27217320511250326f,-0.9587642500293605f,3.219838215906116f,-0.026233784318312164f,-0.9610674992187157f,-0.2750655385645823f,0.20299748942907653f,0f,0f,0f,1f], start_interpolation: 0, interpolation_duration: 1 }
$data merge entity $(bone_righthand) { transformation: [-0.9963026293631442f,0.047655097988259905f,-0.07148470017992992f,-1.375871637994778f,0.08180989722781379f,0.27217320511250326f,-0.9587642500293605f,3.2783726086777776f,-0.026233784318312164f,-0.9610674992187157f,-0.2750655385645823f,-0.052423629535323646f,0f,0f,0f,1f], start_interpolation: 0, interpolation_duration: 1 }
$data merge entity $(bone_rightforearm) { transformation: [-0.694567738566258f,0.44339444873804645f,-0.5665483380711994f,-1.0685956608016127f,0.6602452572803081f,0.08007346350126632f,-0.746769335659795f,3.2965386909350562f,-0.28574789024910474f,-0.8927427419314002f,-0.34836552634695434f,-0.6472964763405127f,0f,0f,0f,1f], start_interpolation: 0, interpolation_duration: 1 }
$data merge entity $(bone_rightelbow) { transformation: [-0.694567738566258f,0.44339444873804645f,-0.5665483380711994f,-0.9854592016632291f,0.6602452572803081f,0.08007346350126632f,-0.746769335659795f,3.311552465341544f,-0.28574789024910474f,-0.8927427419314002f,-0.34836552634695434f,-0.8146857404526502f,0f,0f,0f,1f], start_interpolation: 0, interpolation_duration: 1 }
$data merge entity $(bone_rightarm) { transformation: [-0.26456253219930426f,0.7053177930049508f,0.6576727738221476f,-0.534992073876427f,0.8794180151383262f,0.45632406064371134f,-0.13561823744541718f,3.4291055318748493f,-0.3957658666515584f,0.5424897810542244f,-0.7409954225535276f,-0.16019603512298186f,0f,0f,0f,1f], start_interpolation: 0, interpolation_duration: 1 }
$data merge entity $(bone_chest) { transformation: [-0.5555935194322349f,-0.4043084100862063f,0.8375330810240141f,0.167103000680892f,0.2987801232273223f,0.8462920946431057f,0.6067381969350222f,3.1960842730704435f,-0.8807141365053023f,0.5421581975671489f,-0.3225185416089615f,0.39493889084046185f,0f,0f,0f,1f], start_interpolation: 0, interpolation_duration: 1 }
$data merge entity $(bone_chest1lid) { transformation: [-0.5128555563989861f,-0.3732077631564982f,0.7731074594067824f,-0.05546298461524335f,0.2757970368252206f,0.7811927027474823f,0.5600660279400205f,2.5371784410283897f,-0.8129668952356637f,0.5004537208312144f,-0.29770942302365677f,-0.1081651730475932f,0f,0f,0f,1f], start_interpolation: 0, interpolation_duration: 1 }
$data merge entity $(bone_chest1) { transformation: [-0.5128555563989861f,-0.3732077631564982f,0.7731074594067824f,0.002850728377959494f,0.2757970368252206f,0.7811927027474823f,0.5600660279400205f,2.415117081224096f,-0.8129668952356637f,0.5004537208312144f,-0.29770942302365677f,-0.18636106692747045f,0f,0f,0f,1f], start_interpolation: 0, interpolation_duration: 1 }
$data merge entity $(bone_chest1lid3) { transformation: [-0.5128555563989861f,-0.3732077631564982f,0.7731074594067824f,0.4718624538421633f,0.2757970368252206f,0.7811927027474823f,0.5600660279400205f,2.8787334253758896f,-0.8129668952356637f,0.5004537208312144f,-0.29770942302365677f,-0.24807484121989432f,0f,0f,0f,1f], start_interpolation: 0, interpolation_duration: 1 }
$data merge entity $(bone_chest3) { transformation: [-0.5128555563989861f,-0.3732077631564982f,0.7731074594067824f,0.5301761668353662f,0.2757970368252206f,0.7811927027474823f,0.5600660279400205f,2.7566720655715953f,-0.8129668952356637f,0.5004537208312144f,-0.29770942302365677f,-0.32627073509977156f,0f,0f,0f,1f], start_interpolation: 0, interpolation_duration: 1 }
$data merge entity $(bone_hugeasssword2) { transformation: [-3.028004216009898f,0.4934266353321555f,-2.434748118625179f,-0.6929750076171827f,-2.19359194276508f,1.2706733387533526f,2.9856023567439967f,4.590677553477161f,1.1660285735093219f,3.6718111606540953f,-0.7060155409292489f,-0.10487407519357927f,0f,0f,0f,1f], start_interpolation: 0, interpolation_duration: 1 }
$data merge entity $(bone_belt) { transformation: [-0.5128555563989861f,-0.3732077631564982f,0.7731074594067824f,0.23098727217603765f,0.2757970368252206f,0.7811927027474823f,0.5600660279400205f,2.8027643062194048f,-0.8129668952356637f,0.5004537208312144f,-0.29770942302365677f,0.26060238141489767f,0f,0f,0f,1f], start_interpolation: 0, interpolation_duration: 1 }
$data merge entity $(bone_torn_part) { transformation: [-0.7809432465843147f,-0.20129528853967144f,0.5912764602333503f,0.1518262026821206f,0.2693829528420103f,0.7455304461240224f,0.609604116308474f,2.5662434321991636f,-0.5635250396676883f,0.6353460165247332f,-0.5279914478035456f,0.01747213820052522f,0f,0f,0f,1f], start_interpolation: 0, interpolation_duration: 1 }
$data merge entity $(bone_lowerbody) { transformation: [-0.7809432465843147f,-0.014178468083513834f,0.6244410433797214f,0.14720125f,0.2693829528420103f,0.8943365169430035f,0.3572044501127837f,2.053016875f,-0.5635250396676883f,0.44717017510681734f,-0.6946066254812641f,-0.04816187499999998f,0f,0f,0f,1f], start_interpolation: 0, interpolation_duration: 1 }
$data merge entity $(bone_leftfoot) { transformation: [-0.9372508094826566f,0.33543036731075127f,-0.09494985496403814f,-0.017843411459977088f,0.02309798466719771f,0.33149608141157516f,0.9432028245744729f,1.2095365990259792f,0.3478353681712048f,0.8818047121445779f,-0.31844651767400517f,-0.990635967458411f,0f,0f,0f,1f], start_interpolation: 0, interpolation_duration: 1 }
$data merge entity $(bone_leftlowerleg) { transformation: [-0.9372508094826566f,0.33543036731075127f,-0.09494985496403814f,0.36886328208499664f,0.02309798466719771f,0.33149608141157516f,0.9432028245744729f,1.4323710768584352f,0.3478353681712048f,0.8818047121445779f,-0.31844651767400517f,0.036544049314076205f,0f,0f,0f,1f], start_interpolation: 0, interpolation_duration: 1 }
$data merge entity $(bone_leftleg) { transformation: [-0.871067757789953f,-0.1126313347696959f,-0.47804319879293256f,0.23793785496344294f,-0.0927755722394497f,0.9935809091424957f,-0.06502932274690776f,2.3260102139864163f,0.4822796439146345f,-0.01229470681099367f,-0.8759257315953786f,0.08884401661098006f,0f,0f,0f,1f], start_interpolation: 0, interpolation_duration: 1 }
$data merge entity $(bone_rightfoot) { transformation: [-0.9476324825391718f,-0.2909262959542313f,0.13173159277903682f,0.22918941223504463f,-0.30661785261096075f,0.9441620064209097f,-0.12050321051575835f,0.7041881313887499f,-0.08932026235826507f,-0.1545718508382553f,-0.9839376830029696f,0.8152198179799427f,0f,0f,0f,1f], start_interpolation: 0, interpolation_duration: 1 }
$data merge entity $(bone_rightlowerleg) { transformation: [-0.9476324825391718f,-0.2909262959542313f,0.13173159277903682f,-0.1137969302439613f,-0.30661785261096075f,0.9441620064209097f,-0.12050321051575835f,1.770132648356147f,-0.08932026235826507f,-0.1545718508382553f,-0.9839376830029696f,0.7949193912222964f,0f,0f,0f,1f], start_interpolation: 0, interpolation_duration: 1 }
$data merge entity $(bone_rightleg) { transformation: [-0.9369991425962431f,-0.022465755468647097f,0.3486085003421079f,-0.1192450211196873f,-0.31216313524844064f,0.5017759530150188f,-0.8067031884838798f,2.3038674991982697f,-0.15680173393738023f,-0.8646942713509166f,-0.4771813902272054f,0.006973780874421548f,0f,0f,0f,1f], start_interpolation: 0, interpolation_duration: 1 }
data modify entity @s data merge value {"locators":{"lefthand":{"posx":-1.0444168148522253,"posy":2.872629833350191,"posz":0.15106896650001356,"roty":303.07754676795736,"rotx":-76.10294487935549},"righthand":{"posx":-1.229506892238984,"posy":3.2382358788480494,"posz":0.21985265086459882,"roty":345.4320937862294,"rotx":-73.48881046555947},"chest":{"posx":-0.16896227608774025,"posy":2.4094622376418324,"posz":-0.11833164872821222,"roty":68.93922494802095,"rotx":34.06036413720639},"sack":{"posx":0,"posy":-0.4375,"posz":0,"roty":0,"rotx":0}},"cameras":{}}