# This file was generated by Animated Java via MC-Build. It is not recommended to edit this file directly.
$data merge entity $(bone_nose) { transformation: [-1f,-1.2148803554538102e-16f,1.543551249368866e-17f,-2.1782487564283449e-16f,0f,0.1260405245368335f,0.9920250935205621f,2.8147100233280793f,-1.2246467991473532e-16f,0.9920250935205621f,-0.1260405245368335f,1.783455874022162f,0f,0f,0f,1f], start_interpolation: 0, interpolation_duration: 1 }
$data merge entity $(bone_glowing_eye) { transformation: [-1f,-1.2148803554538102e-16f,1.543551249368866e-17f,-0.12500000000000022f,0f,0.1260405245368335f,0.9920250935205621f,2.7886266552644012f,-1.2246467991473532e-16f,0.9920250935205621f,-0.1260405245368335f,1.8550222959364298f,0f,0f,0f,1f], start_interpolation: 0, interpolation_duration: 1 }
$data merge entity $(bone_head) { transformation: [-1f,-1.2148803554538102e-16f,1.543551249368866e-17f,-1.9993353577179627e-16f,0f,0.1260405245368335f,0.9920250935205621f,2.9849085921221032f,-1.2246467991473532e-16f,0.9920250935205621f,-0.1260405245368335f,1.6373619971305158f,0f,0f,0f,1f], start_interpolation: 0, interpolation_duration: 1 }
$data merge entity $(bone_leftthumb2) { transformation: [-0.13052619222005143f,-0.33909411358656827f,-0.9316534201490777f,1.4007082649619733f,0.7524995774578409f,0.5779494633274885f,-0.31578284273411567f,1.5304288447772394f,0.6455286973251502f,-0.7422867370298406f,0.17973063444857434f,1.7936201687921036f,0f,0f,0f,1f], start_interpolation: 0, interpolation_duration: 1 }
$data merge entity $(bone_leftthumb) { transformation: [-0.13052619222005143f,-0.33909411358656827f,-0.9316534201490777f,1.2379312046583295f,0.7524995774578409f,0.5779494633274885f,-0.31578284273411567f,1.6451806037543804f,0.6455286973251502f,-0.7422867370298406f,0.17973063444857434f,1.626939244379452f,0f,0f,0f,1f], start_interpolation: 0, interpolation_duration: 1 }
$data merge entity $(bone_leftpointerfinger) { transformation: [-0.12854320606946837f,0.02266563541681548f,-0.9914448613738105f,1.2057335290555002f,0.8541295622584558f,0.5105371027921424f,-0.09906844880578461f,1.3445902895702477f,0.5039239377620011f,-0.8595569414784325f,-0.08498546526719408f,1.8013953837940893f,0f,0f,0f,1f], start_interpolation: 0, interpolation_duration: 1 }
$data merge entity $(bone_leftmidfinger) { transformation: [-0.12854320606946837f,0.02266563541681548f,-0.9914448613738105f,1.0508202694658424f,0.8541295622584558f,0.5105371027921424f,-0.09906844880578461f,1.329110844444344f,0.5039239377620011f,-0.8595569414784325f,-0.08498546526719408f,1.78811640484609f,0f,0f,0f,1f], start_interpolation: 0, interpolation_duration: 1 }
$data merge entity $(bone_leftringfinger) { transformation: [-0.1260786200725189f,0.03378266443126188f,-0.9914448613738105f,0.8959070098761845f,0.8953755817993838f,0.43415205857928485f,-0.09906844880578461f,1.31363139931844f,0.4270910313715621f,-0.9002059328927432f,-0.08498546526719408f,1.774837425898091f,0f,0f,0f,1f], start_interpolation: 0, interpolation_duration: 1 }
$data merge entity $(bone_invisibility) { transformation: [-0.08641011328638329f,0.9876721143508954f,0.13052619222005118f,1.212242519932172f,0.6399869267341313f,0.1554384750799267f,-0.7524995774578407f,1.5599937958227437f,-0.7635116409926151f,0.018511482881131427f,-0.6455286973251501f,1.8420729655424963f,0f,0f,0f,1f], start_interpolation: 0, interpolation_duration: 1 }
$data merge entity $(bone_swiftness) { transformation: [-0.9914448613738105f,9.29498184716522e-17f,0.1305261922200512f,1.0195483964394116f,-0.09906844880578444f,0.6510989390077262f,-0.7524995774578409f,1.492441207590601f,-0.08498546526719394f,-0.7589928666483061f,-0.6455286973251502f,1.9625397847875756f,0f,0f,0f,1f], start_interpolation: 0, interpolation_duration: 1 }
$data merge entity $(bone_suspicious_stew) { transformation: [-0.4190027039255485f,0.8985541982805565f,0.13052619222005146f,1.0263466084245827f,0.548227902926355f,0.3649528084269831f,-0.752499577457841f,1.510898198905672f,-0.7237975549530757f,-0.2437412570199069f,-0.6455286973251504f,1.8617159814290367f,0f,0f,0f,1f], start_interpolation: 0, interpolation_duration: 1 }
$data merge entity $(bone_log) { transformation: [-0.13052619222005143f,9.29498184716522e-17f,-0.9914448613738105f,0.9676358000270555f,0.7524995774578409f,0.6510989390077262f,-0.09906844880578461f,1.658188568130539f,0.6455286973251502f,-0.7589928666483061f,-0.08498546526719408f,1.8233764947878315f,0f,0f,0f,1f], start_interpolation: 0, interpolation_duration: 1 }
$data merge entity $(bone_planks) { transformation: [-0.13052619222005143f,9.29498184716522e-17f,-0.9914448613738105f,0.9553989695064257f,0.7524995774578409f,0.6510989390077262f,-0.09906844880578461f,1.7287354035172116f,0.6455286973251502f,-0.7589928666483061f,-0.08498546526719408f,1.8838948101620643f,0f,0f,0f,1f], start_interpolation: 0, interpolation_duration: 1 }
$data merge entity $(bone_lefthand1) { transformation: [-0.13052619222005143f,9.29498184716522e-17f,-0.9914448613738105f,1.03125f,0.7524995774578409f,0.6510989390077262f,-0.09906844880578461f,1.6359342975431912f,0.6455286973251502f,-0.7589928666483061f,-0.08498546526719408f,1.4749018995840673f,0f,0f,0f,1f], start_interpolation: 0, interpolation_duration: 1 }
$data merge entity $(bone_leftforearm) { transformation: [-1f,9.29498184716522e-17f,7.973662315840497e-17f,0.96875f,0f,0.6510989390077262f,-0.7589928666483061f,2.1055975025743785f,-1.2246467991473532e-16f,-0.7589928666483061f,-0.6510989390077262f,0.9514084611439727f,0f,0f,0f,1f], start_interpolation: 0, interpolation_duration: 1 }
$data merge entity $(bone_leftelbow) { transformation: [-1f,6.133536360354262e-18f,1.2231098707121446e-16f,0.96875f,0f,0.9987450026927938f,-0.05008412519123612f,2.292862190579277f,-1.2246467991473532e-16f,-0.05008412519123612f,-0.9987450026927938f,0.9420176876706159f,0f,0f,0f,1f], start_interpolation: 0, interpolation_duration: 1 }
$data merge entity $(bone_leftarm) { transformation: [-1f,-9.66732431705882e-17f,7.517899893919113e-17f,0.7499999999999999f,0f,0.6138831130047756f,0.7893969366342676f,2.5751350928118444f,-1.2246467991473532e-16f,0.7893969366342676f,-0.6138831130047756f,1.3559000032691488f,0f,0f,0f,1f], start_interpolation: 0, interpolation_duration: 1 }
$data merge entity $(bone_rightthumb2) { transformation: [0.004743744328265631f,0.04722199043182215f,-0.9988731553652868f,-0.9285581857735846f,0.9462124069383187f,0.32294208574192845f,0.019760825201542154f,1.5809226164094694f,0.3235113256838792f,-0.9452399128667335f,-0.04315007853931624f,2.2854604612628138f,0f,0f,0f,1f], start_interpolation: 0, interpolation_duration: 1 }
$data merge entity $(bone_rightthumb) { transformation: [0.004743744328265631f,0.04722199043182215f,-0.9988731553652868f,-1.0023385494597374f,0.9462124069383187f,0.32294208574192845f,0.019760825201542154f,1.6618104515916952f,0.3235113256838792f,-0.9452399128667335f,-0.04315007853931624f,2.0499599640948203f,0f,0f,0f,1f], start_interpolation: 0, interpolation_duration: 1 }
$data merge entity $(bone_rightpointerfinger) { transformation: [0.0026794350419849624f,0.04738396478188416f,-0.9988731553652868f,-1.064136597192023f,0.9312252864558697f,0.3639079219425389f,0.019760825201542154f,1.6602633503978257f,0.3644342004985792f,-0.9302288880856218f,-0.04315007853931624f,2.393478201819361f,0f,0f,0f,1f], start_interpolation: 0, interpolation_duration: 1 }
$data merge entity $(bone_rightmidfinger) { transformation: [0.0026794350419849624f,0.04738396478188416f,-0.9988731553652868f,-1.220210527717849f,0.9312252864558697f,0.3639079219425389f,0.019760825201542154f,1.6633509793355667f,0.3644342004985792f,-0.9302288880856218f,-0.04315007853931624f,2.386736002047593f,0f,0f,0f,1f], start_interpolation: 0, interpolation_duration: 1 }
$data merge entity $(bone_rightringfinger) { transformation: [-0.0035283363915074558f,0.04732832484784792f,-0.9988731553652868f,-1.376284458243675f,0.8757590096681551f,0.4823439299632633f,0.019760825201542154f,1.6664386082733078f,0.48273565004809793f,-0.8747024424881247f,-0.04315007853931624f,2.379993802275825f,0f,0f,0f,1f], start_interpolation: 0, interpolation_duration: 1 }
$data merge entity $(bone_hugeasssword) { transformation: [1.8579665285707057e-7f,0.0000018495279585797011f,-0.00003912253191847374f,-1.1962712249459981f,0.00003705998593841749f,0.0000126485650248922f,7.739656537270678e-7f,1.477302157015131f,0.000012670860255951937f,-0.0000370218965872804f,-0.0000016900447427898862f,2.1094756688389342f,0f,0f,0f,1f], start_interpolation: 0, interpolation_duration: 1 }
$data merge entity $(bone_ice) { transformation: [0.004743744328265631f,0.04722199043182215f,-0.9988731553652868f,-1.1970831895516245f,0.9462124069383187f,0.32294208574192845f,0.019760825201542154f,1.457471618067002f,0.3235113256838792f,-0.9452399128667335f,-0.04315007853931624f,2.119190178013666f,0f,0f,0f,1f], start_interpolation: 0, interpolation_duration: 1 }
$data merge entity $(bone_righthand1) { transformation: [0.004743744328265631f,0.04722199043182215f,-0.9988731553652868f,-1.2153065419667677f,0.9462124069383187f,0.32294208574192845f,0.019760825201542154f,1.775377767024612f,0.3235113256838792f,-0.9452399128667335f,-0.04315007853931624f,1.962409591263599f,0f,0f,0f,1f], start_interpolation: 0, interpolation_duration: 1 }
$data merge entity $(bone_rightforearm) { transformation: [-0.9536955904735654f,0.04721556684483473f,-0.2970444595659011f,-1.1178608024436782f,0.2821717299780485f,0.4823796393083931f,-0.8292701600696241f,2.109872564040786f,0.10413373858876179f,-0.874688844005813f,-0.47336623312114473f,1.348281986552732f,0f,0f,0f,1f], start_interpolation: 0, interpolation_duration: 1 }
$data merge entity $(bone_rightelbow) { transformation: [-0.9536955904735654f,0.04721556684483473f,-0.2970444595659011f,-1.1090078836602717f,0.2821717299780485f,0.4823796393083931f,-0.8292701600696241f,2.2003187464111096f,0.10413373858876179f,-0.874688844005813f,-0.47336623312114473f,1.1842778283016422f,0f,0f,0f,1f], start_interpolation: 0, interpolation_duration: 1 }
$data merge entity $(bone_rightarm) { transformation: [-0.9536955904735654f,0.30077353718103095f,-0.000006548917238935764f,-0.7500000000000001f,0.2821717299780485f,0.8947203414085356f,0.34620026786672053f,2.5751350928118444f,0.10413373858876179f,0.33016782096595176f,-0.9381606336263117f,1.3559000032691486f,0f,0f,0f,1f], start_interpolation: 0, interpolation_duration: 1 }
$data merge entity $(bone_chest1) { transformation: [-1.0833333333333333f,-8.123966306277716e-17f,1.0488786676609385e-16f,-0.002323125000000143f,0f,0.8564744287015723f,0.6633721912255792f,2.515803009362491f,-1.3267006990762992e-16f,0.6633721912255792f,-0.8564744287015723f,1.1707210045629235f,0f,0f,0f,1f], start_interpolation: 0, interpolation_duration: 1 }
$data merge entity $(bone_chest1lid) { transformation: [-1f,-7.49904582117943e-17f,9.681956932254817e-17f,-0.3437500000000001f,0f,0.790591780339913f,0.612343561131304f,1.7358516515818638f,-1.2246467991473532e-16f,0.612343561131304f,-0.790591780339913f,1.0615890617852115f,0f,0f,0f,1f], start_interpolation: 0, interpolation_duration: 1 }
$data merge entity $(bone_chest2) { transformation: [-1f,-7.49904582117943e-17f,9.681956932254817e-17f,-0.3437500000000001f,0f,0.790591780339913f,0.612343561131304f,1.6123216859037524f,-1.2246467991473532e-16f,0.612343561131304f,-0.790591780339913f,0.9659103803584452f,0f,0f,0f,1f], start_interpolation: 0, interpolation_duration: 1 }
$data merge entity $(bone_chest1lid3) { transformation: [-1f,-7.49904582117943e-17f,9.681956932254817e-17f,-0.28125f,0f,0.790591780339913f,0.612343561131304f,2.128134245431605f,-1.2246467991473532e-16f,0.612343561131304f,-0.790591780339913f,0.5551162025049547f,0f,0f,0f,1f], start_interpolation: 0, interpolation_duration: 1 }
$data merge entity $(bone_chest3) { transformation: [-1f,-7.49904582117943e-17f,9.681956932254817e-17f,-0.28125f,0f,0.790591780339913f,0.612343561131304f,2.0046042797534938f,-1.2246467991473532e-16f,0.612343561131304f,-0.790591780339913f,0.45943752107818847f,0f,0f,0f,1f], start_interpolation: 0, interpolation_duration: 1 }
$data merge entity $(bone_hugeasssword2) { transformation: [-1.2488846824696865e-15f,2.887669569172986f,-2.646061646494669f,-1.2343750000000004f,-2.3983456144309407f,2.091954587991382f,2.2829678257258608f,3.5953557085759966f,3.0964844729979926f,1.620298811587508f,1.7682458673578836f,1.671771646772985f,0f,0f,0f,1f], start_interpolation: 0, interpolation_duration: 1 }
$data merge entity $(bone_belt) { transformation: [-1f,-7.49904582117943e-17f,9.681956932254817e-17f,0.029705624999999874f,0f,0.790591780339913f,0.612343561131304f,2.1207292824887025f,-1.2246467991473532e-16f,0.612343561131304f,-0.790591780339913f,1.0302966343834365f,0f,0f,0f,1f], start_interpolation: 0, interpolation_duration: 1 }
$data merge entity $(bone_torn_part) { transformation: [-1f,-8.490011897203386e-17f,8.825852720929049e-17f,-0.09375000000000011f,0f,0.7206855664077146f,0.6932620820235242f,1.8968265780678208f,-1.2246467991473532e-16f,0.6932620820235242f,-0.7206855664077146f,0.8834157727950551f,0f,0f,0f,1f], start_interpolation: 0, interpolation_duration: 1 }
$data merge entity $(bone_lowerbody) { transformation: [-1f,-5.4430831596630494e-17f,1.097036116010673e-16f,0.003906249999999903f,0f,0.8957979694835052f,0.44446146949902093f,1.3969228316326532f,-1.2246467991473532e-16f,0.44446146949902093f,-0.8957979694835052f,0.7923651603498543f,0f,0f,0f,1f], start_interpolation: 0, interpolation_duration: 1 }
$data merge entity $(bone_leftfoot) { transformation: [-0.9753667896506382f,0.20664712836348362f,0.0771789478143724f,-0.001732129061682297f,-0.042585433717795204f,-0.5196908687229156f,0.8532923776766604f,0.40012966719733256f,0.21643961393810277f,0.8289863480812861f,0.5156893718249174f,-0.858267673015421f,0f,0f,0f,1f], start_interpolation: 0, interpolation_duration: 1 }
$data merge entity $(bone_leftlowerleg) { transformation: [-0.9753667896506382f,0.20721985602048448f,-0.07562775229674208f,0.2397722719800208f,-0.042585433717795204f,0.1595094679997489f,0.9862774510519361f,0.42554826786927236f,0.21643961393810277f,0.9652029117700002f,-0.14675569027822494f,0.23505267698452725f,0f,0f,0f,1f], start_interpolation: 0, interpolation_duration: 1 }
$data merge entity $(bone_leftleg) { transformation: [-0.9753667896506382f,0.032967434327222433f,-0.21811183810258436f,0.24999999999999992f,-0.042585433717795204f,0.9420272412718134f,0.3328230123307041f,1.4164540816326532f,0.21643961393810277f,0.3339129002834377f,-0.9174181535933481f,0.6204901603498543f,0f,0f,0f,1f], start_interpolation: 0, interpolation_duration: 1 }
$data merge entity $(bone_rightfoot) { transformation: [-0.9905012255519768f,0.03855686210119664f,0.13198746366583963f,-0.3802307278399976f,0.04324621745963608f,0.9985243121491111f,0.032847567985757165f,0.14517769656817092f,-0.13052619222005174f,0.03824351490193312f,-0.9907069933701286f,0.948131684268263f,0f,0f,0f,1f], start_interpolation: 0, interpolation_duration: 1 }
$data merge entity $(bone_rightlowerleg) { transformation: [-0.9905012255519768f,-0.023399178914145204f,0.13549834171005876f,-0.427007919346383f,0.04324621745963608f,0.8823972275728322f,0.4685134976147576f,1.0521020717448262f,-0.13052619222005174f,0.46992298432607377f,-0.8730036093548588f,1.6035856801915842f,0f,0f,0f,1f], start_interpolation: 0, interpolation_duration: 1 }
$data merge entity $(bone_rightleg) { transformation: [-0.9905012255519768f,0.13749701721234944f,0.0013756590198535903f,-0.25000000000000006f,0.04324621745963608f,0.3210028116926562f,-0.9460903548609103f,1.4164540816326532f,-0.13052619222005174f,-0.9370441639235134f,-0.3238999042936229f,0.6204901603498543f,0f,0f,0f,1f], start_interpolation: 0, interpolation_duration: 1 }
data modify entity @s data merge value {"locators":{"lefthand":{"posx":0.9953639565066511,"posy":1.5383225726464782,"posz":1.8234823950152976,"roty":274.8993493019242,"rotx":-5.6855301530468},"righthand":{"posx":-1.1817689140687642,"posy":1.5408242982339777,"posz":2.1649629584122496,"roty":272.47356854237086,"rotx":1.1322855829718672},"chest":{"posx":-0.3750000000000001,"posy":1.590760983883853,"posz":1.1468475548926165,"roty":0,"rotx":37.75915127955944},"sack":{"posx":0,"posy":-0.4375,"posz":0,"roty":0,"rotx":0}},"cameras":{}}