# This file was generated by Animated Java via MC-Build. It is not recommended to edit this file directly.
$data merge entity $(bone_nose) { transformation: [-1f,-3.751530506139052e-17f,1.1657701193961605e-16f,-8.484797867334772e-17f,0f,0.9519235425330921f,0.3063357131828552f,4.08249362686136f,-1.2246467991473532e-16f,0.3063357131828552f,-0.9519235425330921f,0.6935365695217492f,0f,0f,0f,1f], start_interpolation: 0, interpolation_duration: 1 }
$data merge entity $(bone_glowing_eye) { transformation: [-1f,-3.751530506139052e-17f,1.1657701193961605e-16f,-0.12500000000000008f,0f,0.9519235425330921f,0.3063357131828552f,4.136256808898297f,-1.2246467991473532e-16f,0.3063357131828552f,-0.9519235425330921f,0.7474959532508045f,0f,0f,0f,1f], start_interpolation: 0, interpolation_duration: 1 }
$data merge entity $(bone_head) { transformation: [-1f,-3.751530506139052e-17f,1.1657701193961605e-16f,-5.838607766894275e-17f,0f,0.9519235425330921f,0.3063357131828552f,4.0223159765625f,-1.2246467991473532e-16f,0.3063357131828552f,-0.9519235425330921f,0.4774587499999999f,0f,0f,0f,1f], start_interpolation: 0, interpolation_duration: 1 }
$data merge entity $(bone_leftthumb2) { transformation: [-0.1305261922200514f,-0.33909411358656827f,-0.9316534201490777f,1.400708264961973f,0.8216438808006892f,0.4888955583847188f,-0.29305710387990425f,2.482852368687193f,0.5548551579352193f,-0.803738959565003f,0.21480092781468446f,1.655320496049785f,0f,0f,0f,1f], start_interpolation: 0, interpolation_duration: 1 }
$data merge entity $(bone_leftthumb) { transformation: [-0.1305261922200514f,-0.33909411358656827f,-0.9316534201490777f,1.2379312046583293f,0.8216438808006892f,0.4888955583847188f,-0.29305710387990425f,2.5777064102095406f,0.5548551579352193f,-0.803738959565003f,0.21480092781468446f,1.476565894547388f,0f,0f,0f,1f], start_interpolation: 0, interpolation_duration: 1 }
$data merge entity $(bone_leftpointerfinger) { transformation: [-0.12854320606946834f,0.02266563541681549f,-0.9914448613738105f,1.2057335290555f,0.9063422478606262f,0.4084637842328229f,-0.10817146903481109f,2.299135719922904f,0.4025175448552888f,-0.9124930717223851f,-0.0730480673414206f,1.6843827660328425f,0f,0f,0f,1f], start_interpolation: 0, interpolation_duration: 1 }
$data merge entity $(bone_leftmidfinger) { transformation: [-0.12854320606946834f,0.02266563541681549f,-0.9914448613738105f,1.0508202694658422f,0.9063422478606262f,0.4084637842328229f,-0.10817146903481109f,2.2822339278862147f,0.4025175448552888f,-0.9124930717223851f,-0.0730480673414206f,1.6729690055107456f,0f,0f,0f,1f], start_interpolation: 0, interpolation_duration: 1 }
$data merge entity $(bone_leftringfinger) { transformation: [-0.12607862007251888f,0.03378266443126187f,-0.9914448613738105f,0.8959070098761843f,0.9384933064756416f,0.327916524419354f,-0.10817146903481109f,2.2653321358495258f,0.3214568326556885f,-0.9441024756861175f,-0.0730480673414206f,1.6615552449886486f,0f,0f,0f,1f], start_interpolation: 0, interpolation_duration: 1 }
$data merge entity $(bone_invisibility) { transformation: [-0.08641011328638329f,0.9876721143508954f,0.13052619222005116f,1.2122425199321718f,0.5480856059885221f,0.15653594363908124f,-0.821643880800689f,2.517785257051389f,-0.8319467896626734f,0.0005411863392498772f,-0.5548551579352192f,1.7000580994030328f,0f,0f,0f,1f], start_interpolation: 0, interpolation_duration: 1 }
$data merge entity $(bone_swiftness) { transformation: [-0.9914448613738105f,1.0149062119977957e-16f,0.13052619222005118f,1.0195483964394114f,-0.10817146903481091f,0.5596429812207367f,-0.8216438808006892f,2.4645117839239936f,-0.07304806734142047f,-0.828733813459042f,-0.5548551579352193f,1.8274847205496076f,0f,0f,0f,1f], start_interpolation: 0, interpolation_duration: 1 }
$data merge entity $(bone_suspicious_stew) { transformation: [-0.4190027039255485f,0.8985541982805566f,0.13052619222005143f,1.0263466084245825f,0.46149355362732963f,0.33455198864033375f,-0.8216438808006893f,2.47126984186264f,-0.781959355761857f,-0.2840340114302943f,-0.5548551579352196f,1.725208484282409f,0f,0f,0f,1f], start_interpolation: 0, interpolation_duration: 1 }
$data merge entity $(bone_log) { transformation: [-0.1305261922200514f,1.0149062119977957e-16f,-0.9914448613738105f,0.9676358000270553f,0.8216438808006892f,0.5596429812207367f,-0.10817146903481109f,2.61318379072929f,0.5548551579352193f,-0.828733813459042f,-0.0730480673414206f,1.6702103004998266f,0f,0f,0f,1f], start_interpolation: 0, interpolation_duration: 1 }
$data merge entity $(bone_planks) { transformation: [-0.1305261922200514f,1.0149062119977957e-16f,-0.9914448613738105f,0.9553989695064254f,0.8216438808006892f,0.5596429812207367f,-0.10817146903481109f,2.690212904554355f,0.5548551579352193f,-0.828733813459042f,-0.0730480673414206f,1.7222279715562532f,0f,0f,0f,1f], start_interpolation: 0, interpolation_duration: 1 }
$data merge entity $(bone_lefthand1) { transformation: [-0.1305261922200514f,1.0149062119977957e-16f,-0.9914448613738105f,1.0312499999999998f,0.8216438808006892f,0.5596429812207367f,-0.10817146903481109f,2.5510639242416397f,0.5548551579352193f,-0.828733813459042f,-0.0730480673414206f,1.3265958097556805f,0f,0f,0f,1f], start_interpolation: 0, interpolation_duration: 1 }
$data merge entity $(bone_leftforearm) { transformation: [-1f,1.0149062119977957e-16f,6.853649856172575e-17f,0.9687499999999999f,0f,0.5596429812207367f,-0.828733813459042f,2.957511861247768f,-1.2246467991473532e-16f,-0.828733813459042f,-0.5596429812207367f,0.7526367687488656f,0f,0f,0f,1f], start_interpolation: 0, interpolation_duration: 1 }
$data merge entity $(bone_leftelbow) { transformation: [-1f,1.12796034599037e-16f,4.76933161496601e-17f,0.9687499999999999f,0f,0.38944548079385877f,-0.9210495195640895f,3.0305328888966163f,-1.2246467991473532e-16f,-0.9210495195640895f,-0.38944548079385877f,0.5799399838305989f,0f,0f,0f,1f], start_interpolation: 0, interpolation_duration: 1 }
$data merge entity $(bone_leftarm) { transformation: [-1f,2.5629070136929688e-17f,1.1975286464437882e-16f,0.7499999999999999f,0f,0.9778563478690789f,-0.20927723940301518f,3.5260009765625f,-1.2246467991473532e-16f,-0.20927723940301518f,-0.9778563478690789f,0.505859375f,0f,0f,0f,1f], start_interpolation: 0, interpolation_duration: 1 }
$data merge entity $(bone_rightthumb2) { transformation: [-0.028619006836263117f,0.20685765362865552f,-0.9779523830856764f,-1.1221958361424063f,0.978695818495918f,0.20479035198485834f,0.014676736439794558f,2.646473549650784f,0.20331120801940894f,-0.9566978743935647f,-0.2083116171136975f,1.783316817455538f,0f,0f,0f,1f], start_interpolation: 0, interpolation_duration: 1 }
$data merge entity $(bone_rightthumb) { transformation: [-0.028619006836263117f,0.20685765362865552f,-0.9779523830856764f,-1.1550389137999248f,0.978695818495918f,0.20479035198485834f,0.014676736439794558f,2.6979510847517343f,0.20331120801940894f,-0.9566978743935647f,-0.2083116171136975f,1.5308920489750806f,0f,0f,0f,1f], start_interpolation: 0, interpolation_duration: 1 }
$data merge entity $(bone_rightpointerfinger) { transformation: [-0.037614772006320525f,0.2054124274331021f,-0.9779523830856764f,-1.2718858032266849f,0.9688314872460366f,0.24728554896740343f,0.014676736439794558f,2.738487077675309f,0.24484827597421613f,-0.9469189996657214f,-0.2083116171136975f,1.857281095335387f,0f,0f,0f,1f], start_interpolation: 0, interpolation_duration: 1 }
$data merge entity $(bone_rightmidfinger) { transformation: [-0.037614772006320525f,0.2054124274331021f,-0.9779523830856764f,-1.4246908630838218f,0.9688314872460366f,0.24728554896740343f,0.014676736439794558f,2.740780317744027f,0.24484827597421613f,-0.9469189996657214f,-0.2083116171136975f,1.8247324051613718f,0f,0f,0f,1f], start_interpolation: 0, interpolation_duration: 1 }
$data merge entity $(bone_rightringfinger) { transformation: [-0.0641046744049344f,0.19874538267965935f,-0.9779523830856764f,-1.5774959229409586f,0.9282657584694689f,0.3716278717488485f,0.014676736439794558f,2.7430735578127448f,0.3663512963980601f,-0.9068588632212495f,-0.2083116171136975f,1.7921837149873565f,0f,0f,0f,1f], start_interpolation: 0, interpolation_duration: 1 }
$data merge entity $(bone_hugeasssword) { transformation: [-0.0000011209111010869724f,0.000008101924767122343f,-0.000038303135004189f,-1.359790472513905f,0.00003833225289109013f,0.000008020955452740286f,5.748388438919536e-7f,2.5221829571961014f,0.000007963022314093517f,-0.00003747066674708129f,-0.000008158871670286487f,1.5796534788124252f,0f,0f,0f,1f], start_interpolation: 0, interpolation_duration: 1 }
$data merge entity $(bone_ice) { transformation: [-0.028619006836263117f,0.20685765362865552f,-0.9779523830856764f,-1.362575451370036f,0.978695818495918f,0.20479035198485834f,0.014676736439794558f,2.503690985782339f,0.20331120801940894f,-0.9566978743935647f,-0.2083116171136975f,1.5914251454745214f,0f,0f,0f,1f], start_interpolation: 0, interpolation_duration: 1 }
$data merge entity $(bone_righthand1) { transformation: [-0.028619006836263117f,0.20685765362865552f,-0.9779523830856764f,-1.3485768016433655f,0.978695818495918f,0.20479035198485834f,0.014676736439794558f,2.800021176416277f,0.20331120801940894f,-0.9566978743935647f,-0.2083116171136975f,1.3965687408461793f,0f,0f,0f,1f], start_interpolation: 0, interpolation_duration: 1 }
$data merge entity $(bone_rightforearm) { transformation: [-0.953479202774036f,0.19774770306054254f,-0.22753737234060745f,-1.1463877263127222f,0.28749991622353277f,0.3694715073678968f,-0.8836484614453622f,3.055644092480442f,-0.0906708776225881f,-0.9079574060370749f,-0.40913584635616573f,0.7702208671770879f,0f,0f,0f,1f], start_interpolation: 0, interpolation_duration: 1 }
$data merge entity $(bone_rightelbow) { transformation: [-0.953479202774036f,0.19774770306054254f,-0.22753737234060745f,-1.1093100319888705f,0.28749991622353277f,0.3694715073678968f,-0.8836484614453622f,3.124920000111923f,-0.0906708776225881f,-0.9079574060370749f,-0.40913584635616573f,0.5999788535451364f,0f,0f,0f,1f], start_interpolation: 0, interpolation_duration: 1 }
$data merge entity $(bone_rightarm) { transformation: [-0.953479202774036f,0.3014587173912617f,-0.00022712596541571547f,-0.7500000000000001f,0.28749991622353277f,0.9091019964119962f,-0.3014587173912616f,3.5260009765625f,-0.0906708776225881f,-0.2874999162235327f,-0.953479202774036f,0.5058593749999998f,0f,0f,0f,1f], start_interpolation: 0, interpolation_duration: 1 }
$data merge entity $(bone_chest1) { transformation: [-1.0833333333333333f,0f,1.3267006990762992e-16f,-0.0023231250000000487f,0f,1.0833333333333333f,0f,3.3657003515625f,-1.3267006990762992e-16f,0f,-1.0833333333333333f,0.39578999999999986f,0f,0f,0f,1f], start_interpolation: 0, interpolation_duration: 1 }
$data merge entity $(bone_chest1lid) { transformation: [-1f,0f,1.2246467991473532e-16f,-0.3437500000000001f,0f,1f,0f,2.6822509765625f,-1.2246467991473532e-16f,0f,-1f,0.7871093749999998f,0f,0f,0f,1f], start_interpolation: 0, interpolation_duration: 1 }
$data merge entity $(bone_chest2) { transformation: [-1f,0f,1.2246467991473532e-16f,-0.3437500000000001f,0f,1f,0f,2.5260009765625f,-1.2246467991473532e-16f,0f,-1f,0.7871093749999998f,0f,0f,0f,1f], start_interpolation: 0, interpolation_duration: 1 }
$data merge entity $(bone_chest1lid3) { transformation: [-1f,0f,1.2246467991473532e-16f,-0.28125f,0f,1f,0f,2.6822509765625f,-1.2246467991473532e-16f,0f,-1f,0.14648437499999983f,0f,0f,0f,1f], start_interpolation: 0, interpolation_duration: 1 }
$data merge entity $(bone_chest3) { transformation: [-1f,0f,1.2246467991473532e-16f,-0.28125f,0f,1f,0f,2.5260009765625f,-1.2246467991473532e-16f,0f,-1f,0.14648437499999983f,0f,0f,0f,1f], start_interpolation: 0, interpolation_duration: 1 }
$data merge entity $(bone_hugeasssword2) { transformation: [-1.3493280322890861e-15f,2.887669569172986f,-2.646061646494669f,-1.2343750000000002f,2.1741867565575984e-16f,2.6460616464946694f,2.887669569172986f,4.5260009765625f,3.916666666666667f,5.710562051440511e-16f,-1.1937237951956666e-15f,0.13085937499999972f,0f,0f,0f,1f], start_interpolation: 0, interpolation_duration: 1 }
$data merge entity $(bone_belt) { transformation: [-1f,0f,1.2246467991473532e-16f,0.029705624999999933f,0f,1f,0f,2.9673703515625f,-1.2246467991473532e-16f,0f,-1f,0.5266924999999999f,0f,0f,0f,1f], start_interpolation: 0, interpolation_duration: 1 }
$data merge entity $(bone_torn_part) { transformation: [-1f,-3.6825839484795376e-17f,1.16796641102639e-16f,-0.09375000000000007f,0f,0.9537169507482269f,0.30070579950427306f,2.6822509765625f,-1.2246467991473532e-16f,0.30070579950427306f,-0.9537169507482269f,0.5214843749999999f,0f,0f,0f,1f], start_interpolation: 0, interpolation_duration: 1 }
$data merge entity $(bone_lowerbody) { transformation: [-1f,0f,1.2246467991473532e-16f,0.003906249999999919f,0f,1f,0f,2.1939697265625f,-1.2246467991473532e-16f,0f,-1f,0.6621093749999999f,0f,0f,0f,1f], start_interpolation: 0, interpolation_duration: 1 }
$data merge entity $(bone_leftfoot) { transformation: [-0.9722083946741316f,-0.063901389960983f,-0.22522755090397434f,0.2470286256361367f,-0.04510419932113446f,0.9951303352428419f,-0.08764260997408058f,0.18872806208505344f,0.22973125283414825f,-0.07504817279936798f,-0.9703562867476712f,-0.0559018370610993f,0f,0f,0f,1f], start_interpolation: 0, interpolation_duration: 1 }
$data merge entity $(bone_leftlowerleg) { transformation: [-0.9722083946741316f,0.047507352866497335f,-0.2292463494775131f,0.3349547938668481f,-0.04510419932113446f,0.9228434330813661f,0.38252530533573564f,1.153734156043069f,0.22973125283414825f,0.3822342860631638f,-0.8950533514986891f,0.5056603556395838f,0f,0f,0f,1f], start_interpolation: 0, interpolation_duration: 1 }
$data merge entity $(bone_leftleg) { transformation: [-0.9722083946741316f,-0.05692906712937219f,-0.22709011127948175f,0.24999999999999994f,-0.04510419932113446f,0.9973588584453336f,-0.0569290671293722f,2.2135009765625f,0.22973125283414825f,-0.045104199321134464f,-0.9722083946741316f,0.49023437499999994f,0f,0f,0f,1f], start_interpolation: 0, interpolation_duration: 1 }
$data merge entity $(bone_rightfoot) { transformation: [-0.9905012255519768f,0.01699660276313826f,0.13644939602117742f,-0.35653393674946293f,0.04324621745963607f,0.9804813568229263f,0.19179695930360122f,0.31450912274529386f,-0.1305261922200517f,0.19587604349992738f,-0.9719030243431434f,0.430076182858773f,0f,0f,0f,1f], start_interpolation: 0, interpolation_duration: 1 }
$data merge entity $(bone_rightlowerleg) { transformation: [-0.9905012255519768f,-0.009201793130926422f,0.13719566022002175f,-0.3878216889658773f,0.04324621745963607f,0.9262794684784843f,0.37434758039908633f,1.2845835401309569f,-0.1305261922200517f,0.37672493052410555f,-0.9170830059848138f,0.9889111942903681f,0f,0f,0f,1f], start_interpolation: 0, interpolation_duration: 1 }
$data merge entity $(bone_rightleg) { transformation: [-0.9905012255519768f,0.10281986553344348f,0.09129839774999682f,-0.25000000000000006f,0.04324621745963607f,0.8632193049188158f,-0.5029733554482885f,2.2135009765625f,-0.1305261922200517f,-0.4942474146287071f,-0.8594663497062425f,0.49023437499999983f,0f,0f,0f,1f], start_interpolation: 0, interpolation_duration: 1 }
data modify entity @s data merge value {"locators":{"lefthand":{"posx":0.9953639565066509,"posy":2.494122748200024,"posz":1.684078834672097,"roty":274.21384718717786,"rotx":-6.209919479515402},"righthand":{"posx":-1.3532101281131699,"posy":2.5920145455096963,"posz":1.6286888445311418,"roty":282.0247415496057,"rotx":0.8409452477272836},"chest":{"posx":-0.3750000000000001,"posy":2.6197509765625,"posz":0.9433593749999998,"roty":0,"rotx":0},"sack":{"posx":0,"posy":-0.4375,"posz":0,"roty":0,"rotx":0}},"cameras":{}}