# This file was generated by Animated Java via MC-Build. It is not recommended to edit this file directly.
$data merge entity $(bone_nose) { transformation: [-1f,0f,1.2246467991473532e-16f,-1.8868156171211458e-17f,0f,1f,0f,4.225260625f,-1.2246467991473532e-16f,0f,-1f,0.154948125f,0f,0f,0f,1f], start_interpolation: 0, interpolation_duration: 1 }
$data merge entity $(bone_glowing_eye) { transformation: [-1f,0f,1.2246467991473532e-16f,-0.12500000000000003f,0f,1f,0f,4.29296875f,-1.2246467991473532e-16f,0f,-1f,0.18984374999999998f,0f,0f,0f,1f], start_interpolation: 0, interpolation_duration: 1 }
$data merge entity $(bone_head) { transformation: [-1f,0f,1.2246467991473532e-16f,4.0639674662223055e-18f,0f,1f,0f,4.10178375f,-1.2246467991473532e-16f,0f,-1f,-0.032306875f,0f,0f,0f,1f], start_interpolation: 0, interpolation_duration: 1 }
$data merge entity $(bone_leftthumb2) { transformation: [-0.9898313143821627f,-0.04865105086906994f,-0.13366766369550812f,1.0083899850339357f,0.09124374474547284f,0.5037416318262621f,-0.8590220878474765f,2.425131268912749f,0.10912629432590151f,-0.862483300484334f,-0.494180137472508f,1.0788725491984317f,0f,0f,0f,1f], start_interpolation: 0, interpolation_duration: 1 }
$data merge entity $(bone_leftthumb) { transformation: [-0.9898313143821627f,-0.04865105086906994f,-0.13366766369550812f,0.985035775320919f,0.09124374474547284f,0.5037416318262621f,-0.8590220878474765f,2.4752602459836752f,0.10912629432590151f,-0.862483300484334f,-0.494180137472508f,0.8251235892813454f,0f,0f,0f,1f], start_interpolation: 0, interpolation_duration: 1 }
$data merge entity $(bone_leftpointerfinger) { transformation: [-0.9839668844864495f,0.10758810884828228f,-0.14224615660354514f,1.0866307867406768f,0.1740889266690373f,0.7527023559988312f,-0.6349269319260537f,2.18379219602871f,0.038758429344500925f,-0.649510555809726f,-0.7593640905695291f,0.9880683694526332f,0f,0f,0f,1f], start_interpolation: 0, interpolation_duration: 1 }
$data merge entity $(bone_leftmidfinger) { transformation: [-0.9839668844864495f,0.10758810884828228f,-0.14224615660354514f,1.0644048247713729f,0.1740889266690373f,0.7527023559988312f,-0.6349269319260537f,2.0845848629152646f,0.038758429344500925f,-0.649510555809726f,-0.7593640905695291f,0.8694177303011442f,0f,0f,0f,1f], start_interpolation: 0, interpolation_duration: 1 }
$data merge entity $(bone_leftringfinger) { transformation: [-0.9766526450376792f,0.16098335899224062f,-0.14224615660354514f,1.042178862802069f,0.21479848596479137f,0.7421114481950819f,-0.6349269319260537f,1.9853775298018186f,0.0033498310611474735f,-0.6506573265439909f,-0.7593640905695291f,0.7507670911496553f,0f,0f,0f,1f], start_interpolation: 0, interpolation_duration: 1 }
$data merge entity $(bone_invisibility) { transformation: [-0.012397569431781807f,0.14170486703237983f,0.9898313143821624f,0.9054826076878822f,0.7089083284566432f,0.6993736918769756f,-0.09124374474547292f,2.3046505532709736f,-0.7051916633915859f,0.7005684618720032f,-0.1091262943259017f,0.9621011240161608f,0f,0f,0f,1f], start_interpolation: 0, interpolation_duration: 1 }
$data merge entity $(bone_swiftness) { transformation: [-0.14224615660354537f,7.855492381154184e-17f,0.9898313143821627f,0.827257945248837f,-0.6349269319260537f,0.7671651518152994f,-0.09124374474547298f,2.086466905430157f,-0.7593640905695291f,-0.641449631569158f,-0.10912629432590168f,0.9122671000395335f,0f,0f,0f,1f], start_interpolation: 0, interpolation_duration: 1 }
$data merge entity $(bone_suspicious_stew) { transformation: [-0.06011582344308551f,0.1289187994058279f,0.9898313143821629f,0.8788114533247176f,0.42695603473041543f,0.8996572255320932f,-0.09124374474547277f,2.1496408870434967f,-0.9022719280677196f,0.4171292601911986f,-0.10912629432590161f,0.8497883085141783f,0f,0f,0f,1f], start_interpolation: 0, interpolation_duration: 1 }
$data merge entity $(bone_log) { transformation: [-0.9898313143821627f,7.855492381154184e-17f,-0.14224615660354514f,0.7793469790105986f,0.09124374474547284f,0.7671651518152994f,-0.6349269319260537f,2.2243284321562635f,0.10912629432590151f,-0.641449631569158f,-0.7593640905695291f,0.7442425029156402f,0f,0f,0f,1f], start_interpolation: 0, interpolation_duration: 1 }
$data merge entity $(bone_planks) { transformation: [-0.9898313143821627f,7.855492381154184e-17f,-0.14224615660354514f,0.6865502932872709f,0.09124374474547284f,0.7671651518152994f,-0.6349269319260537f,2.2328825332261513f,0.10912629432590151f,-0.641449631569158f,-0.7593640905695291f,0.7544730930086934f,0f,0f,0f,1f], start_interpolation: 0, interpolation_duration: 1 }
$data merge entity $(bone_lefthand1) { transformation: [-0.9898313143821627f,7.855492381154184e-17f,-0.14224615660354514f,1.03125f,0.09124374474547284f,0.7671651518152994f,-0.6349269319260537f,2.4131502505464093f,0.10912629432590151f,-0.641449631569158f,-0.7593640905695291f,0.5803286492721732f,0f,0f,0f,1f], start_interpolation: 0, interpolation_duration: 1 }
$data merge entity $(bone_leftforearm) { transformation: [-1f,7.855492381154184e-17f,9.395063475879996e-17f,0.96875f,0f,0.7671651518152994f,-0.641449631569158f,2.96258589840981f,-1.2246467991473532e-16f,-0.641449631569158f,-0.7671651518152994f,0.141296332572223f,0f,0f,0f,1f], start_interpolation: 0, interpolation_duration: 1 }
$data merge entity $(bone_leftelbow) { transformation: [-1f,7.963192177730251e-17f,9.30395338588503e-17f,0.96875f,0f,0.7597254483793046f,-0.650243987350029f,3.1050344199809294f,-1.2246467991473532e-16f,-0.650243987350029f,-0.7597254483793046f,0.019375584944092545f,0f,0f,0f,1f], start_interpolation: 0, interpolation_duration: 1 }
$data merge entity $(bone_leftarm) { transformation: [-1f,1.3311099700821935e-17f,1.2173911635695962e-16f,0.75f,0f,0.9940753239360046f,-0.10869337763418514f,3.60546875f,-1.2246467991473532e-16f,-0.10869337763418514f,-0.9940753239360046f,-0.00390624999999991f,0f,0f,0f,1f], start_interpolation: 0, interpolation_duration: 1 }
$data merge entity $(bone_rightthumb2) { transformation: [-0.8546383806491129f,0.2542198802712863f,-0.4527311462626741f,-1.2250037315220705f,0.515668259304276f,0.31371375228438336f,-0.7972891119122038f,2.9109826886928105f,-0.06065875590184708f,-0.9148529576399179f,-0.39920493637971805f,1.307141055310368f,0f,0f,0f,1f], start_interpolation: 0, interpolation_duration: 1 }
$data merge entity $(bone_rightthumb) { transformation: [-0.8546383806491129f,0.2542198802712863f,-0.4527311462626741f,-1.201347484466382f,0.515668259304276f,0.31371375228438336f,-0.7972891119122038f,2.9197842993061762f,-0.06065875590184708f,-0.9148529576399179f,-0.39920493637971805f,1.0486651729956906f,0f,0f,0f,1f], start_interpolation: 0, interpolation_duration: 1 }
$data merge entity $(bone_rightpointerfinger) { transformation: [-0.8649138697166177f,0.21669911669296427f,-0.4527311462626741f,-1.3994612280449574f,0.5014934557014237f,0.3359082998600864f,-0.7972891119122038f,2.8358752630783837f,-0.020695696665489434f,-0.9166281181098448f,-0.39920493637971805f,1.3235040169017247f,0f,0f,0f,1f], start_interpolation: 0, interpolation_duration: 1 }
$data merge entity $(bone_rightmidfinger) { transformation: [-0.8649138697166177f,0.21669911669296427f,-0.4527311462626741f,-1.4702004696485003f,0.5014934557014237f,0.3359082998600864f,-0.7972891119122038f,2.711298839342102f,-0.020695696665489434f,-0.9166281181098448f,-0.39920493637971805f,1.2611282455923938f,0f,0f,0f,1f], start_interpolation: 0, interpolation_duration: 1 }
$data merge entity $(bone_rightringfinger) { transformation: [-0.8857993222208591f,0.10195131169706317f,-0.4527311462626741f,-1.5409397112520429f,0.4533582783519226f,0.3984925889850776f,-0.7972891119122038f,2.58672241560582f,0.0991253358271591f,-0.9114875679718392f,-0.39920493637971805f,1.1987524742830629f,0f,0f,0f,1f], start_interpolation: 0, interpolation_duration: 1 }
$data merge entity $(bone_hugeasssword) { transformation: [-0.000033473336575423595f,0.00000995694531062538f,-0.00001773196989528807f,-1.1844748124481204f,0.00002019700682275081f,0.000012287121964471684f,-0.000031227156883227984f,2.6505052062707968f,-0.000002375801272822344f,-0.00003583174084089679f,-0.000015635526674872292f,1.097648797739147f,0f,0f,0f,1f], start_interpolation: 0, interpolation_duration: 1 }
$data merge entity $(bone_ice) { transformation: [-0.8546383806491129f,0.2542198802712863f,-0.4527311462626741f,-1.1750932733797168f,0.515668259304276f,0.31371375228438336f,-0.7972891119122038f,2.637546112339724f,-0.06065875590184708f,-0.9148529576399179f,-0.39920493637971805f,1.112891168263237f,0f,0f,0f,1f], start_interpolation: 0, interpolation_duration: 1 }
$data merge entity $(bone_righthand1) { transformation: [-0.8546383806491129f,0.2542198802712863f,-0.4527311462626741f,-1.339345746794882f,0.515668259304276f,0.31371375228438336f,-0.7972891119122038f,2.8199763304896326f,-0.06065875590184708f,-0.9148529576399179f,-0.39920493637971805f,0.8565380856159295f,0f,0f,0f,1f], start_interpolation: 0, interpolation_duration: 1 }
$data merge entity $(bone_rightforearm) { transformation: [-0.9594006375108767f,0.19709773161534636f,-0.20174959959268415f,-1.137646526914776f,0.2690442882018644f,0.4248507344095356f,-0.8643593144390996f,3.1153898493968315f,-0.08464979462276082f,-0.8835464547287614f,-0.4606300843481256f,0.24778244186663106f,0f,0f,0f,1f], start_interpolation: 0, interpolation_duration: 1 }
$data merge entity $(bone_rightelbow) { transformation: [-0.9594006375108767f,0.19709773161534636f,-0.20174959959268415f,-1.1006907022368986f,0.2690442882018644f,0.4248507344095356f,-0.8643593144390996f,3.1950493620986196f,-0.08464979462276082f,-0.8835464547287614f,-0.4606300843481256f,0.0821174816049883f,0f,0f,0f,1f], start_interpolation: 0, interpolation_duration: 1 }
$data merge entity $(bone_rightarm) { transformation: [-0.9594006375108767f,0.2819918104602931f,0.005570958360069141f,-0.75f,0.2690442882018644f,0.9209211637373084f,-0.28199181046029304f,3.60546875f,-0.08464979462276082f,-0.26904428820186443f,-0.9594006375108767f,-0.00390625000000009f,0f,0f,0f,1f], start_interpolation: 0, interpolation_duration: 1 }
$data merge entity $(bone_chest1) { transformation: [-1.0833333333333333f,0f,1.3267006990762992e-16f,-0.0023231249999999862f,0f,1.0833333333333333f,0f,3.445168125f,-1.3267006990762992e-16f,0f,-1.0833333333333333f,-0.113975625f,0f,0f,0f,1f], start_interpolation: 0, interpolation_duration: 1 }
$data merge entity $(bone_chest1lid) { transformation: [-1f,0f,1.2246467991473532e-16f,-0.34375000000000006f,0f,1f,0f,2.76171875f,-1.2246467991473532e-16f,0f,-1f,0.27734374999999994f,0f,0f,0f,1f], start_interpolation: 0, interpolation_duration: 1 }
$data merge entity $(bone_chest2) { transformation: [-1f,0f,1.2246467991473532e-16f,-0.34375000000000006f,0f,1f,0f,2.60546875f,-1.2246467991473532e-16f,0f,-1f,0.27734374999999994f,0f,0f,0f,1f], start_interpolation: 0, interpolation_duration: 1 }
$data merge entity $(bone_chest1lid3) { transformation: [-1f,0f,1.2246467991473532e-16f,-0.28124999999999994f,0f,1f,0f,2.76171875f,-1.2246467991473532e-16f,0f,-1f,-0.36328125000000006f,0f,0f,0f,1f], start_interpolation: 0, interpolation_duration: 1 }
$data merge entity $(bone_chest3) { transformation: [-1f,0f,1.2246467991473532e-16f,-0.28124999999999994f,0f,1f,0f,2.60546875f,-1.2246467991473532e-16f,0f,-1f,-0.36328125000000006f,0f,0f,0f,1f], start_interpolation: 0, interpolation_duration: 1 }
$data merge entity $(bone_hugeasssword2) { transformation: [-1.3493280322890861e-15f,2.887669569172986f,-2.646061646494669f,-1.234375f,2.1741867565575984e-16f,2.6460616464946694f,2.887669569172986f,4.60546875f,3.916666666666667f,5.710562051440511e-16f,-1.1937237951956666e-15f,-0.37890625000000017f,0f,0f,0f,1f], start_interpolation: 0, interpolation_duration: 1 }
$data merge entity $(bone_belt) { transformation: [-1f,0f,1.2246467991473532e-16f,0.029705624999999996f,0f,1f,0f,3.046838125f,-1.2246467991473532e-16f,0f,-1f,0.016926875000000008f,0f,0f,0f,1f], start_interpolation: 0, interpolation_duration: 1 }
$data merge entity $(bone_torn_part) { transformation: [-1f,-3.6825839484795376e-17f,1.16796641102639e-16f,-0.09375f,0f,0.9537169507482269f,0.30070579950427306f,2.76171875f,-1.2246467991473532e-16f,0.30070579950427306f,-0.9537169507482269f,0.01171875f,0f,0f,0f,1f], start_interpolation: 0, interpolation_duration: 1 }
$data merge entity $(bone_lowerbody) { transformation: [-1f,0f,1.2246467991473532e-16f,0.0039062499999999814f,0f,1f,0f,2.2734375f,-1.2246467991473532e-16f,0f,-1f,0.15234375f,0f,0f,0f,1f], start_interpolation: 0, interpolation_duration: 1 }
$data merge entity $(bone_leftfoot) { transformation: [-0.993819779732778f,-0.016511500551324637f,-0.10977074182784888f,0.3075457515781378f,-0.02168522473619671f,0.9987011246191189f,0.04610655823901585f,0.1483985566903112f,0.10886687485196445f,0.0482020127593312f,-0.9928869872880377f,-0.2084351794504583f,0f,0f,0f,1f], start_interpolation: 0, interpolation_duration: 1 }
$data merge entity $(bone_leftlowerleg) { transformation: [-0.993819779732778f,-0.009836048750365155f,-0.11056897194454278f,0.3136223237957282f,-0.02168522473619671f,0.9940783296725473f,0.10648016483636259f,1.2348439921944074f,0.10886687485196445f,0.10821980696905144f,-0.9881480035599667f,0.06344578650530645f,0f,0f,0f,1f], start_interpolation: 0, interpolation_duration: 1 }
$data merge entity $(bone_leftleg) { transformation: [-0.993819779732778f,-0.03324569945777885f,-0.10591019251920794f,0.25f,-0.02168522473619671f,0.9938607906722732f,-0.10849184205471203f,2.29296875f,0.10886687485196445f,-0.10552465224698436f,-0.9884394525352171f,-0.01953124999999997f,0f,0f,0f,1f], start_interpolation: 0, interpolation_duration: 1 }
$data merge entity $(bone_rightfoot) { transformation: [-0.9976214598368016f,0.019122628068558932f,0.06622497994594137f,-0.3106318438440443f,0.02176817769116109f,0.9989840331422654f,0.03945944711750232f,0.1420028937164186f,-0.06540312923014319f,0.04080718836877258f,-0.9970241742627611f,-0.28840184695615284f,0f,0f,0f,1f], start_interpolation: 0, interpolation_duration: 1 }
$data merge entity $(bone_rightlowerleg) { transformation: [-0.9976214598368016f,0.015300738260554145f,0.06721093870621649f,-0.30398425402059537f,0.02176817769116109f,0.9950877467629428f,0.09657392340717738f,1.2310902019609604f,-0.06540312923014319f,0.09780727810818243f,-0.9930539597806223f,-0.027318501495669396f,0f,0f,0f,1f], start_interpolation: 0, interpolation_duration: 1 }
$data merge entity $(bone_rightleg) { transformation: [-0.9976214598368016f,0.02305905301278279f,0.06495924066091327f,-0.25f,0.02176817769116109f,0.9995526361584205f,-0.02051033858224373f,2.29296875f,-0.06540312923014319f,-0.019047509624775406f,-0.9976771136314591f,-0.01953125000000003f,0f,0f,0f,1f], start_interpolation: 0, interpolation_duration: 1 }
data modify entity @s data merge value {"locators":{"lefthand":{"posx":0.8743662609308567,"posy":2.1657602869121497,"posz":0.7959902292040764,"roty":349.3901567602977,"rotx":-39.414565355393634},"righthand":{"posx":-1.2521138830344556,"posy":2.693445876643685,"posz":1.1277365644914956,"roty":311.4048945564078,"rotx":-52.87200582335209},"chest":{"posx":-0.37500000000000006,"posy":2.69921875,"posz":0.43359374999999994,"roty":0,"rotx":0},"sack":{"posx":0,"posy":-0.4375,"posz":0,"roty":0,"rotx":0}},"cameras":{}}