# This file was generated by Animated Java via MC-Build. It is not recommended to edit this file directly.
$data merge entity $(bone_nose) { transformation: [-0.9984378692557455f,-0.009064668300216187f,-0.055133048388907854f,-0.0019450099927479907f,-0.015214355293296877f,0.993572741405557f,0.11216831517347309f,3.7576769075231953f,0.05376192545897078f,0.11283190738640067f,-0.9921585639636897f,2.3785154159026343f,0f,0f,0f,1f], start_interpolation: 0, interpolation_duration: 1 }
$data merge entity $(bone_glowing_eye) { transformation: [-0.9984378692557455f,-0.009064668300216187f,-0.055133048388907854f,-0.12543959316238457f,-0.015214355293296877f,0.993572741405557f,0.11216831517347309f,3.819133877020038f,0.05376192545897078f,0.11283190738640067f,-0.9921585639636897f,2.427497286662928f,0f,0f,0f,1f], start_interpolation: 0, interpolation_duration: 1 }
$data merge entity $(bone_head) { transformation: [-0.9984378692557455f,-0.009064668300216187f,-0.055133048388907854f,-0.011149672054190677f,-0.015214355293296877f,0.993572741405557f,0.11216831517347309f,3.655997728187063f,0.05376192545897078f,0.11283190738640067f,-0.9921585639636897f,2.1787966326832513f,0f,0f,0f,1f], start_interpolation: 0, interpolation_duration: 1 }
$data merge entity $(bone_leftthumb2) { transformation: [-0.9605697500407402f,-0.11193636386224898f,0.2545113077094373f,1.0795876581787878f,-0.23021827142477017f,0.8334748372763946f,-0.5023138890467572f,1.8012381333036787f,-0.15590158052072658f,-0.5411006801625604f,-0.8263805123057745f,2.816183432862223f,0f,0f,0f,1f], start_interpolation: 0, interpolation_duration: 1 }
$data merge entity $(bone_leftthumb) { transformation: [-0.9605697500407402f,-0.11193636386224898f,0.2545113077094373f,1.0738860045428793f,-0.23021827142477017f,0.8334748372763946f,-0.5023138890467572f,1.9627150969112217f,-0.15590158052072658f,-0.5411006801625604f,-0.8263805123057745f,2.6128621366770854f,0f,0f,0f,1f], start_interpolation: 0, interpolation_duration: 1 }
$data merge entity $(bone_leftpointerfinger) { transformation: [-0.9605697500407402f,-0.11193636386224898f,0.2545113077094373f,1.2276076578947657f,-0.23021827142477017f,0.8334748372763946f,-0.5023138890467572f,1.6908653258179223f,-0.15590158052072658f,-0.5411006801625604f,-0.8263805123057745f,2.768725946210547f,0f,0f,0f,1f], start_interpolation: 0, interpolation_duration: 1 }
$data merge entity $(bone_leftmidfinger) { transformation: [-0.9605697500407402f,-0.11193636386224898f,0.2545113077094373f,1.2673750497243654f,-0.23021827142477017f,0.8334748372763946f,-0.5023138890467572f,1.6123787806543666f,-0.15590158052072658f,-0.5411006801625604f,-0.8263805123057745f,2.63960399116277f,0f,0f,0f,1f], start_interpolation: 0, interpolation_duration: 1 }
$data merge entity $(bone_leftringfinger) { transformation: [-0.9605697500407402f,-0.11193636386224898f,0.2545113077094373f,1.307142441553965f,-0.23021827142477017f,0.8334748372763946f,-0.5023138890467572f,1.5338922354908107f,-0.15590158052072658f,-0.5411006801625604f,-0.8263805123057745f,2.5104820361149924f,0f,0f,0f,1f], start_interpolation: 0, interpolation_duration: 1 }
$data merge entity $(bone_invisibility) { transformation: [-0.08932829014214731f,-0.2632987122774246f,0.9605697500407401f,1.0273043115987737f,0.7865236737952896f,0.5730445515505326f,0.23021827142477005f,1.7545580192855945f,-0.6110654360539799f,0.7760758532845218f,0.15590158052072633f,2.706135903979686f,0f,0f,0f,1f], start_interpolation: 0, interpolation_duration: 1 }
$data merge entity $(bone_swiftness) { transformation: [0.2545113077094371f,-0.11193636386224898f,0.9605697500407403f,1.040153780024791f,-0.5023138890467572f,0.8334748372763946f,0.23021827142477005f,1.5355171202263245f,-0.8263805123057745f,-0.5411006801625604f,0.1559015805207264f,2.616343879584383f,0f,0f,0f,1f], start_interpolation: 0, interpolation_duration: 1 }
$data merge entity $(bone_suspicious_stew) { transformation: [0.006112328236590581f,-0.277971931586982f,0.9605697500407404f,1.0802721988503359f,0.5430977126855501f,0.807492676114102f,0.2302182714247703f,1.6213050320919966f,-0.8396472556492115f,0.5202760644810482f,0.15590158052072656f,2.5765536523049732f,0f,0f,0f,1f], start_interpolation: 0, interpolation_duration: 1 }
$data merge entity $(bone_log) { transformation: [-0.9605697500407402f,-0.11193636386224898f,0.2545113077094373f,0.9881569568501154f,-0.23021827142477017f,0.8334748372763946f,-0.5023138890467572f,1.680360460256407f,-0.15590158052072658f,-0.5411006801625604f,-0.8263805123057745f,2.455563707596502f,0f,0f,0f,1f], start_interpolation: 0, interpolation_duration: 1 }
$data merge entity $(bone_planks) { transformation: [-0.9605697500407402f,-0.11193636386224898f,0.2545113077094373f,0.8981035427837959f,-0.23021827142477017f,0.8334748372763946f,-0.5023138890467572f,1.6587774973103349f,-0.15590158052072658f,-0.5411006801625604f,-0.8263805123057745f,2.440947934422684f,0f,0f,0f,1f], start_interpolation: 0, interpolation_duration: 1 }
$data merge entity $(bone_lefthand) { transformation: [-0.9605697500407402f,-0.11193636386224898f,0.2545113077094373f,1.1923618250288182f,-0.23021827142477017f,0.8334748372763946f,-0.5023138890467572f,1.9619810464644094f,-0.15590158052072658f,-0.5411006801625604f,-0.8263805123057745f,2.385088323695599f,0f,0f,0f,1f], start_interpolation: 0, interpolation_duration: 1 }
$data merge entity $(bone_leftforearm) { transformation: [-0.9821236304474541f,-0.11193636386224898f,0.15133877547413446f,1.0499091739184252f,-0.17571958304287136f,0.8334748372763946f,-0.5238724308095689f,2.5452210742155943f,-0.06749668622941232f,-0.5411006801625604f,-0.8382447442577037f,2.013505939195987f,0f,0f,0f,1f], start_interpolation: 0, interpolation_duration: 1 }
$data merge entity $(bone_leftelbow) { transformation: [-0.9883168738360039f,-0.14368342014326063f,-0.05084123982519973f,1.0229685326415638f,-0.13687291177409416f,0.9834565098898672f,-0.11865537989371683f,2.7296191698199443f,0.06704895907849182f,-0.11031032558730164f,-0.9916330314966896f,1.9928227531483682f,0f,0f,0f,1f], start_interpolation: 0, interpolation_duration: 1 }
$data merge entity $(bone_leftarm) { transformation: [-0.9883168738360039f,-0.14368342014326063f,-0.05084123982519973f,0.7365212951628453f,-0.13687291177409416f,0.9834565098898672f,-0.11865537989371683f,3.1951144559359737f,0.06704895907849182f,-0.11031032558730164f,-0.9916330314966896f,1.983323082387409f,0f,0f,0f,1f], start_interpolation: 0, interpolation_duration: 1 }
$data merge entity $(bone_rightthumb2) { transformation: [-0.8823654535063639f,-0.07581203032138319f,0.4644176380339771f,-1.0431124184912584f,-0.1582469167581185f,0.977261548240405f,-0.14113036408695223f,1.5527041998582694f,-0.4431581205338087f,-0.19802121701806683f,-0.8742988492590082f,2.0637501943777217f,0f,0f,0f,1f], start_interpolation: 0, interpolation_duration: 1 }
$data merge entity $(bone_rightthumb) { transformation: [-0.8823654535063639f,-0.07581203032138319f,0.4644176380339771f,-1.0220167800350617f,-0.1582469167581185f,0.977261548240405f,-0.14113036408695223f,1.7803096170136563f,-0.4431581205338087f,-0.19802121701806683f,-0.8742988492590082f,1.9404715821526168f,0f,0f,0f,1f], start_interpolation: 0, interpolation_duration: 1 }
$data merge entity $(bone_rightpointerfinger) { transformation: [-0.8823654535063639f,-0.07581203032138319f,0.4644176380339771f,-1.0718801022802737f,-0.1582469167581185f,0.977261548240405f,-0.14113036408695223f,1.435721929160278f,-0.4431581205338087f,-0.19802121701806683f,-0.8742988492590082f,1.9159941159942688f,0f,0f,0f,1f], start_interpolation: 0, interpolation_duration: 1 }
$data merge entity $(bone_rightmidfinger) { transformation: [-0.8823654535063639f,-0.07581203032138319f,0.4644176380339771f,-0.9993148463374648f,-0.1582469167581185f,0.977261548240405f,-0.14113036408695223f,1.4136703097716918f,-0.4431581205338087f,-0.19802121701806683f,-0.8742988492590082f,1.7793849207975487f,0f,0f,0f,1f], start_interpolation: 0, interpolation_duration: 1 }
$data merge entity $(bone_rightringfinger) { transformation: [-0.8823654535063639f,-0.07581203032138319f,0.4644176380339771f,-0.9267495903946559f,-0.1582469167581185f,0.977261548240405f,-0.14113036408695223f,1.3916186903831056f,-0.4431581205338087f,-0.19802121701806683f,-0.8742988492590082f,1.6427757256008286f,0f,0f,0f,1f], start_interpolation: 0, interpolation_duration: 1 }
$data merge entity $(bone_hugeasssword) { transformation: [-3.0028921783216904f,1.5652340178336739f,-1.9679834380828618f,-0.7875923670031488f,-2.059113934155893f,-3.2900597559832003f,0.5251993773821353f,1.656416060960758f,-1.4432484710947144f,1.4372985247518333f,3.345367629903588f,1.8705366563772188f,0f,0f,0f,1f], start_interpolation: 0, interpolation_duration: 1 }
$data merge entity $(bone_ice) { transformation: [-0.8823654535063639f,-0.07581203032138319f,0.4644176380339771f,-0.7726208438183403f,-0.1582469167581185f,0.977261548240405f,-0.14113036408695223f,1.6436189573438473f,-0.4431581205338087f,-0.19802121701806683f,-0.8742988492590082f,1.8805550835264668f,0f,0f,0f,1f], start_interpolation: 0, interpolation_duration: 1 }
$data merge entity $(bone_righthand) { transformation: [-0.8823654535063639f,-0.07581203032138319f,0.4644176380339771f,-0.9976521635867153f,-0.1582469167581185f,0.977261548240405f,-0.14113036408695223f,1.8439622913367018f,-0.4431581205338087f,-0.19802121701806683f,-0.8742988492590082f,1.692938410099154f,0f,0f,0f,1f], start_interpolation: 0, interpolation_duration: 1 }
$data merge entity $(bone_rightforearm) { transformation: [-0.9996554626499353f,-0.02200500610797029f,0.014308588341676663f,-0.9508695387835996f,-0.019985695342047298f,0.9915029778583849f,0.1285395537554487f,2.5403534980748277f,-0.01701552161522661f,0.12820929999084765f,-0.9916011533978863f,1.7996428122780124f,0f,0f,0f,1f], start_interpolation: 0, interpolation_duration: 1 }
$data merge entity $(bone_rightelbow) { transformation: [-0.9995527660376329f,-0.022392684793809604f,0.019820080076573928f,-0.9550681671824389f,-0.019795474517761858f,0.9922435459181119f,0.12272279646613493f,2.7263991629344737f,-0.02241443943384166f,0.12227556277350266f,-0.9922430547266582f,1.822569480298044f,0f,0f,0f,1f], start_interpolation: 0, interpolation_duration: 1 }
$data merge entity $(bone_rightarm) { transformation: [-0.9995527660376329f,-0.02731629608628316f,0.012169136150246077f,-0.7504544331595435f,-0.019795474517761858f,0.9094160323838807f,0.4154162000112382f,3.1724556829268233f,-0.02241443943384166f,0.4149895179535103f,-0.9095500496913734f,2.0633908369538076f,0f,0f,0f,1f], start_interpolation: 0, interpolation_duration: 1 }
$data merge entity $(bone_chest) { transformation: [-1.0816410250270576f,0.005973159529659353f,-0.06023392279073438f,-0.021630367161243374f,-0.01648221823440495f,1.0082434645795422f,0.3959603057451921f,3.0747093100204754f,0.05824208591388501f,0.3962581842801303f,-1.0065775786945212f,1.8628643763909751f,0f,0f,0f,1f], start_interpolation: 0, interpolation_duration: 1 }
$data merge entity $(bone_chest1lid) { transformation: [-0.9984378692557455f,0.005513685719685558f,-0.05560054411452405f,-0.34453464362940117f,-0.015214355293296877f,0.9306862749965005f,0.3655018206878696f,2.29040982323717f,0.05376192545897078f,0.3657767854893511f,-0.9291485341795581f,1.9948240508395192f,0f,0f,0f,1f], start_interpolation: 0, interpolation_duration: 1 }
$data merge entity $(bone_chest1) { transformation: [-0.9984378692557455f,0.005513685719685558f,-0.05560054411452405f,-0.34539615702310206f,-0.015214355293296877f,0.9306862749965005f,0.3655018206878696f,2.1449900927689667f,0.05376192545897078f,0.3657767854893511f,-0.9291485341795581f,1.9376714281068081f,0f,0f,0f,1f], start_interpolation: 0, interpolation_duration: 1 }
$data merge entity $(bone_chest1lid3) { transformation: [-0.9984378692557455f,0.005513685719685558f,-0.05560054411452405f,-0.31775137537428405f,-0.015214355293296877f,0.9306862749965005f,0.3655018206878696f,2.5255103243211674f,0.05376192545897078f,0.3657767854893511f,-0.9291485341795581f,1.3962281507895542f,0f,0f,0f,1f], start_interpolation: 0, interpolation_duration: 1 }
$data merge entity $(bone_chest3) { transformation: [-0.9984378692557455f,0.005513685719685558f,-0.05560054411452405f,-0.31861288876798494f,-0.015214355293296877f,0.9306862749965005f,0.3655018206878696f,2.380090593852964f,0.05376192545897078f,0.3657767854893511f,-0.9291485341795581f,1.3390755280568432f,0f,0f,0f,1f], start_interpolation: 0, interpolation_duration: 1 }
$data merge entity $(bone_hugeasssword2) { transformation: [0.21776879778188502f,2.897748204073418f,-2.6260064497787674f,-1.2600903699647856f,-1.4315487976941559f,2.5065872879822697f,2.6472563127366198f,4.232672927405289f,3.6391650922032697f,0.8126212471334638f,1.1984998615662013f,2.1073529883920714f,0f,0f,0f,1f], start_interpolation: 0, interpolation_duration: 1 }
$data merge entity $(bone_belt) { transformation: [-0.9984378692557455f,0.005513685719685558f,-0.05560054411452405f,0.015430333536910722f,-0.015214355293296877f,0.9306862749965005f,0.3655018206878696f,2.6566312408006256f,0.05376192545897078f,0.3657767854893511f,-0.9291485341795581f,1.8370704481523976f,0f,0f,0f,1f], start_interpolation: 0, interpolation_duration: 1 }
$data merge entity $(bone_torn_part) { transformation: [-0.9984378692557455f,0.021837732333942213f,-0.0514289284601351f,-0.10967158689460067f,-0.015214355293296877f,0.7794136912668562f,0.6263248528190328f,2.391358543159547f,0.05376192545897078f,0.6261289095004996f,-0.777863898158707f,1.735012664690938f,0f,0f,0f,1f], start_interpolation: 0, interpolation_duration: 1 }
$data merge entity $(bone_lowerbody) { transformation: [-0.9984378692557455f,0.005362038442530338f,-0.05561537359208717f,-0.0069651596469737925f,-0.015214355293296877f,0.9316795646227896f,0.3629624116314233f,1.8868810684945179f,0.05376192545897078f,0.3632415689428045f,-0.9301425793731378f,1.683199729546829f,0f,0f,0f,1f], start_interpolation: 0, interpolation_duration: 1 }
$data merge entity $(bone_leftfoot) { transformation: [-0.9945216689562325f,0.014985327955012374f,0.103450905856791f,0.2041908585714445f,-0.030122278752699207f,0.906604364424721f,-0.42090518496306545f,0.4045198652335211f,-0.10009644498809434f,-0.4217155040452371f,-0.9011862933648164f,2.8421819682398044f,0f,0f,0f,1f], start_interpolation: 0, interpolation_duration: 1 }
$data merge entity $(bone_leftlowerleg) { transformation: [-0.9945216689562325f,0.014985327955012374f,0.103450905856791f,0.20492042768435353f,-0.030122278752699207f,0.906604364424721f,-0.42090518496306545f,1.4749543222265868f,-0.10009644498809434f,-0.4217155040452371f,-0.9011862933648164f,2.51280466222509f,0f,0f,0f,1f], start_interpolation: 0, interpolation_duration: 1 }
$data merge entity $(bone_leftleg) { transformation: [-0.9945216689562325f,0.08093876165171536f,0.06614806753637417f,0.25811644007814505f,-0.030122278752699207f,0.3840594300477884f,-0.9228168846061024f,1.9061080273981417f,-0.10009644498809434f,-0.919753918748735f,-0.37951736540913467f,1.5423214534389948f,0f,0f,0f,1f], start_interpolation: 0, interpolation_duration: 1 }
$data merge entity $(bone_rightfoot) { transformation: [-0.9846617064318434f,-0.08568190608849191f,0.15198662722678305f,-0.3285576120015647f,0.043092585686711524f,0.724693082978622f,0.687723028945355f,0.41585998623654263f,-0.1690690774374891f,0.6837240279908134f,-0.7098852728451646f,1.2923383919271698f,0f,0f,0f,1f], start_interpolation: 0, interpolation_duration: 1 }
$data merge entity $(bone_rightlowerleg) { transformation: [-0.9846617064318434f,-0.08568190608849191f,0.15198662722678305f,-0.4469630569003865f,0.043092585686711524f,0.724693082978622f,0.687723028945355f,1.1141507405567492f,-0.1690690774374891f,0.6837240279908134f,-0.7098852728451646f,2.1599155019040692f,0f,0f,0f,1f], start_interpolation: 0, interpolation_duration: 1 }
$data merge entity $(bone_rightleg) { transformation: [-0.9692392773838582f,0.17227285647084006f,0.17577623872353682f,-0.23821196231868186f,0.005342050190261233f,0.7287451124162119f,-0.6847642102426553f,1.9061080273981417f,-0.24606236135618387f,-0.6627613628244031f,-0.7072486764009944f,1.4818390843202718f,0f,0f,0f,1f], start_interpolation: 0, interpolation_duration: 1 }
data modify entity @s data merge value {"locators":{"lefthand":{"posx":1.082978660160213,"posy":1.6446768560566165,"posz":2.5253651669127977,"roty":17.11795272746582,"rotx":-30.15320410675752},"righthand":{"posx":-0.8614145677050712,"posy":1.615718759145376,"posz":1.8557640107620017,"roty":27.976733562645137,"rotx":-8.113260815888491},"chest":{"posx":-0.3673928473832292,"posy":2.1746568229644936,"posz":2.1188225203825835,"roty":356.57548598841777,"rotx":21.43846886413105},"sack":{"posx":0,"posy":-0.4375,"posz":0,"roty":0,"rotx":0}},"cameras":{}}