# This file was generated by Animated Java via MC-Build. It is not recommended to edit this file directly.
$data merge entity $(bone_nose) { transformation: [-0.9966627024581504f,-0.0317180440861775f,0.07521584412983605f,-0.04901630798989812f,-0.005522103028786796f,0.9455107217896084f,0.325544131200415f,3.4881102182816055f,-0.0814430101786271f,0.3240423439309141f,-0.9425304214893029f,4.174713233042309f,0f,0f,0f,1f], start_interpolation: 0, interpolation_duration: 1 }
$data merge entity $(bone_glowing_eye) { transformation: [-0.9966627024581504f,-0.0317180440861775f,0.07521584412983605f,-0.17837141898172254f,-0.005522103028786796f,0.9455107217896084f,0.325544131200415f,3.540078647619458f,-0.0814430101786271f,0.3240423439309141f,-0.9425304214893029f,4.2193633444375305f,0f,0f,0f,1f], start_interpolation: 0, interpolation_duration: 1 }
$data merge entity $(bone_head) { transformation: [-0.9966627024581504f,-0.0317180440861775f,0.07521584412983605f,-0.031015320132492252f,-0.005522103028786796f,0.9455107217896084f,0.325544131200415f,3.432321275363964f,-0.0814430101786271f,0.3240423439309141f,-0.9425304214893029f,3.9582079629700653f,0f,0f,0f,1f], start_interpolation: 0, interpolation_duration: 1 }
$data merge entity $(bone_leftthumb2) { transformation: [-0.19726855833099247f,-0.18491623225456627f,0.9627518387117145f,1.0375215325520393f,0.751882869510101f,0.6016455431854588f,0.2696197153442796f,2.255038011656939f,-0.6290924148575214f,0.7770641076602686f,0.02034959839609729f,2.169356294442581f,0f,0f,0f,1f], start_interpolation: 0, interpolation_duration: 1 }
$data merge entity $(bone_leftthumb) { transformation: [-0.19726855833099247f,-0.18491623225456627f,0.9627518387117145f,1.0744465787200552f,0.751882869510101f,0.6016455431854588f,0.2696197153442796f,2.4256280956056324f,-0.6290924148575214f,0.7770641076602686f,0.02034959839609729f,2.361664464670389f,0f,0f,0f,1f], start_interpolation: 0, interpolation_duration: 1 }
$data merge entity $(bone_leftpointerfinger) { transformation: [-0.19726855833099247f,-0.18491623225456627f,0.9627518387117145f,1.2018274584356488f,0.751882869510101f,0.6016455431854588f,0.2696197153442796f,2.1586143870519994f,-0.6290924148575214f,0.7770641076602686f,0.02034959839609729f,2.176451174644222f,0f,0f,0f,1f], start_interpolation: 0, interpolation_duration: 1 }
$data merge entity $(bone_leftmidfinger) { transformation: [-0.19726855833099247f,-0.18491623225456627f,0.9627518387117145f,1.352257433234354f,0.751882869510101f,0.6016455431854588f,0.2696197153442796f,2.200742467574543f,-0.6290924148575214f,0.7770641076602686f,0.02034959839609729f,2.179630799393612f,0f,0f,0f,1f], start_interpolation: 0, interpolation_duration: 1 }
$data merge entity $(bone_leftringfinger) { transformation: [-0.19726855833099247f,-0.18491623225456627f,0.9627518387117145f,1.5026874080330594f,0.751882869510101f,0.6016455431854588f,0.2696197153442796f,2.2428705480970867f,-0.6290924148575214f,0.7770641076602686f,0.02034959839609729f,2.1828104241430024f,0f,0f,0f,1f], start_interpolation: 0, interpolation_duration: 1 }
$data merge entity $(bone_invisibility) { transformation: [-0.10030321857850774f,-0.9752047888709344f,0.19726855833099263f,1.1145283958860033f,0.6228550068021252f,-0.21615686673983f,-0.7518828695101006f,2.356971790266544f,0.775880728491381f,0.047453437435188615f,0.6290924148575213f,2.1428518086839f,0f,0f,0f,1f], start_interpolation: 0, interpolation_duration: 1 }
$data merge entity $(bone_swiftness) { transformation: [0.9627518387117145f,-0.18491623225456627f,0.1972685583309927f,1.3098107809710142f,0.26961971534427975f,0.6016455431854588f,-0.7518828695101009f,2.3652129370557975f,0.02034959839609715f,0.7770641076602686f,0.6290924148575214f,2.008674666369575f,0f,0f,0f,1f], start_interpolation: 0, interpolation_duration: 1 }
$data merge entity $(bone_suspicious_stew) { transformation: [0.23928548732221597f,-0.950698465051344f,0.1972685583309925f,1.3037123140313824f,0.6592222562546981f,0.009907946089951797f,-0.7518828695101011f,2.379323352056778f,0.7128593637004671f,0.30995848295101897f,0.6290924148575217f,2.1102424783365934f,0f,0f,0f,1f], start_interpolation: 0, interpolation_duration: 1 }
$data merge entity $(bone_log) { transformation: [-0.19726855833099247f,-0.18491623225456627f,0.9627518387117145f,1.3072328500956427f,0.751882869510101f,0.6016455431854588f,0.2696197153442796f,2.5376564881282953f,-0.6290924148575214f,0.7770641076602686f,0.02034959839609729f,2.1493519653260513f,0f,0f,0f,1f], start_interpolation: 0, interpolation_duration: 1 }
$data merge entity $(bone_planks) { transformation: [-0.19726855833099247f,-0.18491623225456627f,0.9627518387117145f,1.2887389227521122f,0.751882869510101f,0.6016455431854588f,0.2696197153442796f,2.6081455071448674f,-0.6290924148575214f,0.7770641076602686f,0.02034959839609729f,2.0903745514331584f,0f,0f,0f,1f], start_interpolation: 0, interpolation_duration: 1 }
$data merge entity $(bone_lefthand1) { transformation: [-0.19726855833099247f,-0.18491623225456627f,0.9627518387117145f,1.2802349366550083f,0.751882869510101f,0.6016455431854588f,0.2696197153442796f,2.4916715404426264f,-0.6290924148575214f,0.7770641076602686f,0.02034959839609729f,2.500255171005621f,0f,0f,0f,1f], start_interpolation: 0, interpolation_duration: 1 }
$data merge entity $(bone_leftforearm) { transformation: [-0.9676848351901791f,-0.18491623225456627f,0.17144108839986802f,1.0870566416453822f,0.02646689080015721f,0.6016455431854588f,0.7983245856520056f,2.9038839220190993f,-0.2507699412496015f,0.7770641076602686f,-0.5773091105740682f,3.039975705228867f,0f,0f,0f,1f], start_interpolation: 0, interpolation_duration: 1 }
$data merge entity $(bone_leftelbow) { transformation: [-0.9780977247122502f,-0.20598755618705034f,-0.02989929110875264f,1.0484339748603102f,-0.0960053963491189f,0.31900611260965867f,0.9428775445356211f,2.9636975681334103f,-0.1846829845561516f,0.925096874286018f,-0.331795069887531f,3.213431369157495f,0f,0f,0f,1f], start_interpolation: 0, interpolation_duration: 1 }
$data merge entity $(bone_leftarm) { transformation: [-0.9780977247122502f,-0.20598755618705034f,-0.02989929110875264f,0.7324156723331289f,-0.0960053963491189f,0.31900611260965867f,0.9428775445356211f,3.0727345207201315f,-0.1846829845561516f,0.925096874286018f,-0.331795069887531f,3.6459489993628313f,0f,0f,0f,1f], start_interpolation: 0, interpolation_duration: 1 }
$data merge entity $(bone_rightthumb2) { transformation: [-0.5279178980345799f,-0.7786501318042819f,-0.33912632627964084f,-0.7747872843063996f,-0.6202803348650461f,0.6262462198169844f,-0.4723007287149187f,1.6447057913727532f,0.5801336045381764f,-0.03898261671709147f,-0.8135879525161562f,4.015887842843075f,0f,0f,0f,1f], start_interpolation: 0, interpolation_duration: 1 }
$data merge entity $(bone_rightthumb) { transformation: [-0.5279178980345799f,-0.7786501318042819f,-0.33912632627964084f,-0.9947262772834536f,-0.6202803348650461f,0.6262462198169844f,-0.4723007287149187f,1.7579263404120649f,0.5801336045381764f,-0.03898261671709147f,-0.8135879525161562f,3.936800456010684f,0f,0f,0f,1f], start_interpolation: 0, interpolation_duration: 1 }
$data merge entity $(bone_rightpointerfinger) { transformation: [-0.8221957898108527f,-0.36570031308584283f,0.4361850114644297f,-1.0420745828682119f,-0.5382350721876201f,0.7488229760778022f,-0.38673913373897123f,1.4208718717865743f,-0.18519473611443496f,-0.5527453586479937f,-0.8125118326575963f,4.014121830887495f,0f,0f,0f,1f], start_interpolation: 0, interpolation_duration: 1 }
$data merge entity $(bone_rightmidfinger) { transformation: [-0.7587591288337657f,-0.48376359948346703f,0.4361850114644297f,-0.9739206748268947f,-0.6434866606887234f,0.6605738111297672f,-0.38673913373897123f,1.36044388213986f,-0.10104207998205667f,-0.5741210846714254f,-0.8125118326575963f,3.887166857034746f,0f,0f,0f,1f], start_interpolation: 0, interpolation_duration: 1 }
$data merge entity $(bone_rightringfinger) { transformation: [-0.772508264075815f,-0.4614906474765728f,0.4361850114644297f,-0.9057667667855775f,-0.6240018302040395f,0.6790099839743439f,-0.38673913373897123f,1.3000158924931458f,-0.1176974844105845f,-0.5709394223162512f,-0.8125118326575963f,3.7602118831819964f,0f,0f,0f,1f], start_interpolation: 0, interpolation_duration: 1 }
$data merge entity $(bone_hugeasssword) { transformation: [-3.0296902604099407f,1.644013305457083f,-1.8596975440202645f,-0.7616000556502699f,-2.3857600419777127f,-2.7386433459440185f,1.4656941780592634f,1.6190518801645835f,-0.6851304444099879f,2.266568034049363f,3.119862721169948f,3.8972863879082174f,0f,0f,0f,1f], start_interpolation: 0, interpolation_duration: 1 }
$data merge entity $(bone_ice) { transformation: [-0.895164630528215f,-0.09177646770855677f,0.4361850114644297f,-0.7461791009903204f,-0.27857569870722454f,0.8791066047554251f,-0.38673913373897123f,1.6096685847575802f,-0.3479595728544709f,-0.4677057380985704f,-0.8125118326575963f,3.9100311583918588f,0f,0f,0f,1f], start_interpolation: 0, interpolation_duration: 1 }
$data merge entity $(bone_righthand1) { transformation: [-0.895164630528215f,-0.09177646770855677f,0.4361850114644297f,-0.9792835939412499f,-0.27857569870722454f,0.8791066047554251f,-0.38673913373897123f,1.7477157133402876f,-0.3479595728544709f,-0.4677057380985704f,-0.8125118326575963f,3.6807238358830485f,0f,0f,0f,1f], start_interpolation: 0, interpolation_duration: 1 }
$data merge entity $(bone_rightforearm) { transformation: [-0.4379340806532722f,-0.09185945042790664f,-0.8943017289312688f,-1.002527925467991f,-0.006820804267627862f,0.9950769213106545f,-0.09887060889896365f,2.4493503271676147f,0.898981210944654f,-0.03719895216255546f,-0.4364046520449705f,3.6052008196479135f,0f,0f,0f,1f], start_interpolation: 0, interpolation_duration: 1 }
$data merge entity $(bone_rightelbow) { transformation: [-0.3201675050007255f,-0.09351124502344965f,-0.9427345415310586f,-1.020061283909888f,-0.12143613736072006f,0.9909582331393654f,-0.057052999186856274f,2.6351549958812455f,0.9395456525813521f,0.09621552487759692f,-0.32862826945959733f,3.623241230562463f,0f,0f,0f,1f], start_interpolation: 0, interpolation_duration: 1 }
$data merge entity $(bone_rightarm) { transformation: [-0.3201675050007255f,0.1943024845669566f,-0.9272212860114453f,-0.8238977347196432f,-0.12143613736072006f,0.9622498321631263f,0.24357447535598506f,3.1352323646555917f,0.9395456525813521f,0.1905828035084558f,-0.2844857847456328f,3.521897201587821f,0f,0f,0f,1f], start_interpolation: 0, interpolation_duration: 1 }
$data merge entity $(bone_chest1) { transformation: [-1.0790439622232553f,-0.0407906848966434f,0.08724310131071748f,-0.0020287828250916337f,0.043331838461919084f,0.6707940017211336f,0.849569814754249f,3.0898875652712543f,-0.08600924645734037f,0.8496956151421057f,-0.6665064757699131f,3.3927716752439077f,0f,0f,0f,1f], start_interpolation: 0, interpolation_duration: 1 }
$data merge entity $(bone_chest1lid) { transformation: [-0.9960405805137741f,-0.03765293990459391f,0.08053209351758538f,-0.34788369586113127f,0.03999862011869454f,0.6191944631272003f,0.7842182905423837f,2.373476288996333f,-0.0793931505760065f,0.7843344139773284f,-0.6152367468645352f,3.0703659141826045f,0f,0f,0f,1f], start_interpolation: 0, interpolation_duration: 1 }
$data merge entity $(bone_chest2) { transformation: [-0.9960405805137741f,-0.03765293990459391f,0.08053209351758538f,-0.34200042400103847f,0.03999862011869454f,0.6191944631272003f,0.7842182905423837f,2.2767271541327077f,-0.0793931505760065f,0.7843344139773284f,-0.6152367468645352f,2.947813661998647f,0f,0f,0f,1f], start_interpolation: 0, interpolation_duration: 1 }
$data merge entity $(bone_chest1lid3) { transformation: [-0.9960405805137741f,-0.03765293990459391f,0.08053209351758538f,-0.2340402871693172f,0.03999862011869454f,0.6191944631272003f,0.7842182905423837f,2.873366217617629f,-0.0793931505760065f,0.7843344139773284f,-0.6152367468645352f,2.681191945133512f,0f,0f,0f,1f], start_interpolation: 0, interpolation_duration: 1 }
$data merge entity $(bone_chest3) { transformation: [-0.9960405805137741f,-0.03765293990459391f,0.08053209351758538f,-0.22815701530922441f,0.03999862011869454f,0.6191944631272003f,0.7842182905423837f,2.776617082754004f,-0.0793931505760065f,0.7843344139773284f,-0.6152367468645352f,2.5586396929495545f,0f,0f,0f,1f], start_interpolation: 0, interpolation_duration: 1 }
$data merge entity $(bone_hugeasssword2) { transformation: [-0.3154173662772103f,2.776604073851706f,-2.744314027202178f,-1.2515557594593911f,-3.0715216379576695f,1.5229239224770776f,1.893867823181609f,4.06538310459876f,2.409677258552763f,2.304658395770384f,2.054819448563911f,4.042023850091697f,0f,0f,0f,1f], start_interpolation: 0, interpolation_duration: 1 }
$data merge entity $(bone_belt) { transformation: [-0.9960405805137741f,-0.03765293990459391f,0.08053209351758538f,0.03432959509855008f,0.03999862011869454f,0.6191944631272003f,0.7842182905423837f,2.7393065941919454f,-0.0793931505760065f,0.7843344139773284f,-0.6152367468645352f,3.163426639752265f,0f,0f,0f,1f], start_interpolation: 0, interpolation_duration: 1 }
$data merge entity $(bone_torn_part) { transformation: [-0.9960405805137741f,-0.05699351819394838f,0.06822683382409117f,-0.07814936214916851f,0.03999862011869454f,0.3980821041193775f,0.9164773585683879f,2.5690477468085424f,-0.0793931505760065f,0.9155776194642185f,-0.3942262679957418f,2.933782924224443f,0f,0f,0f,1f], start_interpolation: 0, interpolation_duration: 1 }
$data merge entity $(bone_lowerbody) { transformation: [-0.9960405805137741f,-0.033839479771627524f,0.08220736936899081f,0.0240829979563554f,0.03999862011869454f,0.6552477073240424f,0.7543543944560716f,2.1391153752503733f,-0.0793931505760065f,0.7546557703054895f,-0.6512997742869591f,2.6646409295000075f,0f,0f,0f,1f], start_interpolation: 0, interpolation_duration: 1 }
$data merge entity $(bone_leftfoot) { transformation: [-0.9948331922767207f,0.09537017072745783f,0.03480589145424553f,0.08792143069363449f,0.09000679477646377f,0.9871295555597333f,-0.13218932420778484f,0.15507021094773088f,-0.04696484258013341f,-0.12837356065739886f,-0.9906132103326528f,2.995267645220056f,0f,0f,0f,1f], start_interpolation: 0, interpolation_duration: 1 }
$data merge entity $(bone_leftlowerleg) { transformation: [-0.9948331922767207f,0.09537017072745783f,0.03480589145424553f,0.1883749408982383f,0.09000679477646377f,0.9871295555597333f,-0.13218932420778484f,1.2704773729830425f,-0.04696484258013341f,-0.12837356065739886f,-0.9906132103326528f,3.0050566122005713f,0f,0f,0f,1f], start_interpolation: 0, interpolation_duration: 1 }
$data merge entity $(bone_leftleg) { transformation: [-0.9948331922767207f,0.10142172043927068f,-0.004533670438794515f,0.26516504688517417f,0.09000679477646377f,0.8604467001495044f,-0.5015279185607678f,2.200575431592825f,-0.04696484258013341f,-0.4993446813824767f,-0.8651295814711553f,2.4955648333205347f,0f,0f,0f,1f], start_interpolation: 0, interpolation_duration: 1 }
$data merge entity $(bone_rightfoot) { transformation: [-0.9661923740052789f,0.16217826078870853f,0.20042581705357465f,-0.6600026178702925f,0.2576239600368247f,0.6377783457573702f,0.725857201450765f,0.6868527314548397f,-0.01010898753525391f,0.7529521853415007f,-0.6579975797527453f,1.1138329337852217f,0f,0f,0f,1f], start_interpolation: 0, interpolation_duration: 1 }
$data merge entity $(bone_rightlowerleg) { transformation: [-0.9661923740052789f,0.16217826078870853f,0.20042581705357465f,-0.5108806597351511f,0.2576239600368247f,0.6377783457573702f,0.725857201450765f,1.2828633004017687f,-0.01010898753525391f,0.7529521853415007f,-0.6579975797527453f,2.050237713788047f,0f,0f,0f,1f], start_interpolation: 0, interpolation_duration: 1 }
$data merge entity $(bone_rightleg) { transformation: [-0.9637340593615646f,0.23478775819597855f,0.12685176950987687f,-0.23460543522197996f,0.26611390392283807f,0.881136259593452f,0.3908737419789251f,2.200575431592825f,-0.02000132409183844f,0.41045535765898766f,-0.9116613112354861f,2.510712942588122f,0f,0f,0f,1f], start_interpolation: 0, interpolation_duration: 1 }
data modify entity @s data merge value {"locators":{"lefthand":{"posx":1.3251303606041909,"posy":2.4159511029981053,"posz":2.1473032833330468,"roty":91.21087539526795,"rotx":15.641638958802915},"righthand":{"posx":-0.835482168598526,"posy":1.575858871269146,"posz":3.897413347979817,"roty":28.22847229713733,"rotx":-22.751750326601172},"chest":{"posx":-0.3892397948702723,"posy":2.2134924840323444,"posz":3.114994719051105,"roty":7.457396062249302,"rotx":51.648437390201124},"sack":{"posx":0,"posy":-0.4375,"posz":0,"roty":0,"rotx":0}},"cameras":{}}