# This file was generated by Animated Java via MC-Build. It is not recommended to edit this file directly.
$data merge entity $(bone_nose) { transformation: [-1f,3.469005899936728e-17f,1.1744870213518324e-16f,1.567661105216811e-17f,0f,0.9590414331459127f,-0.2832658283475681f,4.298050361000376f,-1.2246467991473532e-16f,-0.2832658283475681f,-0.9590414331459127f,-0.1272282288001424f,0f,0f,0f,1f], start_interpolation: 0, interpolation_duration: 1 }
$data merge entity $(bone_glowing_eye) { transformation: [-1f,3.469005899936728e-17f,1.1744870213518324e-16f,-0.125f,0f,0.9590414331459127f,-0.2832658283475681f,4.37286999635733f,-1.2246467991473532e-16f,-0.2832658283475681f,-0.9590414331459127f,-0.11294127670360582f,0f,0f,0f,1f], start_interpolation: 0, interpolation_duration: 1 }
$data merge entity $(bone_head) { transformation: [-1f,3.469005899936728e-17f,1.1744870213518324e-16f,3.338604769168436e-17f,0f,0.9590414331459127f,-0.2832658283475681f,4.126587979152774f,-1.2246467991473532e-16f,-0.2832658283475681f,-0.9590414331459127f,-0.27183675308523625f,0f,0f,0f,1f], start_interpolation: 0, interpolation_duration: 1 }
$data merge entity $(bone_leftthumb2) { transformation: [-0.012489486500584783f,0.9500109620111438f,0.31196664050121264f,0.4018115689216942f,0.4947970426992795f,-0.2652442162273078f,0.8275393599666474f,4.477807479180802f,0.8689188105128113f,0.16469571280583528f,-0.46674985047708206f,0.2723778091211282f,0f,0f,0f,1f], start_interpolation: 0, interpolation_duration: 1 }
$data merge entity $(bone_leftthumb) { transformation: [-0.012489486500584783f,0.9500109620111438f,0.31196664050121264f,0.6614545214533445f,0.4947970426992795f,-0.2652442162273078f,0.8275393599666474f,4.483477769337026f,0.8689188105128113f,0.16469571280583528f,-0.46674985047708206f,0.272880922121768f,0f,0f,0f,1f], start_interpolation: 0, interpolation_duration: 1 }
$data merge entity $(bone_leftpointerfinger) { transformation: [-0.30096154023498495f,0.9513167718233526f,-0.0664721817528273f,0.608768519855935f,-0.9020224714967838f,-0.26135942996225353f,0.34357926201189676f,4.7949954967723f,0.3094795828713411f,0.1633635455583685f,0.9367682422928197f,0.20492581701056295f,0f,0f,0f,1f], start_interpolation: 0, interpolation_duration: 1 }
$data merge entity $(bone_leftmidfinger) { transformation: [-0.30096154023498495f,0.9513167718233526f,-0.0664721817528273f,0.5983822414570558f,-0.9020224714967838f,-0.26135942996225353f,0.34357926201189676f,4.848679756461658f,0.3094795828713411f,0.1633635455583685f,0.9367682422928197f,0.35129585486881604f,0f,0f,0f,1f], start_interpolation: 0, interpolation_duration: 1 }
$data merge entity $(bone_leftringfinger) { transformation: [-0.30096154023498495f,0.9513167718233526f,-0.0664721817528273f,0.5879959630581765f,-0.9020224714967838f,-0.26135942996225353f,0.34357926201189676f,4.902364016151018f,0.3094795828713411f,0.1633635455583685f,0.9367682422928197f,0.4976658927270691f,0f,0f,0f,1f], start_interpolation: 0, interpolation_duration: 1 }
$data merge entity $(bone_invisibility) { transformation: [0.3697390856253498f,0.0990740731429341f,0.9238383714653761f,0.5057794915157395f,-0.8273959666860096f,-0.4172794463081443f,0.37589064633280245f,4.647739439410584f,0.4227397815118104f,-0.9033616062904357f,-0.07231103240660709f,0.21826766779123521f,0f,0f,0f,1f], start_interpolation: 0, interpolation_duration: 1 }
$data merge entity $(bone_swiftness) { transformation: [-0.06647218175282751f,0.3769669912090719f,0.9238383714653763f,0.39415187612857183f,0.34357926201189665f,-0.8606157753114151f,0.3758906463328026f,4.809124890386906f,0.9367682422928197f,0.34239797724856813f,-0.07231103240660712f,0.3513114336755291f,0f,0f,0f,1f], start_interpolation: 0, interpolation_duration: 1 }
$data merge entity $(bone_suspicious_stew) { transformation: [0.31355576168206656f,0.21955739050230247f,0.9238383714653765f,0.4756456297241592f,-0.6347799083296993f,-0.675100503614422f,0.37589064633280256f,4.752501915505537f,0.706213319257657f,-0.7042967146702964f,-0.0723110324066073f,0.37786180803761227f,0f,0f,0f,1f], start_interpolation: 0, interpolation_duration: 1 }
$data merge entity $(bone_log) { transformation: [-0.9238383714653763f,0.3769669912090719f,-0.0664721817528273f,0.43304077278075037f,-0.37589064633280256f,-0.8606157753114151f,0.34357926201189676f,4.6257904734047175f,0.07231103240660733f,0.34239797724856813f,0.9367682422928197f,0.47135172583927865f,0f,0f,0f,1f], start_interpolation: 0, interpolation_duration: 1 }
$data merge entity $(bone_planks) { transformation: [-0.9238383714653763f,0.3769669912090719f,-0.0664721817528273f,0.34643092545587134f,-0.37589064633280256f,-0.8606157753114151f,0.34357926201189676f,4.590550725311017f,0.07231103240660733f,0.34239797724856813f,0.9367682422928197f,0.4781308851273981f,0f,0f,0f,1f], start_interpolation: 0, interpolation_duration: 1 }
$data merge entity $(bone_lefthand) { transformation: [-0.9238383714653763f,0.3769669912090719f,-0.0664721817528273f,0.7603193691291382f,-0.37589064633280256f,-0.8606157753114151f,0.34357926201189676f,4.493872339222192f,0.07231103240660733f,0.34239797724856813f,0.9367682422928197f,0.5095994544781183f,0f,0f,0f,1f], start_interpolation: 0, interpolation_duration: 1 }
$data merge entity $(bone_leftforearm) { transformation: [-0.9238383714653763f,0.37370989028039175f,0.08284673388142087f,0.9640497572990555f,-0.37589064633280256f,-0.926587391442726f,-0.01191755087559107f,3.8190586259506567f,0.07231103240660733f,-0.042151203138010934f,0.9964910389292562f,0.46891115681384765f,0f,0f,0f,1f], start_interpolation: 0, interpolation_duration: 1 }
$data merge entity $(bone_leftelbow) { transformation: [-0.9238383714653763f,0.000002688885779959316f,0.3827827887993024f,0.9640502614651393f,-0.37589064633280256f,-0.1889151599492894f,-0.9072030006238088f,3.783637033460165f,0.07231103240660733f,-0.9819934125716446f,0.1745280844396862f,0.2847873919566643f,0f,0f,0f,1f], start_interpolation: 0, interpolation_duration: 1 }
$data merge entity $(bone_leftarm) { transformation: [-0.9238383714653763f,0.000002688885779959316f,0.3827827887993024f,0.75f,-0.37589064633280256f,-0.1889151599492894f,-0.9072030006238088f,3.6353034683697136f,0.07231103240660733f,-0.9819934125716446f,0.1745280844396862f,-0.19584527862895285f,0f,0f,0f,1f], start_interpolation: 0, interpolation_duration: 1 }
$data merge entity $(bone_rightthumb2) { transformation: [0.2809911984206678f,0.9194915461548696f,-0.2749167927934632f,-1.4229449432886558f,0.6711471160128033f,-0.39303059772818955f,-0.6285606557183797f,3.972180509965697f,-0.6860069205757431f,-0.007889600696434074f,-0.7275522380716296f,0.6819740027078706f,0f,0f,0f,1f], start_interpolation: 0, interpolation_duration: 1 }
$data merge entity $(bone_rightthumb) { transformation: [0.2809911984206678f,0.9194915461548696f,-0.2749167927934632f,-1.2209402396009175f,0.6711471160128033f,-0.39303059772818955f,-0.6285606557183797f,3.822077481366288f,-0.6860069205757431f,-0.007889600696434074f,-0.7275522380716296f,0.617864341924069f,0f,0f,0f,1f], start_interpolation: 0, interpolation_duration: 1 }
$data merge entity $(bone_rightpointerfinger) { transformation: [0.46489561693552717f,0.03337202957850494f,-0.8847363296462661f,-1.21750046401701f,-0.14256146764019806f,-0.9834282032586529f,-0.11200534353204192f,4.125310681219633f,-0.8738125046589849f,0.17820010291037777f,-0.45243389575088483f,0.44505240273688906f,0f,0f,0f,1f], start_interpolation: 0, interpolation_duration: 1 }
$data merge entity $(bone_rightmidfinger) { transformation: [0.09547316609418154f,0.4553436071337017f,-0.8851819440083613f,-1.3558101427683162f,0.9210568324697223f,-0.37767857611629574f,-0.09493789814194202f,4.110476634634955f,-0.3775436212105761f,-0.8062388557897944f,-0.4554555098996701f,0.3738874793150656f,0f,0f,0f,1f], start_interpolation: 0, interpolation_duration: 1 }
$data merge entity $(bone_rightringfinger) { transformation: [0.09547316609418154f,0.4553436071337017f,-0.8851819440083613f,-1.4941198215196227f,0.9210568324697223f,-0.37767857611629574f,-0.09493789814194202f,4.095642588050276f,-0.3775436212105761f,-0.8062388557897944f,-0.4554555098996701f,0.30272255589324215f,0f,0f,0f,1f], start_interpolation: 0, interpolation_duration: 1 }
$data merge entity $(bone_hugeasssword) { transformation: [1.8208411663308148f,0.07060777345323589f,-3.4669626140327483f,-1.461805233826956f,-0.5583657482574425f,-3.8587874271845295f,-0.3718401010559396f,3.9497046450127486f,-3.4224323099143574f,0.6671221116919748f,-1.783867413773708f,0.6477085064466352f,0f,0f,0f,1f], start_interpolation: 0, interpolation_duration: 1 }
$data merge entity $(bone_ice) { transformation: [0.46489561693552717f,0.018027516626358098f,-0.8851819440083613f,-1.4693509077888605f,-0.14256146764019806f,-0.9852223218343479f,-0.09493789814194202f,3.9673262667232883f,-0.8738125046589849f,0.17032904979369567f,-0.4554555098996701f,0.6587004354289054f,0f,0f,0f,1f], start_interpolation: 0, interpolation_duration: 1 }
$data merge entity $(bone_righthand) { transformation: [0.46489561693552717f,0.018027516626358098f,-0.8851819440083613f,-1.3762820601486505f,-0.14256146764019806f,-0.9852223218343479f,-0.09493789814194202f,3.682413510037716f,-0.8738125046589849f,0.17032904979369567f,-0.4554555098996701f,0.46859658702821844f,0f,0f,0f,1f], start_interpolation: 0, interpolation_duration: 1 }
$data merge entity $(bone_rightforearm) { transformation: [-0.9038927532183374f,0.27101634142830666f,-0.33095019770078615f,-1.1240593011666515f,-0.041130555838752685f,-0.8251639933738724f,-0.5633938776874305f,3.1135937662755f,-0.42577713425660746f,-0.4956354776628685f,0.7570068065916787f,0.13488573133455706f,0f,0f,0f,1f], start_interpolation: 0, interpolation_duration: 1 }
$data merge entity $(bone_rightelbow) { transformation: [-0.9038927532183374f,0.27150884703983746f,0.3305462700719402f,-1.073151392346682f,-0.041130555838752685f,0.7139933285367643f,-0.6989433483347469f,3.2474675153761434f,-0.42577713425660746f,-0.6453653792884231f,-0.6342060857167334f,0.013879722717977744f,0f,0f,0f,1f], start_interpolation: 0, interpolation_duration: 1 }
$data merge entity $(bone_rightarm) { transformation: [-0.9038927532183374f,0.27150884703983746f,0.3305462700719402f,-0.75f,-0.041130555838752685f,0.7139933285367643f,-0.6989433483347469f,3.6353034683697136f,-0.42577713425660746f,-0.6453653792884231f,-0.6342060857167334f,-0.195845278628953f,0f,0f,0f,1f], start_interpolation: 0, interpolation_duration: 1 }
$data merge entity $(bone_chest) { transformation: [-1.0833333333333333f,1.275669664677259e-17f,1.3205534498821937e-16f,-0.0023231249999999645f,0f,1.0783137234356996f,-0.10416633314727397f,3.465162034217361f,-1.3267006990762992e-16f,-0.10416633314727397f,-1.0783137234356996f,-0.2899911764305136f,0f,0f,0f,1f], start_interpolation: 0, interpolation_duration: 1 }
$data merge entity $(bone_chest1lid) { transformation: [-1f,1.1775412289328545e-17f,1.218972415275871e-16f,-0.34375000000000006f,0f,0.9953665139406458f,-0.09615353828979137f,2.8225061548762977f,-1.2246467991473532e-16f,-0.09615353828979137f,-0.9953665139406458f,0.16523110134886512f,0f,0f,0f,1f], start_interpolation: 0, interpolation_duration: 1 }
$data merge entity $(bone_chest1) { transformation: [-1f,1.1775412289328545e-17f,1.218972415275871e-16f,-0.34375000000000006f,0f,0.9953665139406458f,-0.09615353828979137f,2.6669801370730717f,-1.2246467991473532e-16f,-0.09615353828979137f,-0.9953665139406458f,0.18025509170664503f,0f,0f,0f,1f], start_interpolation: 0, interpolation_duration: 1 }
$data merge entity $(bone_chest1lid3) { transformation: [-1f,1.1775412289328545e-17f,1.218972415275871e-16f,-0.28124999999999994f,0f,0.9953665139406458f,-0.09615353828979137f,2.7609077944094f,-1.2246467991473532e-16f,-0.09615353828979137f,-0.9953665139406458f,-0.47242557164436105f,0f,0f,0f,1f], start_interpolation: 0, interpolation_duration: 1 }
$data merge entity $(bone_chest3) { transformation: [-1f,1.1775412289328545e-17f,1.218972415275871e-16f,-0.28124999999999994f,0f,0.9953665139406458f,-0.09615353828979137f,2.605381776606174f,-1.2246467991473532e-16f,-0.09615353828979137f,-0.9953665139406458f,-0.45740158128658115f,0f,0f,0f,1f], start_interpolation: 0, interpolation_duration: 1 }
$data merge entity $(bone_hugeasssword2) { transformation: [-1.3471055652727555e-15f,2.887669569172986f,-2.646061646494669f,-1.234375f,0.3766013583016831f,2.633801156743445f,2.8742895924802014f,4.594612405451688f,3.8985188462675295f,-0.254428189843373f,-0.2776596464877412f,-0.6652612596464866f,0f,0f,0f,1f], start_interpolation: 0, interpolation_duration: 1 }
$data merge entity $(bone_belt) { transformation: [-1f,1.1775412289328545e-17f,1.218972415275871e-16f,0.029705625000000013f,0f,0.9953665139406458f,-0.09615353828979137f,3.081264429265363f,-1.2246467991473532e-16f,-0.09615353828979137f,-0.9953665139406458f,-0.1213943724324256f,0f,0f,0f,1f], start_interpolation: 0, interpolation_duration: 1 }
$data merge entity $(bone_torn_part) { transformation: [-1f,-2.958848000635381e-17f,1.188365250145433e-16f,-0.09375f,0f,0.9703738669572479f,0.24160827454049993f,2.7938614886663133f,-1.2246467991473532e-16f,0.24160827454049993f,-0.9703738669572479f,-0.10383967667595181f,0f,0f,0f,1f], start_interpolation: 0, interpolation_duration: 1 }
$data merge entity $(bone_lowerbody) { transformation: [-1f,7.51579733587315e-18f,1.2223383581081245e-16f,0.0039062499999999918f,0f,0.998115014842781f,-0.06137114261112625f,2.315130958504801f,-1.2246467991473532e-16f,-0.06137114261112625f,-0.998115014842781f,0.06648662551440326f,0f,0f,0f,1f], start_interpolation: 0, interpolation_duration: 1 }
$data merge entity $(bone_leftfoot) { transformation: [-1f,1.925929944387236e-34f,1.2246467991473532e-16f,0.28125f,0f,1f,-3.469446951953614e-18f,0.16349291555480838f,-1.2246467991473532e-16f,-3.469446951953614e-18f,-1f,-0.2583986627645505f,0f,0f,0f,1f], start_interpolation: 0, interpolation_duration: 1 }
$data merge entity $(bone_leftlowerleg) { transformation: [-1f,-7.769689283898921e-19f,1.2246221517636733e-16f,0.28125f,0f,0.9999798738838848f,0.006344432769765519f,1.271870793806562f,-1.2246467991473532e-16f,0.006344432769765519f,-0.9999798738838848f,-0.09771777495028121f,0f,0f,0f,1f], start_interpolation: 0, interpolation_duration: 1 }
$data merge entity $(bone_leftleg) { transformation: [-1f,3.884219173710661e-18f,1.224030664159569e-16f,0.25f,0f,0.9994968876020309f,-0.031717056513069775f,2.334662208504801f,-1.2246467991473532e-16f,-0.031717056513069775f,-0.9994968876020309f,-0.10538837448559671f,0f,0f,0f,1f], start_interpolation: 0, interpolation_duration: 1 }
$data merge entity $(bone_rightfoot) { transformation: [-1f,-2.6860012649781243e-18f,1.2243522052017185e-16f,-0.28124999999999994f,0f,0.9997594457880918f,0.021932864780671645f,0.16287266690719937f,-1.2246467991473532e-16f,0.021932864780671645f,-0.9997594457880918f,-0.2880172629708296f,0f,0f,0f,1f], start_interpolation: -1, interpolation_duration: 0 }
$data merge entity $(bone_rightlowerleg) { transformation: [-1f,0f,1.2246467991473532e-16f,-0.28124999999999994f,0f,1f,0f,1.2721622085048012f,-1.2246467991473532e-16f,0f,-1f,-0.13143024948559678f,0f,0f,0f,1f], start_interpolation: 0, interpolation_duration: 1 }
$data merge entity $(bone_rightleg) { transformation: [-1f,0f,1.2246467991473532e-16f,-0.24999999999999997f,0f,1f,0f,2.334662208504801f,-1.2246467991473532e-16f,0f,-1f,-0.10538837448559676f,0f,0f,0f,1f], start_interpolation: 0, interpolation_duration: 1 }
execute on vehicle unless entity @s[tag=aj.transforms_only] positioned ^-0.375 ^2.7753197381 ^0.3267667153 rotated ~0 ~-5.5177166524 run function animated_java:wander/animations/drink_potion_slow/zzz/frames/zzz/1
data modify entity @s data merge value {"locators":{"lefthand":{"posx":0.4912387017573085,"posy":4.722897402975685,"posz":0.42318572079278954,"roty":184.0588506790836,"rotx":20.095092745179137},"righthand":{"posx":-1.412217655773311,"posy":3.970838632569149,"posz":0.5812356140562814,"roty":297.22732494523046,"rotx":-5.4477454829219685},"chest":{"posx":-0.37500000000000006,"posy":2.775319738112787,"posz":0.32676671529520296,"roty":0,"rotx":-5.51771665235727},"sack":{"posx":0,"posy":-0.4375,"posz":0,"roty":0,"rotx":0}},"cameras":{}}