# This file was generated by Animated Java via MC-Build. It is not recommended to edit this file directly.
$data merge entity $(bone_nose) {transformation: [-1f,0f,0f,0f,0f,1f,0f,4.2138f,0f,0f,-1f,0.1016f,0f,0f,0f,1f],start_interpolation: 0,interpolation_duration: 1}
$data merge entity $(bone_glowing_eye) {transformation: [-1f,0f,0f,-0.125f,0f,1f,0f,4.2815f,0f,0f,-1f,0.1365f,0f,0f,0f,1f],start_interpolation: 0,interpolation_duration: 1}
$data merge entity $(bone_head) {transformation: [-1f,0f,0f,0f,0f,1f,0f,4.0903f,0f,0f,-1f,-0.0857f,0f,0f,0f,1f],start_interpolation: 0,interpolation_duration: 1}
$data merge entity $(bone_leftthumb2) {transformation: [-0.9984f,0.0006f,0.0571f,0.9481f,-0.0025f,0.9985f,-0.0541f,1.8634f,-0.0571f,-0.0541f,-0.9969f,0.2603f,0f,0f,0f,1f],start_interpolation: 0,interpolation_duration: 1}
$data merge entity $(bone_leftthumb) {transformation: [-0.9984f,0.0006f,0.0571f,0.9531f,-0.0025f,0.9985f,-0.0541f,2.1037f,-0.0571f,-0.0541f,-0.9969f,0.1619f,0f,0f,0f,1f],start_interpolation: 0,interpolation_duration: 1}
$data merge entity $(bone_leftpointerfinger) {transformation: [-1f,0.0069f,0f,1.0625f,0.0069f,0.999f,-0.0437f,1.7738f,-0.0003f,-0.0437f,-0.999f,0.1294f,0f,0f,0f,1f],start_interpolation: 0,interpolation_duration: 1}
$data merge entity $(bone_leftmidfinger) {transformation: [-1f,0.0069f,0f,1.0625f,0.0069f,0.999f,-0.0437f,1.767f,-0.0003f,-0.0437f,-0.999f,-0.0267f,0f,0f,0f,1f],start_interpolation: 0,interpolation_duration: 1}
$data merge entity $(bone_leftringfinger) {transformation: [-0.9999f,0.0104f,0f,1.0625f,0.0104f,0.999f,-0.0437f,1.7601f,-0.0005f,-0.0437f,-0.999f,-0.1828f,0f,0f,0f,1f],start_interpolation: 0,interpolation_duration: 1}
$data merge entity $(bone_invisibility) {transformation: [0f,0f,1f,0.875f,0.9914f,0.1307f,0f,1.8844f,-0.1307f,0.9914f,0f,0.1558f,0f,0f,0f,1f],start_interpolation: 0,interpolation_duration: 1}
$data merge entity $(bone_swiftness) {transformation: [0f,0f,1f,0.8229f,-0.0437f,0.999f,0f,1.741f,-0.999f,-0.0437f,0f,-0.0256f,0f,0f,0f,1f],start_interpolation: 0,interpolation_duration: 1}
$data merge entity $(bone_suspicious_stew) {transformation: [0f,0f,1f,0.875f,0.887f,0.4619f,0f,1.8294f,-0.4619f,0.887f,0f,-0.0295f,0f,0f,0f,1f],start_interpolation: 0,interpolation_duration: 1}
$data merge entity $(bone_log) {transformation: [-1f,0f,0f,0.7813f,0f,0.999f,-0.0437f,1.9522f,0f,-0.0437f,-0.999f,-0.0817f,0f,0f,0f,1f],start_interpolation: 0,interpolation_duration: 1}
$data merge entity $(bone_planks) {transformation: [-1f,0f,0f,0.6875f,0f,0.999f,-0.0437f,1.9522f,0f,-0.0437f,-0.999f,-0.0817f,0f,0f,0f,1f],start_interpolation: 0,interpolation_duration: 1}
$data merge entity $(bone_lefthand1) {transformation: [-1f,0f,0f,1.0313f,0f,0.999f,-0.0437f,2.2034f,0f,-0.0437f,-0.999f,-0.0615f,0f,0f,0f,1f],start_interpolation: 0,interpolation_duration: 1}
$data merge entity $(bone_leftforearm) {transformation: [-1f,0f,0f,0.9688f,0f,0.999f,-0.0437f,2.9065f,0f,-0.0437f,-0.999f,-0.0766f,0f,0f,0f,1f],start_interpolation: 0,interpolation_duration: 1}
$data merge entity $(bone_leftelbow) {transformation: [-1f,0f,0f,0.9688f,0f,0.999f,-0.045f,3.0938f,0f,-0.045f,-0.999f,-0.0851f,0f,0f,0f,1f],start_interpolation: 0,interpolation_duration: 1}
$data merge entity $(bone_leftarm) {transformation: [-1f,0f,0f,0.75f,0f,1f,-0.0069f,3.594f,0f,-0.0069f,-1f,-0.0573f,0f,0f,0f,1f],start_interpolation: 0,interpolation_duration: 1}
$data merge entity $(bone_rightthumb2) {transformation: [-0.1779f,-0.9454f,-0.2731f,-0.7271f,0.0767f,0.2633f,-0.9617f,2.1331f,0.9811f,-0.1921f,0.0256f,0.2416f,0f,0f,0f,1f],start_interpolation: 0,interpolation_duration: 1}
$data merge entity $(bone_rightthumb) {transformation: [-0.1779f,-0.9454f,-0.2731f,-0.9823f,0.0767f,0.2633f,-0.9617f,2.1155f,0.9811f,-0.1921f,0.0256f,0.1967f,0f,0f,0f,1f],start_interpolation: 0,interpolation_duration: 1}
$data merge entity $(bone_rightpointerfinger) {transformation: [-0.235f,-0.972f,0.0044f,-1.0977f,-0.9694f,0.234f,-0.0746f,1.7869f,0.0715f,-0.0218f,-0.9972f,0.1737f,0f,0f,0f,1f],start_interpolation: 0,interpolation_duration: 1}
$data merge entity $(bone_rightmidfinger) {transformation: [-0.1924f,-0.9813f,0.0044f,-1.097f,-0.9786f,0.1915f,-0.0746f,1.7753f,0.0723f,-0.0186f,-0.9972f,0.0179f,0f,0f,0f,1f],start_interpolation: 0,interpolation_duration: 1}
$data merge entity $(bone_rightringfinger) {transformation: [-0.1061f,-0.9943f,0.0044f,-1.0963f,-0.9916f,0.1055f,-0.0746f,1.7636f,0.0737f,-0.0123f,-0.9972f,-0.1379f,0f,0f,0f,1f],start_interpolation: 0,interpolation_duration: 1}
$data merge entity $(bone_hugeasssword) {transformation: [-3.9159f,0.0747f,0.0172f,-0.8276f,0.0732f,3.9051f,-0.2921f,1.974f,-0.0227f,-0.2917f,-3.9057f,0.0199f,0f,0f,0f,1f],start_interpolation: 0,interpolation_duration: 1}
$data merge entity $(bone_ice) {transformation: [-0.9998f,0.0191f,0.0044f,-0.8123f,0.0187f,0.997f,-0.0746f,1.9581f,-0.0058f,-0.0745f,-0.9972f,0.0212f,0f,0f,0f,1f],start_interpolation: 0,interpolation_duration: 1}
$data merge entity $(bone_righthand1) {transformation: [-0.9998f,0.0191f,0.0044f,-1.0573f,0.0187f,0.997f,-0.0746f,2.2097f,-0.0058f,-0.0745f,-0.9972f,-0.0301f,0f,0f,0f,1f],start_interpolation: 0,interpolation_duration: 1}
$data merge entity $(bone_rightforearm) {transformation: [-0.9998f,0.0191f,0.0044f,-0.9815f,0.0187f,0.997f,-0.0746f,2.9108f,-0.0058f,-0.0745f,-0.9972f,-0.0665f,0f,0f,0f,1f],start_interpolation: 0,interpolation_duration: 1}
$data merge entity $(bone_rightelbow) {transformation: [-0.9998f,0.0191f,0.0044f,-0.9779f,0.0187f,0.997f,-0.0746f,3.0977f,-0.0058f,-0.0745f,-0.9972f,-0.0804f,0f,0f,0f,1f],start_interpolation: 0,interpolation_duration: 1}
$data merge entity $(bone_rightarm) {transformation: [-0.9998f,0.0188f,0.0054f,-0.75f,0.0187f,0.9996f,-0.0188f,3.594f,-0.0058f,-0.0187f,-0.9998f,-0.0573f,0f,0f,0f,1f],start_interpolation: 0,interpolation_duration: 1}
$data merge entity $(bone_chest1) {transformation: [-1.0833f,0f,0f,-0.0023f,0f,1.0833f,0f,3.4337f,0f,0f,-1.0833f,-0.1673f,0f,0f,0f,1f],start_interpolation: 0,interpolation_duration: 1}
$data merge entity $(bone_chest1lid) {transformation: [-1f,0f,0f,-0.3438f,0f,1f,0f,2.7503f,0f,0f,-1f,0.224f,0f,0f,0f,1f],start_interpolation: 0,interpolation_duration: 1}
$data merge entity $(bone_chest2) {transformation: [-1f,0f,0f,-0.3438f,0f,1f,0f,2.594f,0f,0f,-1f,0.224f,0f,0f,0f,1f],start_interpolation: 0,interpolation_duration: 1}
$data merge entity $(bone_chest1lid3) {transformation: [-1f,0f,0f,-0.2812f,0f,1f,0f,2.7503f,0f,0f,-1f,-0.4167f,0f,0f,0f,1f],start_interpolation: 0,interpolation_duration: 1}
$data merge entity $(bone_chest3) {transformation: [-1f,0f,0f,-0.2812f,0f,1f,0f,2.594f,0f,0f,-1f,-0.4167f,0f,0f,0f,1f],start_interpolation: 0,interpolation_duration: 1}
$data merge entity $(bone_hugeasssword2) {transformation: [0f,2.8877f,-2.6461f,-1.2344f,0f,2.6461f,2.8877f,4.594f,3.9167f,0f,0f,-0.4323f,0f,0f,0f,1f],start_interpolation: 0,interpolation_duration: 1}
$data merge entity $(bone_belt) {transformation: [-1f,0f,0f,0.0297f,0f,1f,0f,3.0354f,0f,0f,-1f,-0.0364f,0f,0f,0f,1f],start_interpolation: 0,interpolation_duration: 1}
$data merge entity $(bone_torn_part) {transformation: [-1f,0f,0f,-0.0937f,0f,0.9537f,0.3007f,2.7503f,0f,0.3007f,-0.9537f,-0.0417f,0f,0f,0f,1f],start_interpolation: 0,interpolation_duration: 1}
$data merge entity $(bone_lowerbody) {transformation: [-1f,0f,0f,0.0039f,0f,1f,0f,2.262f,0f,0f,-1f,0.099f,0f,0f,0f,1f],start_interpolation: 0,interpolation_duration: 1}
$data merge entity $(bone_leftfoot) {transformation: [-1f,-0.0014f,-0.007f,0.283f,-0.0014f,1f,0.0029f,0.1108f,0.007f,0.0029f,-1f,-0.2551f,0f,0f,0f,1f],start_interpolation: 0,interpolation_duration: 1}
$data merge entity $(bone_leftlowerleg) {transformation: [-1f,-0.0014f,-0.007f,0.2826f,-0.0014f,1f,0.0079f,1.2189f,0.007f,0.0079f,-0.9999f,-0.0927f,0f,0f,0f,1f],start_interpolation: 0,interpolation_duration: 1}
$data merge entity $(bone_leftleg) {transformation: [-1f,-0.0014f,-0.007f,0.25f,-0.0014f,1f,-0.0061f,2.2815f,0.007f,-0.0061f,-1f,-0.0729f,0f,0f,0f,1f],start_interpolation: 0,interpolation_duration: 1}
$data merge entity $(bone_rightfoot) {transformation: [-1f,0.0014f,0.0042f,-0.2835f,0.0014f,1f,0.0027f,0.1107f,-0.0042f,0.0027f,-1f,-0.2579f,0f,0f,0f,1f],start_interpolation: 0,interpolation_duration: 1}
$data merge entity $(bone_rightlowerleg) {transformation: [-1f,0.0014f,0.0042f,-0.2826f,0.0014f,1f,0.0068f,1.219f,-0.0042f,0.0068f,-1f,-0.0967f,0f,0f,0f,1f],start_interpolation: 0,interpolation_duration: 1}
$data merge entity $(bone_rightleg) {transformation: [-1f,0.0014f,0.0042f,-0.25f,0.0014f,1f,-0.0022f,2.2815f,-0.0042f,-0.0022f,-1f,-0.0729f,0f,0f,0f,1f],start_interpolation: 0,interpolation_duration: 1}
data modify entity @s data merge value {"cameras":{},"locators":{"lefthand":{"posx":0.875,"posy":1.8748791063750139,"posz":-0.06272185904619307,"roty":0,"rotx":-2.5074074074074066},"sword":{"posx":-0.9225669385668183,"posy":2.2204306784539436,"posz":3.7145739116084306,"roty":0.2519764065412744,"rotx":-4.276568181190352},"righthand":{"posx":-0.9063951897168695,"posy":1.945450450210527,"posz":0.03737652791873646,"roty":0.2519764065412744,"rotx":-4.276568181190352},"chest":{"posx":-0.37500000000000006,"posy":2.6877732767489713,"posz":0.38022440843621397,"roty":0,"rotx":0}}}