# This file was generated by Animated Java via MC-Build. It is not recommended to edit this file directly.
$data merge entity $(bone_nose) {transformation: [-1f,0f,0f,0f,0f,1f,0f,4.2274f,0f,0f,-1f,0.1866f,0f,0f,0f,1f],start_interpolation: 0,interpolation_duration: 1}
$data merge entity $(bone_glowing_eye) {transformation: [-1f,0f,0f,-0.125f,0f,1f,0f,4.2951f,0f,0f,-1f,0.2215f,0f,0f,0f,1f],start_interpolation: 0,interpolation_duration: 1}
$data merge entity $(bone_head) {transformation: [-1f,0f,0f,0f,0f,1f,0f,4.104f,0f,0f,-1f,-0.0006f,0f,0f,0f,1f],start_interpolation: 0,interpolation_duration: 1}
$data merge entity $(bone_leftthumb2) {transformation: [-0.9312f,0.0802f,0.3555f,1.0936f,-0.2941f,0.4106f,-0.8631f,2.6459f,-0.2152f,-0.9083f,-0.3588f,1.2443f,0f,0f,0f,1f],start_interpolation: 0,interpolation_duration: 1}
$data merge entity $(bone_leftthumb) {transformation: [-0.9312f,0.0802f,0.3555f,1.1436f,-0.2941f,0.4106f,-0.8631f,2.6728f,-0.2152f,-0.9083f,-0.3588f,0.9909f,0f,0f,0f,1f],start_interpolation: 0,interpolation_duration: 1}
$data merge entity $(bone_leftpointerfinger) {transformation: [-0.6543f,0.0975f,-0.7499f,1.1808f,0.6857f,0.4949f,-0.5338f,2.3878f,0.3191f,-0.8635f,-0.3907f,1.1889f,0f,0f,0f,1f],start_interpolation: 0,interpolation_duration: 1}
$data merge entity $(bone_leftmidfinger) {transformation: [-0.6543f,0.0975f,-0.7499f,1.0636f,0.6857f,0.4949f,-0.5338f,2.3044f,0.3191f,-0.8635f,-0.3907f,1.1279f,0f,0f,0f,1f],start_interpolation: 0,interpolation_duration: 1}
$data merge entity $(bone_leftringfinger) {transformation: [-0.6453f,0.1457f,-0.7499f,0.9465f,0.7204f,0.4429f,-0.5338f,2.221f,0.2544f,-0.8847f,-0.3907f,1.0668f,0f,0f,0f,1f],start_interpolation: 0,interpolation_duration: 1}
$data merge entity $(bone_invisibility) {transformation: [-0.0654f,0.7471f,0.6615f,1.0802f,0.5418f,0.5832f,-0.6052f,2.5826f,-0.8379f,0.3189f,-0.4429f,1.1959f,0f,0f,0f,1f],start_interpolation: 0,interpolation_duration: 1}
$data merge entity $(bone_swiftness) {transformation: [-0.7499f,0f,0.6615f,0.9052f,-0.5338f,0.5906f,-0.6052f,2.434f,-0.3907f,-0.807f,-0.4429f,1.255f,0f,0f,0f,1f],start_interpolation: 0,interpolation_duration: 1}
$data merge entity $(bone_suspicious_stew) {transformation: [-0.3169f,0.6797f,0.6615f,0.9396f,0.3097f,0.7334f,-0.6052f,2.4548f,-0.8965f,0.013f,-0.4429f,1.1605f,0f,0f,0f,1f],start_interpolation: 0,interpolation_duration: 1}
$data merge entity $(bone_log) {transformation: [-0.6615f,0f,-0.7499f,0.8424f,0.6052f,0.5906f,-0.5338f,2.5604f,0.4429f,-0.807f,-0.3907f,1.0828f,0f,0f,0f,1f],start_interpolation: 0,interpolation_duration: 1}
$data merge entity $(bone_planks) {transformation: [-0.6615f,0f,-0.7499f,0.7804f,0.6052f,0.5906f,-0.5338f,2.6171f,0.4429f,-0.807f,-0.3907f,1.1244f,0f,0f,0f,1f],start_interpolation: 0,interpolation_duration: 1}
$data merge entity $(bone_lefthand1) {transformation: [-0.6615f,0f,-0.7499f,1.0313f,0.6052f,0.5906f,-0.5338f,2.5734f,0.4429f,-0.807f,-0.3907f,0.7826f,0f,0f,0f,1f],start_interpolation: 0,interpolation_duration: 1}
$data merge entity $(bone_leftforearm) {transformation: [-1f,0f,0f,0.9688f,0f,0.5906f,-0.807f,3.0013f,0f,-0.807f,-0.5906f,0.2244f,0f,0f,0f,1f],start_interpolation: 0,interpolation_duration: 1}
$data merge entity $(bone_leftelbow) {transformation: [-1f,0f,0f,0.9688f,0f,0.5719f,-0.8204f,3.1085f,0f,-0.8204f,-0.5719f,0.0706f,0f,0f,0f,1f],start_interpolation: 0,interpolation_duration: 1}
$data merge entity $(bone_leftarm) {transformation: [-1f,0f,0f,0.75f,0f,0.9891f,-0.1475f,3.6076f,0f,-0.1475f,-0.9891f,0.0278f,0f,0f,0f,1f],start_interpolation: 0,interpolation_duration: 1}
$data merge entity $(bone_rightthumb2) {transformation: [0.8078f,-0.4683f,-0.3581f,-1.0008f,0.5478f,0.8206f,0.1626f,2.7445f,0.2177f,-0.3275f,0.9194f,1.1104f,0f,0f,0f,1f],start_interpolation: 0,interpolation_duration: 1}
$data merge entity $(bone_rightthumb) {transformation: [0.8078f,-0.4683f,-0.3581f,-1.1462f,0.5478f,0.8206f,0.1626f,2.9596f,0.2177f,-0.3275f,0.9194f,1.1086f,0f,0f,0f,1f],start_interpolation: 0,interpolation_duration: 1}
$data merge entity $(bone_rightpointerfinger) {transformation: [-0.3051f,-0.3384f,-0.8901f,-1.305f,0.1445f,0.9074f,-0.3945f,3.0233f,0.9413f,-0.249f,-0.228f,1.4129f,0f,0f,0f,1f],start_interpolation: 0,interpolation_duration: 1}
$data merge entity $(bone_rightmidfinger) {transformation: [-0.2901f,-0.3514f,-0.8901f,-1.4441f,0.1048f,0.9129f,-0.3945f,2.9616f,0.9512f,-0.2077f,-0.228f,1.3772f,0f,0f,0f,1f],start_interpolation: 0,interpolation_duration: 1}
$data merge entity $(bone_rightringfinger) {transformation: [-0.2584f,-0.3754f,-0.8901f,-1.5832f,0.0248f,0.9185f,-0.3945f,2.9f,0.9657f,-0.124f,-0.228f,1.3416f,0f,0f,0f,1f],start_interpolation: 0,interpolation_duration: 1}
$data merge entity $(bone_hugeasssword) {transformation: [-1.5528f,0.8799f,-3.4864f,-1.2793f,3.5924f,0.2168f,-1.5453f,2.7354f,-0.1542f,-3.8104f,-0.893f,1.1937f,0f,0f,0f,1f],start_interpolation: 0,interpolation_duration: 1}
$data merge entity $(bone_ice) {transformation: [-0.3965f,0.2247f,-0.8901f,-1.2766f,0.9172f,0.0553f,-0.3945f,2.7202f,-0.0394f,-0.9729f,-0.228f,1.2095f,0f,0f,0f,1f],start_interpolation: 0,interpolation_duration: 1}
$data merge entity $(bone_righthand1) {transformation: [-0.3965f,0.2247f,-0.8901f,-1.3473f,0.9172f,0.0553f,-0.3945f,2.951f,-0.0394f,-0.9729f,-0.228f,0.9493f,0f,0f,0f,1f],start_interpolation: 0,interpolation_duration: 1}
$data merge entity $(bone_rightforearm) {transformation: [-0.9488f,0.1891f,-0.2531f,-1.1511f,0.3012f,0.3003f,-0.905f,3.1575f,-0.0952f,-0.9349f,-0.3419f,0.3032f,0f,0f,0f,1f],start_interpolation: 0,interpolation_duration: 1}
$data merge entity $(bone_rightelbow) {transformation: [-0.9488f,0.1891f,-0.2531f,-1.1156f,0.3012f,0.3003f,-0.905f,3.2138f,-0.0952f,-0.9349f,-0.3419f,0.1279f,0f,0f,0f,1f],start_interpolation: 0,interpolation_duration: 1}
$data merge entity $(bone_rightarm) {transformation: [-0.9488f,0.3159f,-0.0051f,-0.75f,0.3012f,0.8997f,-0.3159f,3.6076f,-0.0952f,-0.3012f,-0.9488f,0.0278f,0f,0f,0f,1f],start_interpolation: 0,interpolation_duration: 1}
$data merge entity $(bone_chest1) {transformation: [-1.0833f,0f,0f,-0.0023f,0f,1.0833f,0f,3.4473f,0f,0f,-1.0833f,-0.0823f,0f,0f,0f,1f],start_interpolation: 0,interpolation_duration: 1}
$data merge entity $(bone_chest1lid) {transformation: [-1f,0f,0f,-0.3438f,0f,1f,0f,2.7639f,0f,0f,-1f,0.309f,0f,0f,0f,1f],start_interpolation: 0,interpolation_duration: 1}
$data merge entity $(bone_chest2) {transformation: [-1f,0f,0f,-0.3438f,0f,1f,0f,2.6076f,0f,0f,-1f,0.309f,0f,0f,0f,1f],start_interpolation: 0,interpolation_duration: 1}
$data merge entity $(bone_chest1lid3) {transformation: [-1f,0f,0f,-0.2812f,0f,1f,0f,2.7639f,0f,0f,-1f,-0.3316f,0f,0f,0f,1f],start_interpolation: 0,interpolation_duration: 1}
$data merge entity $(bone_chest3) {transformation: [-1f,0f,0f,-0.2812f,0f,1f,0f,2.6076f,0f,0f,-1f,-0.3316f,0f,0f,0f,1f],start_interpolation: 0,interpolation_duration: 1}
$data merge entity $(bone_hugeasssword2) {transformation: [0f,2.8877f,-2.6461f,-1.2344f,0f,2.6461f,2.8877f,4.6076f,3.9167f,0f,0f,-0.3472f,0f,0f,0f,1f],start_interpolation: 0,interpolation_duration: 1}
$data merge entity $(bone_belt) {transformation: [-1f,0f,0f,0.0297f,0f,1f,0f,3.049f,0f,0f,-1f,0.0486f,0f,0f,0f,1f],start_interpolation: 0,interpolation_duration: 1}
$data merge entity $(bone_torn_part) {transformation: [-1f,0f,0f,-0.0938f,0f,0.9537f,0.3007f,2.7639f,0f,0.3007f,-0.9537f,0.0434f,0f,0f,0f,1f],start_interpolation: 0,interpolation_duration: 1}
$data merge entity $(bone_lowerbody) {transformation: [-1f,0f,0f,0.0039f,0f,1f,0f,2.2756f,0f,0f,-1f,0.184f,0f,0f,0f,1f],start_interpolation: 0,interpolation_duration: 1}
$data merge entity $(bone_leftfoot) {transformation: [-0.9878f,-0.0204f,-0.1546f,0.3158f,-0.0303f,0.9976f,0.0624f,0.1698f,0.1529f,0.0663f,-0.986f,-0.1888f,0f,0f,0f,1f],start_interpolation: 0,interpolation_duration: 1}
$data merge entity $(bone_leftlowerleg) {transformation: [-0.9878f,-0.0062f,-0.1558f,0.3329f,-0.0303f,0.9878f,0.153f,1.2421f,0.1529f,0.1559f,-0.9759f,0.1341f,0f,0f,0f,1f],start_interpolation: 0,interpolation_duration: 1}
$data merge entity $(bone_leftleg) {transformation: [-0.9878f,-0.0525f,-0.1468f,0.25f,-0.0303f,0.9883f,-0.1495f,2.2951f,0.1529f,-0.1432f,-0.9778f,0.0122f,0f,0f,0f,1f],start_interpolation: 0,interpolation_duration: 1}
$data merge entity $(bone_rightfoot) {transformation: [-0.9953f,0.0253f,0.0936f,-0.3193f,0.0306f,0.998f,0.0553f,0.1566f,-0.092f,0.0579f,-0.9941f,-0.2887f,0f,0f,0f,1f],start_interpolation: 0,interpolation_duration: 1}
$data merge entity $(bone_rightlowerleg) {transformation: [-0.9953f,0.0175f,0.0953f,-0.3145f,0.0306f,0.9901f,0.1373f,1.2338f,-0.092f,0.1395f,-0.9859f,0.0175f,0f,0f,0f,1f],start_interpolation: 0,interpolation_duration: 1}
$data merge entity $(bone_rightleg) {transformation: [-0.9953f,0.0337f,0.0909f,-0.25f,0.0306f,0.9989f,-0.0351f,2.2951f,-0.092f,-0.0322f,-0.9952f,0.0122f,0f,0f,0f,1f],start_interpolation: 0,interpolation_duration: 1}
data modify entity @s data merge value {"cameras":{},"locators":{"lefthand":{"posx":0.9161734361674445,"posy":2.465821087238681,"posz":1.1104695555171125,"roty":297.51705162730036,"rotx":-32.26258431934042},"sword":{"posx":1.979063398175901,"posy":4.266356399725701,"posz":2.0652966790092786,"roty":284.3667971609789,"rotx":-23.237180709892247},"righthand":{"posx":-1.3033407308211766,"posy":2.811496502386948,"posz":1.224545786617,"roty":284.3667971609789,"rotx":-23.237180709892247},"chest":{"posx":-0.37500000000000006,"posy":2.701388888888889,"posz":0.46527777777777773,"roty":0,"rotx":0}}}