# This file was generated by Animated Java via MC-Build. It is not recommended to edit this file directly.
$data merge entity $(bone_nose) {transformation: [-1f,0f,0f,0f,0f,0f,1f,2.5756f,0f,1f,0f,1.8987f,0f,0f,0f,1f],start_interpolation: 0,interpolation_duration: 1}
$data merge entity $(bone_glowing_eye) {transformation: [-1f,0f,0f,-0.125f,0f,0f,1f,2.5408f,0f,1f,0f,1.9664f,0f,0f,0f,1f],start_interpolation: 0,interpolation_duration: 1}
$data merge entity $(bone_head) {transformation: [-1f,0f,0f,0f,0f,0f,1f,2.7629f,0f,1f,0f,1.7752f,0f,0f,0f,1f],start_interpolation: 0,interpolation_duration: 1}
$data merge entity $(bone_leftthumb2) {transformation: [-1f,0f,0f,1.2379f,0f,0.4617f,-0.887f,1.5045f,0f,-0.887f,-0.4617f,1.8625f,0f,0f,0f,1f],start_interpolation: 0,interpolation_duration: 1}
$data merge entity $(bone_leftthumb) {transformation: [-1f,0f,0f,1.2379f,0f,0.4617f,-0.887f,1.542f,0f,-0.887f,-0.4617f,1.6055f,0f,0f,0f,1f],start_interpolation: 0,interpolation_duration: 1}
$data merge entity $(bone_leftpointerfinger) {transformation: [-0.1285f,0.0227f,-0.9914f,1.2057f,0.8372f,0.5384f,-0.0962f,1.2358f,0.5316f,-0.8424f,-0.0882f,1.7701f,0f,0f,0f,1f],start_interpolation: 0,interpolation_duration: 1}
$data merge entity $(bone_leftmidfinger) {transformation: [-0.1285f,0.0227f,-0.9914f,1.0508f,0.8372f,0.5384f,-0.0962f,1.2208f,0.5316f,-0.8424f,-0.0882f,1.7563f,0f,0f,0f,1f],start_interpolation: 0,interpolation_duration: 1}
$data merge entity $(bone_leftringfinger) {transformation: [-0.1261f,0.0338f,-0.9914f,0.8959f,0.8809f,0.4634f,-0.0962f,1.2057f,0.4562f,-0.8855f,-0.0882f,1.7425f,0f,0f,0f,1f],start_interpolation: 0,interpolation_duration: 1}
$data merge entity $(bone_invisibility) {transformation: [-0.0864f,0.9877f,0.1305f,1.2122f,0.6646f,0.1547f,-0.731f,1.4498f,-0.7422f,0.0236f,-0.6698f,1.8178f,0f,0f,0f,1f],start_interpolation: 0,interpolation_duration: 1}
$data merge entity $(bone_swiftness) {transformation: [-0.9914f,0f,0.1305f,1.0195f,-0.0962f,0.6756f,-0.731f,1.3783f,-0.0882f,-0.7373f,-0.6698f,1.936f,0f,0f,0f,1f],start_interpolation: 0,interpolation_duration: 1}
$data merge entity $(bone_suspicious_stew) {transformation: [-0.419f,0.8986f,0.1305f,1.0263f,0.5716f,0.3727f,-0.731f,1.4001f,-0.7055f,-0.2317f,-0.6698f,1.8358f,0f,0f,0f,1f],start_interpolation: 0,interpolation_duration: 1}
$data merge entity $(bone_log) {transformation: [-0.1305f,0f,-0.9914f,0.9676f,0.731f,0.6756f,-0.0962f,1.5485f,0.6698f,-0.7373f,-0.0882f,1.8023f,0f,0f,0f,1f],start_interpolation: 0,interpolation_duration: 1}
$data merge entity $(bone_planks) {transformation: [-0.1305f,0f,-0.9914f,0.9554f,0.731f,0.6756f,-0.0962f,1.6171f,0.6698f,-0.7373f,-0.0882f,1.8651f,0f,0f,0f,1f],start_interpolation: 0,interpolation_duration: 1}
$data merge entity $(bone_lefthand1) {transformation: [-0.1305f,0f,-0.9914f,1.0312f,0.731f,0.6756f,-0.0962f,1.5377f,0.6698f,-0.7373f,-0.0882f,1.4533f,0f,0f,0f,1f],start_interpolation: 0,interpolation_duration: 1}
$data merge entity $(bone_leftforearm) {transformation: [-1f,0f,0f,0.9687f,0f,0.6756f,-0.7373f,2.0242f,0f,-0.7373f,-0.6756f,0.9454f,0f,0f,0f,1f],start_interpolation: 0,interpolation_duration: 1}
$data merge entity $(bone_leftelbow) {transformation: [-1f,0f,0f,0.9687f,0f,0.9848f,0.1736f,2.2089f,0f,0.1736f,-0.9848f,0.978f,0f,0f,0f,1f],start_interpolation: 0,interpolation_duration: 1}
$data merge entity $(bone_leftarm) {transformation: [-1f,0f,0f,0.75f,0f,0.4226f,0.9063f,2.3919f,0f,0.9063f,-0.4226f,1.4444f,0f,0f,0f,1f],start_interpolation: 0,interpolation_duration: 1}
$data merge entity $(bone_rightthumb2) {transformation: [0.9851f,-0.1624f,-0.057f,-0.9231f,0.157f,0.9836f,-0.0884f,1.2561f,0.0705f,0.0781f,0.9944f,1.9749f,0f,0f,0f,1f],start_interpolation: 0,interpolation_duration: 1}
$data merge entity $(bone_rightthumb) {transformation: [0.9851f,-0.1624f,-0.057f,-0.9678f,0.157f,0.9836f,-0.0884f,1.4898f,0.0705f,0.0781f,0.9944f,2.0791f,0f,0f,0f,1f],start_interpolation: 0,interpolation_duration: 1}
$data merge entity $(bone_rightpointerfinger) {transformation: [-0.0123f,0.0048f,-0.9999f,-1.0188f,-0.1284f,0.9917f,0.0064f,1.4814f,0.9916f,0.1284f,-0.0116f,2.4242f,0f,0f,0f,1f],start_interpolation: 0,interpolation_duration: 1}
$data merge entity $(bone_rightmidfinger) {transformation: [-0.0125f,0.0043f,-0.9999f,-1.175f,-0.1715f,0.9852f,0.0064f,1.4823f,0.9851f,0.1716f,-0.0116f,2.4224f,0f,0f,0f,1f],start_interpolation: 0,interpolation_duration: 1}
$data merge entity $(bone_rightringfinger) {transformation: [-0.0128f,0.0032f,-0.9999f,-1.3313f,-0.2567f,0.9665f,0.0064f,1.4833f,0.9664f,0.2568f,-0.0116f,2.4206f,0f,0f,0f,1f],start_interpolation: 0,interpolation_duration: 1}
$data merge entity $(bone_hugeasssword) {transformation: [0.008f,0.0512f,-3.9163f,-1.1573f,3.6833f,1.3316f,0.025f,1.3015f,1.3318f,-3.683f,-0.0454f,2.1413f,0f,0f,0f,1f],start_interpolation: 0,interpolation_duration: 1}
$data merge entity $(bone_ice) {transformation: [0.0021f,0.0131f,-0.9999f,-1.1575f,0.9404f,0.34f,0.0064f,1.2815f,0.34f,-0.9403f,-0.0116f,2.1507f,0f,0f,0f,1f],start_interpolation: 0,interpolation_duration: 1}
$data merge entity $(bone_righthand1) {transformation: [0.0021f,0.0131f,-0.9999f,-1.185f,0.9404f,0.34f,0.0064f,1.6018f,0.34f,-0.9403f,-0.0116f,2.0002f,0f,0f,0f,1f],start_interpolation: 0,interpolation_duration: 1}
$data merge entity $(bone_rightforearm) {transformation: [-0.9537f,0.0131f,-0.3005f,-1.1115f,0.2668f,0.4981f,-0.825f,1.9483f,0.1389f,-0.867f,-0.4786f,1.3894f,0f,0f,0f,1f],start_interpolation: 0,interpolation_duration: 1}
$data merge entity $(bone_rightelbow) {transformation: [-0.9537f,0.0131f,-0.3005f,-1.109f,0.2668f,0.4981f,-0.825f,2.0417f,0.1389f,-0.867f,-0.4786f,1.2269f,0f,0f,0f,1f],start_interpolation: 0,interpolation_duration: 1}
$data merge entity $(bone_rightarm) {transformation: [-0.9537f,0.3008f,0f,-0.75f,0.2668f,0.846f,0.4617f,2.3919f,0.1389f,0.4403f,-0.887f,1.4444f,0f,0f,0f,1f],start_interpolation: 0,interpolation_duration: 1}
$data merge entity $(bone_chest1) {transformation: [-1.0833f,0f,0f,-0.0023f,0f,0.766f,0.766f,2.3564f,0f,0.766f,-0.766f,1.2532f,0f,0f,0f,1f],start_interpolation: 0,interpolation_duration: 1}
$data merge entity $(bone_chest1lid) {transformation: [-1f,0f,0f,-0.3438f,0f,0.7071f,0.7071f,1.5964f,0f,0.7071f,-0.7071f,1.0466f,0f,0f,0f,1f],start_interpolation: 0,interpolation_duration: 1}
$data merge entity $(bone_chest2) {transformation: [-1f,0f,0f,-0.3438f,0f,0.7071f,0.7071f,1.4859f,0f,0.7071f,-0.7071f,0.9361f,0f,0f,0f,1f],start_interpolation: 0,interpolation_duration: 1}
$data merge entity $(bone_chest1lid3) {transformation: [-1f,0f,0f,-0.2813f,0f,0.7071f,0.7071f,2.0494f,0f,0.7071f,-0.7071f,0.5936f,0f,0f,0f,1f],start_interpolation: 0,interpolation_duration: 1}
$data merge entity $(bone_chest3) {transformation: [-1f,0f,0f,-0.2813f,0f,0.7071f,0.7071f,1.9389f,0f,0.7071f,-0.7071f,0.4831f,0f,0f,0f,1f],start_interpolation: 0,interpolation_duration: 1}
$data merge entity $(bone_hugeasssword2) {transformation: [0f,2.8877f,-2.6461f,-1.2344f,-2.7695f,1.871f,2.0419f,3.3641f,2.7695f,1.871f,2.0419f,1.8863f,0f,0f,0f,1f],start_interpolation: 0,interpolation_duration: 1}
$data merge entity $(bone_belt) {transformation: [-1f,0f,0f,0.0297f,0f,0.7071f,0.7071f,1.9821f,0f,0.7071f,-0.7071f,1.0641f,0f,0f,0f,1f],start_interpolation: 0,interpolation_duration: 1}
$data merge entity $(bone_torn_part) {transformation: [-1f,0f,0f,-0.0938f,0f,0.6756f,0.7373f,1.778f,0f,0.7373f,-0.6756f,0.9003f,0f,0f,0f,1f],start_interpolation: 0,interpolation_duration: 1}
$data merge entity $(bone_lowerbody) {transformation: [-1f,0f,0f,0.0039f,0f,0.866f,0.5f,1.2849f,0f,0.5f,-0.866f,0.778f,0f,0f,0f,1f],start_interpolation: 0,interpolation_duration: 1}
$data merge entity $(bone_leftfoot) {transformation: [-0.9754f,0.1975f,0.0982f,-0.0058f,-0.0426f,-0.6055f,0.7947f,0.4044f,0.2164f,0.771f,0.599f,-0.8683f,0f,0f,0f,1f],start_interpolation: 0,interpolation_duration: 1}
$data merge entity $(bone_leftlowerleg) {transformation: [-0.9754f,0.214f,-0.0537f,0.2398f,-0.0426f,0.0562f,0.9975f,0.3135f,0.2164f,0.9752f,-0.0457f,0.2207f,0f,0f,0f,1f],start_interpolation: 0,interpolation_duration: 1}
$data merge entity $(bone_leftleg) {transformation: [-0.9754f,0.033f,-0.2181f,0.25f,-0.0426f,0.942f,0.3328f,1.3044f,0.2164f,0.3339f,-0.9174f,0.6061f,0f,0f,0f,1f],start_interpolation: 0,interpolation_duration: 1}
$data merge entity $(bone_rightfoot) {transformation: [-0.9905f,0.0336f,0.1333f,-0.3696f,0.0432f,0.9966f,0.07f,0.1553f,-0.1305f,0.0751f,-0.9886f,0.8934f,0f,0f,0f,1f],start_interpolation: 0,interpolation_duration: 1}
$data merge entity $(bone_rightlowerleg) {transformation: [-0.9905f,-0.0333f,0.1334f,-0.427f,0.0432f,0.8456f,0.532f,1.0117f,-0.1305f,0.5327f,-0.8362f,1.6128f,0f,0f,0f,1f],start_interpolation: 0,interpolation_duration: 1}
$data merge entity $(bone_rightleg) {transformation: [-0.9905f,0.1372f,-0.0084f,-0.25f,0.0432f,0.2531f,-0.9665f,1.3044f,-0.1305f,-0.9577f,-0.2566f,0.6061f,0f,0f,0f,1f],start_interpolation: 0,interpolation_duration: 1}
data modify entity @s data merge value {"cameras":{},"locators":{"lefthand":{"posx":0.9953639565066509,"posy":1.4287237731707616,"posz":1.7984802570306184,"roty":275.082691734047,"rotx":-5.522348441990871},"sword":{"posx":2.5452684390111946,"posy":1.3407466841215774,"posz":2.240162560774428,"roty":270.66411058133366,"rotx":0.3652758403617192},"righthand":{"posx":-1.1419089250476016,"posy":1.3642553185886235,"posz":2.1974228827466966,"roty":270.66411058133366,"rotx":0.3652758403617192},"chest":{"posx":-0.3750000000000001,"posy":1.4416994829939256,"posz":1.112902510204986,"roty":0,"rotx":44.99999999999999}}}