# This file was generated by Animated Java via MC-Build. It is not recommended to edit this file directly.
$data merge entity $(bone_nose) { transformation: [-0.9992925142707552f,-0.01150886160398689f,-0.03580526535319738f,-0.019657900479319503f,-0.014551658201386392f,0.996196024169423f,0.08591699874078645f,3.7776922020108414f,0.034680256141248804f,0.08637723967350755f,-0.9956587027191411f,2.1775456533684245f,0f,0f,0f,1f], start_interpolation: 0, interpolation_duration: 1 }
$data merge entity $(bone_glowing_eye) { transformation: [-0.9992925142707552f,-0.01150886160398689f,-0.03580526535319738f,-0.14409926109046367f,-0.014551658201386392f,0.996196024169423f,0.08591699874078645f,3.840325682295451f,0.034680256141248804f,0.08637723967350755f,-0.9956587027191411f,2.222473259045123f,0f,0f,0f,1f], start_interpolation: 0, interpolation_duration: 1 }
$data merge entity $(bone_head) { transformation: [-0.9992925142707552f,-0.01150886160398689f,-0.03580526535319738f,-0.024941537177364692f,-0.014551658201386392f,0.996196024169423f,0.08591699874078645f,3.6707734176581828f,0.034680256141248804f,0.08637723967350755f,-0.9956587027191411f,1.9804379913647412f,0f,0f,0f,1f], start_interpolation: 0, interpolation_duration: 1 }
$data merge entity $(bone_leftthumb2) { transformation: [-0.9691236223025206f,-0.07874076667271747f,0.23366492325343652f,1.032964793028347f,-0.20066206215256316f,0.8025736856519298f,-0.5617919685361819f,1.8575833195111884f,-0.1432973883499717f,-0.591333552881003f,-0.7935934020197039f,2.7084855666138647f,0f,0f,0f,1f], start_interpolation: 0, interpolation_duration: 1 }
$data merge entity $(bone_leftthumb) { transformation: [-0.9691236223025206f,-0.07874076667271747f,0.23366492325343652f,1.0336226307365437f,-0.20066206215256316f,0.8025736856519298f,-0.5617919685361819f,2.006399159463501f,-0.1432973883499717f,-0.591333552881003f,-0.7935934020197039f,2.4956469396183465f,0f,0f,0f,1f], start_interpolation: 0, interpolation_duration: 1 }
$data merge entity $(bone_leftpointerfinger) { transformation: [-0.9691236223025206f,-0.07874076667271747f,0.23366492325343652f,1.176410384267872f,-0.20066206215256316f,0.8025736856519298f,-0.5617919685361819f,1.7386680833817647f,-0.1432973883499717f,-0.591333552881003f,-0.7935934020197039f,2.6681517227885303f,0f,0f,0f,1f], start_interpolation: 0, interpolation_duration: 1 }
$data merge entity $(bone_leftmidfinger) { transformation: [-0.9691236223025206f,-0.07874076667271747f,0.23366492325343652f,1.2129205285262215f,-0.20066206215256316f,0.8025736856519298f,-0.5617919685361819f,1.6508880882979862f,-0.1432973883499717f,-0.591333552881003f,-0.7935934020197039f,2.5441527537229516f,0f,0f,0f,1f], start_interpolation: 0, interpolation_duration: 1 }
$data merge entity $(bone_leftringfinger) { transformation: [-0.9691236223025206f,-0.07874076667271747f,0.23366492325343652f,1.2494306727845708f,-0.20066206215256316f,0.8025736856519298f,-0.5617919685361819f,1.5631080932142078f,-0.1432973883499717f,-0.591333552881003f,-0.7935934020197039f,2.420153784657373f,0f,0f,0f,1f], start_interpolation: 0, interpolation_duration: 1 }
$data merge entity $(bone_invisibility) { transformation: [-0.05807589434281278f,-0.23963846767896874f,0.9691236223025204f,0.978785404879651f,0.7505562541869637f,0.6296030861689884f,0.20066206215256305f,1.8063814426130946f,-0.658249572576478f,0.7390354245196645f,0.14329738834997147f,2.6014061489396667f,0f,0f,0f,1f], start_interpolation: 0, interpolation_duration: 1 }
$data merge entity $(bone_swiftness) { transformation: [0.2336649232534363f,-0.07874076667271747f,0.9691236223025206f,0.9827854197867589f,-0.5617919685361819f,0.8025736856519298f,0.20066206215256305f,1.581912320778494f,-0.7935934020197039f,-0.591333552881003f,0.14329738834997152f,2.5252205520851594f,0f,0f,0f,1f], start_interpolation: 0, interpolation_duration: 1 }
$data merge entity $(bone_suspicious_stew) { transformation: [0.02738769370242153f,-0.24504962544126446f,0.9691236223025208f,1.026288551427454f,0.4899552357744015f,0.8483387317280353f,0.2006620621525633f,1.6634248069976263f,-0.8713172678025571f,0.469331521763843f,0.14329738834997166f,2.4803261463522692f,0f,0f,0f,1f], start_interpolation: 0, interpolation_duration: 1 }
$data merge entity $(bone_log) { transformation: [-0.9691236223025206f,-0.07874076667271747f,0.23366492325343652f,0.9365436592800078f,-0.20066206215256316f,0.8025736856519298f,-0.5617919685361819f,1.7186004508521813f,-0.1432973883499717f,-0.591333552881003f,-0.7935934020197039f,2.35577563136466f,0f,0f,0f,1f], start_interpolation: 0, interpolation_duration: 1 }
$data merge entity $(bone_planks) { transformation: [-0.9691236223025206f,-0.07874076667271747f,0.23366492325343652f,0.8456883196891466f,-0.20066206215256316f,0.8025736856519298f,-0.5617919685361819f,1.6997883825253783f,-0.1432973883499717f,-0.591333552881003f,-0.7935934020197039f,2.3423415012068505f,0f,0f,0f,1f], start_interpolation: 0, interpolation_duration: 1 }
$data merge entity $(bone_lefthand1) { transformation: [-0.9691236223025206f,-0.07874076667271747f,0.23366492325343652f,1.1518373443357888f,-0.20066206215256316f,0.8025736856519298f,-0.5617919685361819f,1.98696538682006f,-0.1432973883499717f,-0.591333552881003f,-0.7935934020197039f,2.2685663840450183f,0f,0f,0f,1f], start_interpolation: 0, interpolation_duration: 1 }
$data merge entity $(bone_leftforearm) { transformation: [-0.9822167505361192f,-0.07874076667271747f,0.17044103564007085f,1.0324210546786508f,-0.1638749960064974f,0.8025736856519298f,-0.5736030550676556f,2.5499953700290994f,-0.09162554583814335f,-0.591333552881003f,-0.8012049604108753f,1.859577210567099f,0f,0f,0f,1f], start_interpolation: 0, interpolation_duration: 1 }
$data merge entity $(bone_leftelbow) { transformation: [-0.9912310034980082f,-0.12919006690047846f,-0.027767324656541678f,1.008197917134811f,-0.1251123658516417f,0.985174028549968f,-0.11738411043080677f,2.7347155003822183f,0.04252050817354909f,-0.11288073389589892f,-0.9926983158542108f,1.8384120729616178f,0f,0f,0f,1f], start_interpolation: 0, interpolation_duration: 1 }
$data merge entity $(bone_leftarm) { transformation: [-0.9912310034980082f,-0.12919006690047846f,-0.027767324656541678f,0.7276388305648994f,-0.1251123658516417f,0.985174028549968f,-0.11738411043080677f,3.2036024380781183f,0.04252050817354909f,-0.11288073389589892f,-0.9926983158542108f,1.8222948895470763f,0f,0f,0f,1f], start_interpolation: 0, interpolation_duration: 1 }
$data merge entity $(bone_rightthumb2) { transformation: [-0.8787968764485875f,-0.07161299327028156f,0.4717919341606813f,-1.0412725927254596f,-0.1610165621163942f,0.9751925828703276f,-0.1518982983410834f,1.5605735898487811f,-0.4492101030346751f,-0.20945406539279685f,-0.8685270737415193f,1.8789132102982373f,0f,0f,0f,1f], start_interpolation: 0, interpolation_duration: 1 }
$data merge entity $(bone_rightthumb) { transformation: [-0.8787968764485875f,-0.07161299327028156f,0.4717919341606813f,-1.0185169830140102f,-0.1610165621163942f,0.9751925828703276f,-0.1518982983410834f,1.7867514080228744f,-0.4492101030346751f,-0.20945406539279685f,-0.8685270737415193f,1.7533240192618784f,0f,0f,0f,1f], start_interpolation: 0, interpolation_duration: 1 }
$data merge entity $(bone_rightpointerfinger) { transformation: [-0.8787968764485875f,-0.07161299327028156f,0.4717919341606813f,-1.0690221310449812f,-0.1610165621163942f,0.9751925828703276f,-0.1518982983410834f,1.442034922552329f,-0.4492101030346751f,-0.20945406539279685f,-0.8685270737415193f,1.7322065728678384f,0f,0f,0f,1f], start_interpolation: 0, interpolation_duration: 1 }
$data merge entity $(bone_rightmidfinger) { transformation: [-0.8787968764485875f,-0.07161299327028156f,0.4717919341606813f,-0.9953046413323748f,-0.1610165621163942f,0.9751925828703276f,-0.1518982983410834f,1.418300813436535f,-0.4492101030346751f,-0.20945406539279685f,-0.8685270737415193f,1.596499217595726f,0f,0f,0f,1f], start_interpolation: 0, interpolation_duration: 1 }
$data merge entity $(bone_rightringfinger) { transformation: [-0.8787968764485875f,-0.07161299327028156f,0.4717919341606813f,-0.9215871516197683f,-0.1610165621163942f,0.9751925828703276f,-0.1518982983410834f,1.3945667043207406f,-0.4492101030346751f,-0.20945406539279685f,-0.8685270737415193f,1.4607918623236136f,0f,0f,0f,1f], start_interpolation: 0, interpolation_duration: 1 }
$data merge entity $(bone_hugeasssword) { transformation: [-2.995121229322799f,1.544213913181889f,-1.9962289422240975f,-0.7837923592550053f,-2.0677249671068965f,-3.277721837404821f,0.5668604720565107f,1.6615302420558167f,-1.4470798387927497f,1.4873535977409076f,3.321749086433908f,1.6868460297086112f,0f,0f,0f,1f], start_interpolation: 0, interpolation_duration: 1 }
$data merge entity $(bone_ice) { transformation: [-0.8787968764485875f,-0.07161299327028156f,0.4717919341606813f,-0.768942205040648f,-0.1610165621163942f,0.9751925828703276f,-0.1518982983410834f,1.6488087417315365f,-0.4492101030346751f,-0.20945406539279685f,-0.8685270737415193f,1.6971376573402903f,0f,0f,0f,1f], start_interpolation: 0, interpolation_duration: 1 }
$data merge entity $(bone_righthand1) { transformation: [-0.8787968764485875f,-0.07161299327028156f,0.4717919341606813f,-0.991801174527844f,-0.1610165621163942f,0.9751925828703276f,-0.1518982983410834f,1.847605925096861f,-0.4492101030346751f,-0.20945406539279685f,-0.8685270737415193f,1.505330144179f,0f,0f,0f,1f], start_interpolation: 0, interpolation_duration: 1 }
$data merge entity $(bone_rightforearm) { transformation: [-0.9981142457958805f,-0.028464097091142792f,0.054385177356579516f,-0.9502826208290078f,-0.02229115016206695f,0.9935796661352941f,0.11091686827047388f,2.5458767486666427f,-0.057193154868155294f,0.10949539816477893f,-0.9923405165652381f,1.6013989887642017f,0f,0f,0f,1f], start_interpolation: 0, interpolation_duration: 1 }
$data merge entity $(bone_rightelbow) { transformation: [-0.9977312123727681f,-0.028638086868767516f,0.060928546984672205f,-0.9556522621169017f,-0.022186481647260625f,0.9943249124356668f,0.10404676132354818f,2.7323126697483304f,-0.06356247233456429f,0.1024589112293341f,-0.9927043787656108f,1.6206100346197019f,0f,0f,0f,1f], start_interpolation: 0, interpolation_duration: 1 }
$data merge entity $(bone_rightarm) { transformation: [-0.9977312123727681f,-0.04563419631740332f,0.0494969492355961f,-0.7617624372326727f,-0.022186481647260625f,0.9170170589915141f,0.39823042770570644f,3.1832297912386225f,-0.06356247233456429f,0.3962287642827295f,-0.915949004293197f,1.861252113968415f,0f,0f,0f,1f], start_interpolation: 0, interpolation_duration: 1 }
$data merge entity $(bone_chest1) { transformation: [-1.082861713879289f,-0.00453448172073425f,-0.03163950380527866f,-0.026900463604757473f,-0.014811830599215144f,1.0214706189701395f,0.3605405599459947f,3.0788013421753337f,0.028323654422056314f,0.36081619166466966f,-1.0210879284096426f,1.6848293225367634f,0f,0f,0f,1f], start_interpolation: 0, interpolation_duration: 1 }
$data merge entity $(bone_chest1lid) { transformation: [-0.9995646589654976f,-0.004185675434523924f,-0.029205695820257227f,-0.3538892495812867f,-0.013672459014660134f,0.9428959559724365f,0.33280667071937975f,2.2994778470392654f,0.02614491177420583f,0.33306109999815664f,-0.9425427031473624f,1.834960718936865f,0f,0f,0f,1f], start_interpolation: 0, interpolation_duration: 1 }
$data merge entity $(bone_chest2) { transformation: [-0.9995646589654976f,-0.004185675434523924f,-0.029205695820257227f,-0.35323523779464233f,-0.013672459014660134f,0.9428959559724365f,0.33280667071937975f,2.152150353918572f,0.02614491177420583f,0.33306109999815664f,-0.9425427031473624f,1.782919922062153f,0f,0f,0f,1f], start_interpolation: 0, interpolation_duration: 1 }
$data merge entity $(bone_chest1lid3) { transformation: [-0.9995646589654976f,-0.004185675434523924f,-0.029205695820257227f,-0.3101263572807954f,-0.013672459014660134f,0.9428959559724365f,0.33280667071937975f,2.513536649157284f,0.02614491177420583f,0.33306109999815664f,-0.9425427031473624f,1.229510242747198f,0f,0f,0f,1f], start_interpolation: 0, interpolation_duration: 1 }
$data merge entity $(bone_chest3) { transformation: [-0.9995646589654976f,-0.004185675434523924f,-0.029205695820257227f,-0.30947234549415104f,-0.013672459014660134f,0.9428959559724365f,0.33280667071937975f,2.3662091560365908f,0.02614491177420583f,0.33306109999815664f,-0.9425427031473624f,1.177469445872486f,0f,0f,0f,1f], start_interpolation: 0, interpolation_duration: 1 }
$data merge entity $(bone_hugeasssword2) { transformation: [0.11438897529600661f,2.8753368928834724f,-2.6569965548588366f,-1.2710101009368804f,-1.303492793650904f,2.5344423695659892f,2.686593789545914f,4.244169609713106f,3.6916255873271697f,0.8058023365253616f,1.0309514514366698f,1.8537837851669117f,0f,0f,0f,1f], start_interpolation: 0, interpolation_duration: 1 }
$data merge entity $(bone_belt) { transformation: [-0.9995646589654976f,-0.004185675434523924f,-0.029205695820257227f,0.01060472165902884f,-0.013672459014660134f,0.9428959559724365f,0.33280667071937975f,2.660090282590655f,0.02614491177420583f,0.33306109999815664f,-0.9425427031473624f,1.6747049019302571f,0f,0f,0f,1f], start_interpolation: 0, interpolation_duration: 1 }
$data merge entity $(bone_torn_part) { transformation: [-0.9995646589654976f,0.004769420497548977f,-0.029116063870415713f,-0.11175312824394674f,-0.013672459014660134f,0.7996112149802838f,0.6003623645284963f,2.391317106462583f,0.02614491177420583f,0.6004990903455826f,-0.7991979017004779f,1.5781756894140258f,0f,0f,0f,1f], start_interpolation: 0, interpolation_duration: 1 }
$data merge entity $(bone_lowerbody) { transformation: [-0.9995646589654976f,-0.004206692090812335f,-0.029202676056171023f,-0.00797871682398137f,-0.013672459014660134f,0.9431352145528985f,0.3321280339488835f,1.8854315612832642f,0.02614491177420583f,0.3323827173784934f,-0.9427821449181182f,1.5459049657827189f,0f,0f,0f,1f], start_interpolation: 0, interpolation_duration: 1 }
$data merge entity $(bone_leftfoot) { transformation: [-0.9940239093859458f,-0.003939381070146457f,0.10909147008756173f,0.2258506404000913f,-0.04010440017176509f,0.9426428046808781f,-0.33138524389331314f,0.413994524416178f,-0.10152883657338015f,-0.33377990361936394f,-0.9371674723782853f,2.6192800382240398f,0f,0f,0f,1f], start_interpolation: 0, interpolation_duration: 1 }
$data merge entity $(bone_leftlowerleg) { transformation: [-0.9940239093859458f,-0.003939381070146457f,0.10909147008756173f,0.20471896242162535f,-0.04010440017176509f,0.9426428046808781f,-0.33138524389331314f,1.5106547787727929f,-0.10152883657338015f,-0.33377990361936394f,-0.9371674723782853f,2.39298463966954f,0f,0f,0f,1f], start_interpolation: 0, interpolation_duration: 1 }
$data merge entity $(bone_leftleg) { transformation: [-0.9940239093859458f,0.08125487499052238f,0.07289796196983687f,0.25809062031737134f,-0.04010440017176509f,0.3492680507758008f,-0.9361642301402759f,1.9048782920774978f,-0.10152883657338015f,-0.9334931569098658f,-0.3439221152332439f,1.406931761044529f,0f,0f,0f,1f], start_interpolation: 0, interpolation_duration: 1 }
$data merge entity $(bone_rightfoot) { transformation: [-0.9855210212373494f,-0.08390819313110764f,0.1473354398125739f,-0.322801599768984f,0.02577419680911361f,0.78472552821663f,0.6193073034802479f,0.37968779270242314f,-0.16758283765987772f,0.6141378188082897f,-0.7712008376754134f,1.269830349143485f,0f,0f,0f,1f], start_interpolation: 0, interpolation_duration: 1 }
$data merge entity $(bone_rightlowerleg) { transformation: [-0.9855210212373494f,-0.08390819313110764f,0.1473354398125739f,-0.43852469725845933f,0.02577419680911361f,0.78472552821663f,0.6193073034802479f,1.1550888178574596f,-0.16758283765987772f,0.6141378188082897f,-0.7712008376754134f,2.0696311265890937f,0f,0f,0f,1f], start_interpolation: 0, interpolation_duration: 1 }
$data merge entity $(bone_rightleg) { transformation: [-0.9701475343033813f,0.16474830713487496f,0.17796560617507623f,-0.2377970685509846f,-0.016461720618180974f,0.6874036002703475f,-0.7260890455651106f,1.9048782920774978f,-0.24195613949507128f,-0.7073431173281868f,-0.6641708672691723f,1.3429364484911817f,0f,0f,0f,1f], start_interpolation: 0, interpolation_duration: 1 }
data modify entity @s data merge value {"locators":{"lefthand":{"posx":1.0298996068413404,"posy":1.6834894494958048,"posz":2.4278075922478566,"roty":16.406490109695483,"rotx":-34.17981511560615},"righthand":{"posx":-0.8575822081591156,"posy":1.6208494658373551,"posz":1.6718676654797633,"roty":28.511218260720995,"rotx":-8.736951780585096},"chest":{"posx":-0.38030065048738554,"posy":2.1881185431468766,"posz":1.9622337260466995,"roty":358.2251967379765,"rotx":19.43921779402035},"sack":{"posx":0,"posy":-0.4375,"posz":0,"roty":0,"rotx":0}},"cameras":{}}