# This file was generated by Animated Java via MC-Build. It is not recommended to edit this file directly.
$data merge entity $(bone_nose) {transformation: [-0.9806f,-0.1268f,0.1496f,-0.7599f,-0.0946f,0.974f,0.2058f,2.5333f,-0.1718f,0.1877f,-0.9671f,1.2916f,0f,0f,0f,1f],start_interpolation: 0,interpolation_duration: 1}
$data merge entity $(bone_glowing_eye) {transformation: [-0.9806f,-0.1268f,0.1496f,-0.8963f,-0.0946f,0.974f,0.2058f,2.5802f,-0.1718f,0.1877f,-0.9671f,1.3166f,0f,0f,0f,1f],start_interpolation: 0,interpolation_duration: 1}
$data merge entity $(bone_head) {transformation: [-0.9806f,-0.1268f,0.1496f,-0.7162f,-0.0946f,0.974f,0.2058f,2.4515f,-0.1718f,0.1877f,-0.9671f,1.0873f,0f,0f,0f,1f],start_interpolation: 0,interpolation_duration: 1}
$data merge entity $(bone_leftthumb2) {transformation: [-0.3865f,-0.0868f,0.9182f,0.3038f,-0.8633f,-0.3163f,-0.3933f,2.2144f,0.3246f,-0.9447f,0.0473f,3.1791f,0f,0f,0f,1f],start_interpolation: 0,interpolation_duration: 1}
$data merge entity $(bone_leftthumb) {transformation: [-0.3865f,-0.0868f,0.9182f,0.361f,-0.8633f,-0.3163f,-0.3933f,2.1032f,0.3246f,-0.9447f,0.0473f,2.9515f,0f,0f,0f,1f],start_interpolation: 0,interpolation_duration: 1}
$data merge entity $(bone_leftpointerfinger) {transformation: [-0.3926f,-0.0528f,0.9182f,0.4748f,-0.8876f,-0.2399f,-0.3933f,2.283f,0.241f,-0.9694f,0.0473f,3.2282f,0f,0f,0f,1f],start_interpolation: 0,interpolation_duration: 1}
$data merge entity $(bone_leftmidfinger) {transformation: [-0.3781f,0.1181f,0.9182f,0.6182f,-0.9058f,0.1577f,-0.3933f,2.2215f,-0.1912f,-0.9804f,0.0473f,3.2356f,0f,0f,0f,1f],start_interpolation: 0,interpolation_duration: 1}
$data merge entity $(bone_leftringfinger) {transformation: [-0.242f,0.3136f,0.9182f,0.7617f,-0.6515f,0.6487f,-0.3933f,2.1601f,-0.719f,-0.6934f,0.0473f,3.243f,0f,0f,0f,1f],start_interpolation: 0,interpolation_duration: 1}
$data merge entity $(bone_invisibility) {transformation: [-0.0064f,-0.9223f,0.3865f,0.3641f,-0.3494f,0.3642f,0.8633f,2.0988f,-0.9369f,-0.1295f,-0.3246f,3.1842f,0f,0f,0f,1f],start_interpolation: 0,interpolation_duration: 1}
$data merge entity $(bone_swiftness) {transformation: [0.9182f,-0.0868f,0.3865f,0.5279f,-0.3933f,-0.3163f,0.8633f,2.0229f,0.0473f,-0.9447f,-0.3246f,3.3379f,0f,0f,0f,1f],start_interpolation: 0,interpolation_duration: 1}
$data merge entity $(bone_suspicious_stew) {transformation: [0.3094f,-0.8688f,0.3865f,0.5403f,-0.4529f,0.2228f,0.8633f,2.0399f,-0.8362f,-0.4421f,-0.3246f,3.2374f,0f,0f,0f,1f],start_interpolation: 0,interpolation_duration: 1}
$data merge entity $(bone_log) {transformation: [-0.3865f,-0.0868f,0.9182f,0.5363f,-0.8633f,-0.3163f,-0.3933f,1.901f,0.3246f,-0.9447f,0.0473f,3.1519f,0f,0f,0f,1f],start_interpolation: 0,interpolation_duration: 1}
$data merge entity $(bone_planks) {transformation: [-0.3865f,-0.0868f,0.9182f,0.5f,-0.8633f,-0.3163f,-0.3933f,1.82f,0.3246f,-0.9447f,0.0473f,3.1824f,0f,0f,0f,1f],start_interpolation: 0,interpolation_duration: 1}
$data merge entity $(bone_lefthand1) {transformation: [-0.3865f,-0.0868f,0.9182f,0.5825f,-0.8633f,-0.3163f,-0.3933f,2.05f,0.3246f,-0.9447f,0.0473f,2.8332f,0f,0f,0f,1f],start_interpolation: 0,interpolation_duration: 1}
$data merge entity $(bone_leftforearm) {transformation: [-0.3963f,-0.0398f,0.9173f,0.5135f,-0.9095f,0.1541f,-0.3862f,2.0903f,-0.126f,-0.9873f,-0.0973f,2.1177f,0f,0f,0f,1f],start_interpolation: 0,interpolation_duration: 1}
$data merge entity $(bone_leftelbow) {transformation: [-0.3963f,-0.0398f,0.9173f,0.506f,-0.9095f,0.1541f,-0.3862f,2.1192f,-0.126f,-0.9873f,-0.0973f,1.9326f,0f,0f,0f,1f],start_interpolation: 0,interpolation_duration: 1}
$data merge entity $(bone_leftarm) {transformation: [-0.4544f,-0.3639f,0.8131f,0.1327f,-0.8908f,0.1815f,-0.4166f,2.0335f,0.004f,-0.9136f,-0.4066f,1.5024f,0f,0f,0f,1f],start_interpolation: 0,interpolation_duration: 1}
$data merge entity $(bone_rightthumb2) {transformation: [-0.4479f,0.4098f,0.7946f,-1.5729f,0.8256f,0.5308f,0.1916f,2.1722f,-0.3433f,0.7419f,-0.576f,-1.3715f,0f,0f,0f,1f],start_interpolation: 0,interpolation_duration: 1}
$data merge entity $(bone_rightthumb) {transformation: [-0.4479f,0.4098f,0.7946f,-1.4045f,0.8256f,0.5308f,0.1916f,2.3188f,-0.3433f,0.7419f,-0.576f,-1.2388f,0f,0f,0f,1f],start_interpolation: 0,interpolation_duration: 1}
$data merge entity $(bone_rightpointerfinger) {transformation: [-0.1329f,0.4492f,0.8835f,-1.5134f,0.9418f,0.3349f,-0.0286f,2.4292f,-0.3087f,0.8283f,-0.4676f,-1.5515f,0f,0f,0f,1f],start_interpolation: 0,interpolation_duration: 1}
$data merge entity $(bone_rightmidfinger) {transformation: [0.0288f,0.4676f,0.8835f,-1.3753f,0.9996f,-0.0075f,-0.0286f,2.4247f,-0.0068f,0.8839f,-0.4676f,-1.6245f,0f,0f,0f,1f],start_interpolation: 0,interpolation_duration: 1}
$data merge entity $(bone_rightringfinger) {transformation: [0.2055f,0.421f,0.8835f,-1.2373f,0.9206f,-0.3894f,-0.0286f,2.4203f,0.332f,0.8192f,-0.4676f,-1.6976f,0f,0f,0f,1f],start_interpolation: 0,interpolation_duration: 1}
$data merge entity $(bone_hugeasssword) {transformation: [0.1126f,1.8313f,3.4604f,-1.3018f,3.915f,-0.0292f,-0.112f,2.1581f,-0.0265f,3.4621f,-1.8313f,-1.4359f,0f,0f,0f,1f],start_interpolation: 0,interpolation_duration: 1}
$data merge entity $(bone_ice) {transformation: [0.0288f,0.4676f,0.8835f,-1.3095f,0.9996f,-0.0075f,-0.0286f,2.1426f,-0.0068f,0.8839f,-0.4676f,-1.4496f,0f,0f,0f,1f],start_interpolation: 0,interpolation_duration: 1}
$data merge entity $(bone_righthand1) {transformation: [0.0288f,0.4676f,0.8835f,-1.1579f,0.9996f,-0.0075f,-0.0286f,2.3898f,-0.0068f,0.8839f,-0.4676f,-1.2449f,0f,0f,0f,1f],start_interpolation: 0,interpolation_duration: 1}
$data merge entity $(bone_rightforearm) {transformation: [-0.5443f,0.104f,0.8324f,-1.0128f,0.8009f,0.3598f,0.4787f,2.5624f,-0.2497f,0.9272f,-0.2792f,-0.5676f,0f,0f,0f,1f],start_interpolation: 0,interpolation_duration: 1}
$data merge entity $(bone_rightelbow) {transformation: [-0.5443f,0.104f,0.8324f,-0.9933f,0.8009f,0.3598f,0.4787f,2.6299f,-0.2497f,0.9272f,-0.2792f,-0.3938f,0f,0f,0f,1f],start_interpolation: 0,interpolation_duration: 1}
$data merge entity $(bone_rightarm) {transformation: [-0.4413f,-0.2127f,0.8718f,-1.0793f,0.8846f,0.0602f,0.4624f,2.4058f,-0.1508f,0.9753f,0.1616f,0.1279f,0f,0f,0f,1f],start_interpolation: 0,interpolation_duration: 1}
$data merge entity $(bone_chest1) {transformation: [-0.8017f,-0.6567f,0.3157f,-0.2962f,0.2256f,0.2226f,1.0359f,2.3952f,-0.6928f,0.8324f,-0.0279f,0.5792f,0f,0f,0f,1f],start_interpolation: 0,interpolation_duration: 1}
$data merge entity $(bone_chest1lid) {transformation: [-0.74f,-0.6061f,0.2914f,-0.2486f,0.2083f,0.2054f,0.9563f,1.9517f,-0.6395f,0.7684f,-0.0258f,-0.1542f,0f,0f,0f,1f],start_interpolation: 0,interpolation_duration: 1}
$data merge entity $(bone_chest2) {transformation: [-0.74f,-0.6061f,0.2914f,-0.1539f,0.2083f,0.2054f,0.9563f,1.9196f,-0.6395f,0.7684f,-0.0258f,-0.2742f,0f,0f,0f,1f],start_interpolation: 0,interpolation_duration: 1}
$data merge entity $(bone_chest1lid3) {transformation: [-0.74f,-0.6061f,0.2914f,-0.0157f,0.2083f,0.2054f,0.9563f,2.5513f,-0.6395f,0.7684f,-0.0258f,-0.1307f,0f,0f,0f,1f],start_interpolation: 0,interpolation_duration: 1}
$data merge entity $(bone_chest3) {transformation: [-0.74f,-0.6061f,0.2914f,0.079f,0.2083f,0.2054f,0.9563f,2.5192f,-0.6395f,0.7684f,-0.0258f,-0.2508f,0f,0f,0f,1f],start_interpolation: 0,interpolation_duration: 1}
$data merge entity $(bone_hugeasssword2) {transformation: [-1.1414f,0.5331f,-3.7085f,-1.834f,-3.7453f,-0.0579f,1.1444f,3.1436f,0.101f,3.8798f,0.5267f,0.676f,0f,0f,0f,1f],start_interpolation: 0,interpolation_duration: 1}
$data merge entity $(bone_belt) {transformation: [-0.74f,-0.6061f,0.2914f,-0.0692f,0.2083f,0.2054f,0.9563f,2.1816f,-0.6395f,0.7684f,-0.0258f,0.297f,0f,0f,0f,1f],start_interpolation: 0,interpolation_duration: 1}
$data merge entity $(bone_torn_part) {transformation: [-0.6377f,-0.6522f,0.4098f,0.0378f,0.2124f,0.3625f,0.9074f,2.0822f,-0.7404f,0.6657f,-0.0926f,-0.015f,0f,0f,0f,1f],start_interpolation: 0,interpolation_duration: 1}
$data merge entity $(bone_lowerbody) {transformation: [-0.6377f,-0.4988f,0.587f,0.2611f,0.2124f,0.6186f,0.7564f,1.653f,-0.7404f,0.6071f,-0.2885f,-0.1985f,0f,0f,0f,1f],start_interpolation: 0,interpolation_duration: 1}
$data merge entity $(bone_leftfoot) {transformation: [-0.9673f,0.0305f,0.2516f,0.2229f,0.2096f,0.6544f,0.7265f,0.406f,-0.1425f,0.7555f,-0.6395f,-0.5401f,0f,0f,0f,1f],start_interpolation: 0,interpolation_duration: 1}
$data merge entity $(bone_leftlowerleg) {transformation: [-0.9673f,0.0305f,0.2516f,0.2181f,0.2096f,0.6544f,0.7265f,1.0204f,-0.1425f,0.7555f,-0.6395f,0.3963f,0f,0f,0f,1f],start_interpolation: 0,interpolation_duration: 1}
$data merge entity $(bone_leftleg) {transformation: [-0.9312f,0.3511f,0.0982f,0.5193f,0.1724f,0.6614f,-0.73f,1.6019f,-0.3212f,-0.6628f,-0.6764f,-0.1941f,0f,0f,0f,1f],start_interpolation: 0,interpolation_duration: 1}
$data merge entity $(bone_rightfoot) {transformation: [-0.9219f,0.0373f,0.3857f,-0.3318f,0.1867f,0.9149f,0.3579f,0.41f,-0.3395f,0.402f,-0.8504f,-0.4325f,0f,0f,0f,1f],start_interpolation: 0,interpolation_duration: 1}
$data merge entity $(bone_rightlowerleg) {transformation: [-0.9219f,0.0373f,0.3857f,-0.3497f,0.1867f,0.9149f,0.3579f,1.37f,-0.3395f,0.402f,-0.8504f,0.144f,0f,0f,0f,1f],start_interpolation: 0,interpolation_duration: 1}
$data merge entity $(bone_rightleg) {transformation: [-0.8613f,0.5073f,-0.0277f,0.1333f,0.2523f,0.3799f,-0.89f,1.7072f,-0.441f,-0.7735f,-0.4552f,-0.5087f,0f,0f,0f,1f],start_interpolation: 0,interpolation_duration: 1}
data modify entity @s data merge value {"cameras":{},"locators":{"lefthand":{"posx":0.5649510937895927,"posy":2.0127578569124602,"posz":3.1945818971817665,"roty":92.95086315664025,"rotx":-23.15965364061113},"sword":{"posx":-4.585841749727333,"posy":2.3423224214027023,"posz":0.2674375863140974,"roty":62.11099606996923,"rotx":-1.6380477941228233},"righthand":{"posx":-1.3279567657550737,"posy":2.236913637612521,"posz":-1.4567232732079907,"roty":62.11099606996923,"rotx":-1.6380477941228233},"chest":{"posx":-0.2793847746758904,"posy":1.7959931187247145,"posz":-0.21814740642037198,"roty":84.94358697885802,"rotx":72.98931325666403}}}