# This file was generated by Animated Java via MC-Build. It is not recommended to edit this file directly.
$data merge entity $(bone_nose) {transformation: [-0.9503f,-0.0992f,0.2951f,-0.8439f,-0.0312f,0.9735f,0.2267f,2.5643f,-0.3098f,0.2063f,-0.9282f,1.3118f,0f,0f,0f,1f],start_interpolation: 0,interpolation_duration: 1}
$data merge entity $(bone_glowing_eye) {transformation: [-0.9503f,-0.0992f,0.2951f,-0.9797f,-0.0312f,0.9735f,0.2267f,2.6184f,-0.3098f,0.2063f,-0.9282f,1.3195f,0f,0f,0f,1f],start_interpolation: 0,interpolation_duration: 1}
$data merge entity $(bone_head) {transformation: [-0.9503f,-0.0992f,0.2951f,-0.7764f,-0.0312f,0.9735f,0.2267f,2.4865f,-0.3098f,0.2063f,-0.9282f,1.1126f,0f,0f,0f,1f],start_interpolation: 0,interpolation_duration: 1}
$data merge entity $(bone_leftthumb2) {transformation: [-0.2581f,0.092f,0.9617f,0.0801f,-0.9335f,-0.2801f,-0.2238f,2.1626f,0.2488f,-0.9556f,0.1582f,3.2376f,0f,0f,0f,1f],start_interpolation: 0,interpolation_duration: 1}
$data merge entity $(bone_leftthumb) {transformation: [-0.2581f,0.092f,0.9617f,0.1849f,-0.9335f,-0.2801f,-0.2238f,2.0748f,0.2488f,-0.9556f,0.1582f,3.0168f,0f,0f,0f,1f],start_interpolation: 0,interpolation_duration: 1}
$data merge entity $(bone_leftpointerfinger) {transformation: [-0.2491f,0.1141f,0.9617f,0.228f,-0.9544f,-0.1976f,-0.2238f,2.2584f,0.1645f,-0.9736f,0.1582f,3.3105f,0f,0f,0f,1f],start_interpolation: 0,interpolation_duration: 1}
$data merge entity $(bone_leftmidfinger) {transformation: [-0.1776f,0.2087f,0.9617f,0.3783f,-0.9485f,0.2242f,-0.2238f,2.2234f,-0.2623f,-0.9519f,0.1582f,3.3352f,0f,0f,0f,1f],start_interpolation: 0,interpolation_duration: 1}
$data merge entity $(bone_leftringfinger) {transformation: [-0.0257f,0.2728f,0.9617f,0.5285f,-0.6484f,0.7277f,-0.2238f,2.1884f,-0.7609f,-0.6293f,0.1582f,3.36f,0f,0f,0f,1f],start_interpolation: 0,interpolation_duration: 1}
$data merge entity $(bone_invisibility) {transformation: [0.1754f,-0.95f,0.2581f,0.1596f,-0.2985f,0.1985f,0.9335f,2.0597f,-0.9381f,-0.2408f,-0.2488f,3.2477f,0f,0f,0f,1f],start_interpolation: 0,interpolation_duration: 1}
$data merge entity $(bone_swiftness) {transformation: [0.9617f,0.092f,0.2581f,0.314f,-0.2238f,-0.2801f,0.9335f,2.007f,0.1582f,-0.9556f,-0.2488f,3.4197f,0f,0f,0f,1f],start_interpolation: 0,interpolation_duration: 1}
$data merge entity $(bone_suspicious_stew) {transformation: [0.4898f,-0.8328f,0.2581f,0.3356f,-0.3484f,0.0844f,0.9335f,2.0308f,-0.7992f,-0.5472f,-0.2488f,3.3222f,0f,0f,0f,1f],start_interpolation: 0,interpolation_duration: 1}
$data merge entity $(bone_log) {transformation: [-0.2581f,0.092f,0.9617f,0.368f,-0.9335f,-0.2801f,-0.2238f,1.8978f,0.2488f,-0.9556f,0.1582f,3.2335f,0f,0f,0f,1f],start_interpolation: 0,interpolation_duration: 1}
$data merge entity $(bone_planks) {transformation: [-0.2581f,0.092f,0.9617f,0.3438f,-0.9335f,-0.2801f,-0.2238f,1.8103f,0.2488f,-0.9556f,0.1582f,3.2568f,0f,0f,0f,1f],start_interpolation: 0,interpolation_duration: 1}
$data merge entity $(bone_lefthand1) {transformation: [-0.2581f,0.092f,0.9617f,0.4255f,-0.9335f,-0.2801f,-0.2238f,2.0682f,0.2488f,-0.9556f,0.1582f,2.9274f,0f,0f,0f,1f],start_interpolation: 0,interpolation_duration: 1}
$data merge entity $(bone_leftforearm) {transformation: [-0.351f,0.0292f,0.9359f,0.4081f,-0.9218f,0.1651f,-0.3509f,2.118f,-0.1647f,-0.9858f,-0.031f,2.2105f,0f,0f,0f,1f],start_interpolation: 0,interpolation_duration: 1}
$data merge entity $(bone_leftelbow) {transformation: [-0.351f,0.0292f,0.9359f,0.4136f,-0.9218f,0.1651f,-0.3509f,2.149f,-0.1647f,-0.9858f,-0.031f,2.0257f,0f,0f,0f,1f],start_interpolation: 0,interpolation_duration: 1}
$data merge entity $(bone_leftarm) {transformation: [-0.428f,-0.3359f,0.839f,0.0514f,-0.9031f,0.1955f,-0.3824f,2.0673f,-0.0356f,-0.9214f,-0.3871f,1.582f,0f,0f,0f,1f],start_interpolation: 0,interpolation_duration: 1}
$data merge entity $(bone_rightthumb2) {transformation: [-0.367f,0.4066f,0.8366f,-1.4702f,0.8558f,0.5001f,0.1323f,2.2091f,-0.3646f,0.7646f,-0.5315f,-1.3748f,0f,0f,0f,1f],start_interpolation: 0,interpolation_duration: 1}
$data merge entity $(bone_rightthumb) {transformation: [-0.367f,0.4066f,0.8366f,-1.2989f,0.8558f,0.5001f,0.1323f,2.3431f,-0.3646f,0.7646f,-0.5315f,-1.2327f,0f,0f,0f,1f],start_interpolation: 0,interpolation_duration: 1}
$data merge entity $(bone_rightpointerfinger) {transformation: [-0.0467f,0.4268f,0.9031f,-1.3823f,0.9487f,0.3019f,-0.0937f,2.4609f,-0.3126f,0.8524f,-0.419f,-1.5505f,0f,0f,0f,1f],start_interpolation: 0,interpolation_duration: 1}
$data merge entity $(bone_rightmidfinger) {transformation: [0.1021f,0.4171f,0.9031f,-1.2412f,0.9948f,-0.0408f,-0.0937f,2.4462f,-0.0022f,0.908f,-0.419f,-1.616f,0f,0f,0f,1f],start_interpolation: 0,interpolation_duration: 1}
$data merge entity $(bone_rightringfinger) {transformation: [0.254f,0.3462f,0.9031f,-1.1001f,0.9034f,-0.4184f,-0.0937f,2.4316f,0.3454f,0.8397f,-0.419f,-1.6815f,0f,0f,0f,1f],start_interpolation: 0,interpolation_duration: 1}
$data merge entity $(bone_hugeasssword) {transformation: [0.4f,1.6335f,3.5372f,-1.1977f,3.8962f,-0.1597f,-0.3669f,2.1752f,-0.0088f,3.5562f,-1.6413f,-1.4244f,0f,0f,0f,1f],start_interpolation: 0,interpolation_duration: 1}
$data merge entity $(bone_ice) {transformation: [0.1021f,0.4171f,0.9031f,-1.2058f,0.9948f,-0.0408f,-0.0937f,2.1603f,-0.0022f,0.908f,-0.419f,-1.4386f,0f,0f,0f,1f],start_interpolation: 0,interpolation_duration: 1}
$data merge entity $(bone_righthand1) {transformation: [0.1021f,0.4171f,0.9031f,-1.0478f,0.9948f,-0.0408f,-0.0937f,2.3958f,-0.0022f,0.908f,-0.419f,-1.2252f,0f,0f,0f,1f],start_interpolation: 0,interpolation_duration: 1}
$data merge entity $(bone_rightforearm) {transformation: [-0.5609f,0.0512f,0.8263f,-0.9353f,0.7695f,0.4005f,0.4975f,2.5937f,-0.3055f,0.9149f,-0.264f,-0.5482f,0f,0f,0f,1f],start_interpolation: 0,interpolation_duration: 1}
$data merge entity $(bone_rightelbow) {transformation: [-0.5609f,0.0512f,0.8263f,-0.9257f,0.7695f,0.4005f,0.4975f,2.6688f,-0.3055f,0.9149f,-0.264f,-0.3766f,0f,0f,0f,1f],start_interpolation: 0,interpolation_duration: 1}
$data merge entity $(bone_rightarm) {transformation: [-0.4514f,-0.3142f,0.8352f,-1.0665f,0.869f,0.0576f,0.4914f,2.4393f,-0.2024f,0.9476f,0.247f,0.1349f,0f,0f,0f,1f],start_interpolation: 0,interpolation_duration: 1}
$data merge entity $(bone_chest1) {transformation: [-0.7539f,-0.7115f,0.3147f,-0.3231f,0.2215f,0.2237f,1.0366f,2.4296f,-0.7457f,0.7857f,-0.0102f,0.634f,0f,0f,0f,1f],start_interpolation: 0,interpolation_duration: 1}
$data merge entity $(bone_chest1lid) {transformation: [-0.6959f,-0.6567f,0.2905f,-0.2255f,0.2045f,0.2065f,0.9568f,1.9838f,-0.6884f,0.7253f,-0.0094f,-0.0931f,0f,0f,0f,1f],start_interpolation: 0,interpolation_duration: 1}
$data merge entity $(bone_chest2) {transformation: [-0.6959f,-0.6567f,0.2905f,-0.1229f,0.2045f,0.2065f,0.9568f,1.9515f,-0.6884f,0.7253f,-0.0094f,-0.2064f,0f,0f,0f,1f],start_interpolation: 0,interpolation_duration: 1}
$data merge entity $(bone_chest1lid3) {transformation: [-0.6959f,-0.6567f,0.2905f,0.0041f,0.2045f,0.2065f,0.9568f,2.584f,-0.6884f,0.7253f,-0.0094f,-0.0561f,0f,0f,0f,1f],start_interpolation: 0,interpolation_duration: 1}
$data merge entity $(bone_chest3) {transformation: [-0.6959f,-0.6567f,0.2905f,0.1067f,0.2045f,0.2065f,0.9568f,2.5517f,-0.6884f,0.7253f,-0.0094f,-0.1694f,0f,0f,0f,1f],start_interpolation: 0,interpolation_duration: 1}
$data merge entity $(bone_hugeasssword2) {transformation: [-1.1377f,0.2718f,-3.7379f,-1.8656f,-3.7476f,-0.0441f,1.1374f,3.1746f,0.0368f,3.907f,0.2729f,0.6249f,0f,0f,0f,1f],start_interpolation: 0,interpolation_duration: 1}
$data merge entity $(bone_belt) {transformation: [-0.6959f,-0.6567f,0.2905f,-0.0772f,0.2045f,0.2065f,0.9568f,2.2155f,-0.6884f,0.7253f,-0.0094f,0.3683f,0f,0f,0f,1f],start_interpolation: 0,interpolation_duration: 1}
$data merge entity $(bone_torn_part) {transformation: [-0.5664f,-0.7194f,0.4021f,0.0555f,0.1833f,0.3657f,0.9125f,2.1128f,-0.8035f,0.5906f,-0.0752f,0.0665f,0f,0f,0f,1f],start_interpolation: 0,interpolation_duration: 1}
$data merge entity $(bone_lowerbody) {transformation: [-0.5664f,-0.5652f,0.5998f,0.3024f,0.1833f,0.6232f,0.7603f,1.6837f,-0.8035f,0.5406f,-0.2493f,-0.0839f,0f,0f,0f,1f],start_interpolation: 0,interpolation_duration: 1}
$data merge entity $(bone_leftfoot) {transformation: [-0.9709f,-0.0028f,0.2393f,0.3113f,0.0692f,0.954f,0.2918f,0.184f,-0.2291f,0.2999f,-0.926f,0.1563f,0f,0f,0f,1f],start_interpolation: 0,interpolation_duration: 1}
$data merge entity $(bone_leftlowerleg) {transformation: [-0.9709f,-0.0028f,0.2393f,0.2715f,0.0692f,0.954f,0.2918f,1.1974f,-0.2291f,0.2999f,-0.926f,0.6313f,0f,0f,0f,1f],start_interpolation: 0,interpolation_duration: 1}
$data merge entity $(bone_leftleg) {transformation: [-0.9356f,0.3096f,0.1699f,0.5356f,-0.0214f,0.4304f,-0.9024f,1.5995f,-0.3525f,-0.8478f,-0.3961f,-0.1281f,0f,0f,0f,1f],start_interpolation: 0,interpolation_duration: 1}
$data merge entity $(bone_rightfoot) {transformation: [-0.7676f,0.0068f,0.6409f,-0.3803f,0.6324f,0.1705f,0.7556f,0.9961f,-0.1042f,0.9853f,-0.1352f,-1.7701f,0f,0f,0f,1f],start_interpolation: 0,interpolation_duration: 1}
$data merge entity $(bone_rightlowerleg) {transformation: [-0.7676f,0.0068f,0.6409f,-0.4713f,0.6324f,0.1705f,0.7556f,1.0692f,-0.1042f,0.9853f,-0.1352f,-0.6562f,0f,0f,0f,1f],start_interpolation: 0,interpolation_duration: 1}
$data merge entity $(bone_rightleg) {transformation: [-0.7503f,0.6445f,0.1475f,0.1297f,0.6079f,0.7602f,-0.2294f,1.7185f,-0.26f,-0.0825f,-0.9621f,-0.6938f,0f,0f,0f,1f],start_interpolation: 0,interpolation_duration: 1}
data modify entity @s data merge value {"cameras":{},"locators":{"lefthand":{"posx":0.36999283914980213,"posy":2.010727673365623,"posz":3.2823162569394584,"roty":99.33839351350093,"rotx":-12.930650907613797},"sword":{"posx":-4.547120729499366,"posy":2.6010321868206687,"posz":0.0988087027818727,"roty":65.10883897977163,"rotx":-5.374870535213539},"righthand":{"posx":-1.2168637790619456,"posy":2.255617944746284,"posz":-1.4464206961862671,"roty":65.10883897977163,"rotx":-5.374870535213539},"chest":{"posx":-0.25159335571644714,"posy":1.8277876841167358,"posz":-0.15845410534280685,"roty":88.14552549448013,"rotx":73.10468738678607}}}