# This file was generated by Animated Java via MC-Build. It is not recommended to edit this file directly.
$data merge entity $(bone_nose) {transformation: [-0.992f,0.0025f,0.1262f,-0.8561f,0.0284f,0.9785f,0.2042f,2.5335f,-0.123f,0.2062f,-0.9708f,1.2818f,0f,0f,0f,1f],start_interpolation: 0,interpolation_duration: 1}
$data merge entity $(bone_glowing_eye) {transformation: [-0.992f,-0.0039f,0.1262f,-0.9848f,0.0284f,0.9669f,0.2537f,2.5937f,-0.123f,0.2553f,-0.959f,1.3172f,0f,0f,0f,1f],start_interpolation: 0,interpolation_duration: 1}
$data merge entity $(bone_head) {transformation: [-0.992f,-0.0039f,0.1262f,-0.832f,0.0284f,0.9669f,0.2537f,2.4616f,-0.123f,0.2553f,-0.959f,1.0707f,0f,0f,0f,1f],start_interpolation: 0,interpolation_duration: 1}
$data merge entity $(bone_leftthumb2) {transformation: [-0.4736f,-0.674f,0.567f,1.1356f,-0.8807f,0.3631f,-0.3041f,0.9795f,-0.001f,-0.6434f,-0.7656f,2.2153f,0f,0f,0f,1f],start_interpolation: 0,interpolation_duration: 1}
$data merge entity $(bone_leftthumb) {transformation: [-0.4736f,-0.674f,0.567f,1.0187f,-0.8807f,0.3631f,-0.3041f,1.0426f,-0.001f,-0.6434f,-0.7656f,1.9921f,0f,0f,0f,1f],start_interpolation: 0,interpolation_duration: 1}
$data merge entity $(bone_leftpointerfinger) {transformation: [-0.2145f,-0.7953f,0.567f,1.3183f,-0.9518f,0.04f,-0.3041f,1.0055f,0.2191f,-0.6049f,-0.7656f,2.1674f,0f,0f,0f,1f],start_interpolation: 0,interpolation_duration: 1}
$data merge entity $(bone_leftmidfinger) {transformation: [-0.4736f,-0.674f,0.567f,1.4069f,-0.8807f,0.3631f,-0.3041f,0.958f,-0.001f,-0.6434f,-0.7656f,2.0478f,0f,0f,0f,1f],start_interpolation: 0,interpolation_duration: 1}
$data merge entity $(bone_leftringfinger) {transformation: [-0.6955f,-0.4414f,0.567f,1.4954f,-0.6747f,0.6725f,-0.3041f,0.9105f,-0.2471f,-0.594f,-0.7656f,1.9282f,0f,0f,0f,1f],start_interpolation: 0,interpolation_duration: 1}
$data merge entity $(bone_invisibility) {transformation: [-0.622f,-0.6236f,0.4736f,1.138f,0.3352f,0.3345f,0.8807f,0.8896f,-0.7076f,0.7066f,0.001f,2.1208f,0f,0f,0f,1f],start_interpolation: 0,interpolation_duration: 1}
$data merge entity $(bone_swiftness) {transformation: [0.567f,-0.674f,0.4736f,1.3109f,-0.3041f,0.3631f,0.8807f,0.7376f,-0.7656f,-0.6434f,0.001f,2.0643f,0f,0f,0f,1f],start_interpolation: 0,interpolation_duration: 1}
$data merge entity $(bone_suspicious_stew) {transformation: [-0.3712f,-0.7987f,0.4736f,1.2759f,0.2006f,0.429f,0.8807f,0.8156f,-0.9066f,0.4219f,0.001f,2.0074f,0f,0f,0f,1f],start_interpolation: 0,interpolation_duration: 1}
$data merge entity $(bone_log) {transformation: [-0.4736f,-0.674f,0.567f,1.1739f,-0.8807f,0.3631f,-0.3041f,0.7642f,-0.001f,-0.6434f,-0.7656f,1.891f,0f,0f,0f,1f],start_interpolation: 0,interpolation_duration: 1}
$data merge entity $(bone_planks) {transformation: [-0.4736f,-0.674f,0.567f,1.1295f,-0.8807f,0.3631f,-0.3041f,0.6816f,-0.001f,-0.6434f,-0.7656f,1.8909f,0f,0f,0f,1f],start_interpolation: 0,interpolation_duration: 1}
$data merge entity $(bone_lefthand1) {transformation: [-0.4736f,-0.674f,0.567f,1.1061f,-0.8807f,0.3631f,-0.3041f,1.0846f,-0.001f,-0.6434f,-0.7656f,1.7543f,0f,0f,0f,1f],start_interpolation: 0,interpolation_duration: 1}
$data merge entity $(bone_leftforearm) {transformation: [-0.7847f,-0.4591f,0.4166f,0.7112f,-0.5634f,0.8084f,-0.1704f,1.618f,-0.2586f,-0.3684f,-0.893f,1.4758f,0f,0f,0f,1f],start_interpolation: 0,interpolation_duration: 1}
$data merge entity $(bone_leftelbow) {transformation: [-0.7847f,-0.4591f,0.4166f,0.6251f,-0.5634f,0.8084f,-0.1704f,1.7695f,-0.2586f,-0.3684f,-0.893f,1.4067f,0f,0f,0f,1f],start_interpolation: 0,interpolation_duration: 1}
$data merge entity $(bone_leftarm) {transformation: [-0.7508f,-0.6397f,0.1647f,0.0977f,-0.6447f,0.7639f,0.028f,2.0016f,-0.1438f,-0.0852f,-0.9859f,1.4206f,0f,0f,0f,1f],start_interpolation: 0,interpolation_duration: 1}
$data merge entity $(bone_rightthumb2) {transformation: [-0.6294f,0.2322f,0.7415f,-1.4461f,0.6463f,0.6862f,0.3338f,1.8762f,-0.4313f,0.6894f,-0.582f,-1.3591f,0f,0f,0f,1f],start_interpolation: 0,interpolation_duration: 1}
$data merge entity $(bone_rightthumb) {transformation: [-0.6294f,0.2322f,0.7415f,-1.3258f,0.6463f,0.6862f,0.3338f,2.073f,-0.4313f,0.6894f,-0.582f,-1.2397f,0f,0f,0f,1f],start_interpolation: 0,interpolation_duration: 1}
$data merge entity $(bone_rightpointerfinger) {transformation: [-0.2077f,0.4288f,0.8792f,-1.4469f,0.9757f,0.1544f,0.1551f,2.1216f,-0.0693f,0.8901f,-0.4505f,-1.5635f,0f,0f,0f,1f],start_interpolation: 0,interpolation_duration: 1}
$data merge entity $(bone_rightmidfinger) {transformation: [-0.1499f,0.4523f,0.8792f,-1.3096f,0.9876f,0.0258f,0.1551f,2.1458f,0.0475f,0.8915f,-0.4505f,-1.6338f,0f,0f,0f,1f],start_interpolation: 0,interpolation_duration: 1}
$data merge entity $(bone_rightringfinger) {transformation: [-0.13f,0.4584f,0.8792f,-1.1722f,0.9877f,-0.0173f,0.1551f,2.1701f,0.0864f,0.8886f,-0.4505f,-1.7042f,0f,0f,0f,1f],start_interpolation: 0,interpolation_duration: 1}
$data merge entity $(bone_hugeasssword) {transformation: [-0.8858f,1.6425f,3.4435f,-1.178f,3.7916f,0.771f,0.6076f,1.9262f,-0.4231f,3.471f,-1.7645f,-1.4181f,0f,0f,0f,1f],start_interpolation: 0,interpolation_duration: 1}
$data merge entity $(bone_ice) {transformation: [-0.2262f,0.4194f,0.8792f,-1.181f,0.9681f,0.1969f,0.1551f,1.908f,-0.108f,0.8862f,-0.4505f,-1.4303f,0f,0f,0f,1f],start_interpolation: 0,interpolation_duration: 1}
$data merge entity $(bone_righthand1) {transformation: [-0.2262f,0.4194f,0.8792f,-1.1053f,0.9681f,0.1969f,0.1551f,2.2041f,-0.108f,0.8862f,-0.4505f,-1.2498f,0f,0f,0f,1f],start_interpolation: 0,interpolation_duration: 1}
$data merge entity $(bone_rightforearm) {transformation: [-0.5567f,-0.026f,0.8303f,-1.0548f,0.7448f,0.4271f,0.5128f,2.4427f,-0.368f,0.9038f,-0.2184f,-0.5819f,0f,0f,0f,1f],start_interpolation: 0,interpolation_duration: 1}
$data merge entity $(bone_rightelbow) {transformation: [-0.5567f,-0.026f,0.8303f,-1.0597f,0.7448f,0.4271f,0.5128f,2.5228f,-0.368f,0.9038f,-0.2184f,-0.4124f,0f,0f,0f,1f],start_interpolation: 0,interpolation_duration: 1}
$data merge entity $(bone_rightarm) {transformation: [-0.4667f,-0.3465f,0.8137f,-1.2056f,0.8443f,0.0994f,0.5265f,2.3208f,-0.2633f,0.9328f,0.2462f,0.1062f,0f,0f,0f,1f],start_interpolation: 0,interpolation_duration: 1}
$data merge entity $(bone_chest1) {transformation: [-0.8019f,-0.6723f,0.2663f,-0.4099f,0.1563f,0.2484f,0.9907f,2.372f,-0.7114f,0.8124f,-0.0825f,0.5718f,0f,0f,0f,1f],start_interpolation: 0,interpolation_duration: 1}
$data merge entity $(bone_chest1lid) {transformation: [-0.7402f,-0.6206f,0.2588f,-0.3349f,0.1443f,0.2293f,0.9626f,1.9059f,-0.6567f,0.7499f,-0.0802f,-0.1351f,0f,0f,0f,1f],start_interpolation: 0,interpolation_duration: 1}
$data merge entity $(bone_chest2) {transformation: [-0.7402f,-0.6206f,0.2588f,-0.238f,0.1443f,0.2293f,0.9626f,1.8701f,-0.6567f,0.7499f,-0.0802f,-0.2522f,0f,0f,0f,1f],start_interpolation: 0,interpolation_duration: 1}
$data merge entity $(bone_chest1lid3) {transformation: [-0.7402f,-0.6206f,0.2588f,-0.1229f,0.1443f,0.2293f,0.9626f,2.5135f,-0.6567f,0.7499f,-0.0802f,-0.1454f,0f,0f,0f,1f],start_interpolation: 0,interpolation_duration: 1}
$data merge entity $(bone_chest3) {transformation: [-0.7402f,-0.6206f,0.2588f,-0.0259f,0.1443f,0.2293f,0.9626f,2.4777f,-0.6567f,0.7499f,-0.0802f,-0.2626f,0f,0f,0f,1f],start_interpolation: 0,interpolation_duration: 1}
$data merge entity $(bone_hugeasssword2) {transformation: [-1.0136f,0.4954f,-3.7507f,-1.9686f,-3.7702f,0.1901f,1.044f,3.0889f,0.314f,3.8806f,0.4277f,0.61f,0f,0f,0f,1f],start_interpolation: 0,interpolation_duration: 1}
$data merge entity $(bone_belt) {transformation: [-0.7402f,-0.6206f,0.2588f,-0.1681f,0.1443f,0.2293f,0.9626f,2.1681f,-0.6567f,0.7499f,-0.0802f,0.3031f,0f,0f,0f,1f],start_interpolation: 0,interpolation_duration: 1}
$data merge entity $(bone_torn_part) {transformation: [-0.6391f,-0.6778f,0.3636f,-0.0396f,0.132f,0.369f,0.92f,2.0754f,-0.7577f,0.636f,-0.1463f,-0.0107f,0f,0f,0f,1f],start_interpolation: 0,interpolation_duration: 1}
$data merge entity $(bone_lowerbody) {transformation: [-0.6391f,-0.5371f,0.5505f,0.2076f,0.132f,0.6286f,0.7665f,1.6478f,-0.7577f,0.5625f,-0.3308f,-0.1649f,0f,0f,0f,1f],start_interpolation: 0,interpolation_duration: 1}
$data merge entity $(bone_leftfoot) {transformation: [-0.961f,-0.0421f,0.2732f,0.3432f,-0.0502f,0.9985f,-0.0227f,0.1367f,-0.2719f,-0.0355f,-0.9617f,0.5067f,0f,0f,0f,1f],start_interpolation: 0,interpolation_duration: 1}
$data merge entity $(bone_leftlowerleg) {transformation: [-0.961f,-0.049f,0.2721f,0.247f,-0.0502f,0.9987f,0.0027f,1.2443f,-0.2719f,-0.011f,-0.9623f,0.6423f,0f,0f,0f,1f],start_interpolation: 0,interpolation_duration: 1}
$data merge entity $(bone_leftleg) {transformation: [-0.9186f,0.3766f,0.1196f,0.5634f,0.044f,0.3981f,-0.9163f,1.5589f,-0.3927f,-0.8364f,-0.3823f,-0.0984f,0f,0f,0f,1f],start_interpolation: 0,interpolation_duration: 1}
$data merge entity $(bone_rightfoot) {transformation: [-0.4186f,-0.0115f,0.9081f,-0.2846f,0.0988f,0.9934f,0.0582f,0.2091f,-0.9028f,0.1141f,-0.4147f,-0.2439f,0f,0f,0f,1f],start_interpolation: 0,interpolation_duration: 1}
$data merge entity $(bone_rightlowerleg) {transformation: [-0.4186f,-0.0346f,0.9075f,-0.4624f,0.0988f,0.9916f,0.0834f,1.2963f,-0.9028f,0.1246f,-0.4117f,-0.0424f,0f,0f,0f,1f],start_interpolation: 0,interpolation_duration: 1}
$data merge entity $(bone_rightleg) {transformation: [-0.5531f,0.7761f,0.3028f,0.2344f,0.0818f,0.4123f,-0.9074f,1.675f,-0.8291f,-0.4771f,-0.2915f,-0.4532f,0f,0f,0f,1f],start_interpolation: 0,interpolation_duration: 1}
data modify entity @s data merge value {"cameras":{},"locators":{"lefthand":{"posx":1.2620612557461675,"posy":0.8231082669119686,"posz":1.953336696568415,"roty":36.52332288337999,"rotx":-17.701273711595285},"sword":{"posx":-4.464573627565671,"posy":1.4212392248407497,"posz":0.21402101731294643,"roty":62.8694317628359,"rotx":8.9246677395312},"righthand":{"posx":-1.222542349723135,"posy":1.9933021980316334,"posz":-1.4471934174289078,"roty":62.8694317628359,"rotx":8.9246677395312},"chest":{"posx":-0.35972918314831187,"posy":1.745661353585732,"posz":-0.18992919389422735,"roty":72.78532653069477,"rotx":74.28084537043522}}}