# This file was generated by Animated Java via MC-Build. It is not recommended to edit this file directly.
$data merge entity $(bone_nose) {transformation: [-0.9895f,0.0019f,0.1447f,-0.8784f,0.0284f,0.983f,0.1813f,2.5363f,-0.1419f,0.1835f,-0.9727f,1.2921f,0f,0f,0f,1f],start_interpolation: 0,interpolation_duration: 1}
$data merge entity $(bone_glowing_eye) {transformation: [-0.9895f,-0.0083f,0.1444f,-1.0077f,0.0284f,0.9677f,0.2504f,2.5966f,-0.1419f,0.2519f,-0.9573f,1.3248f,0f,0f,0f,1f],start_interpolation: 0,interpolation_duration: 1}
$data merge entity $(bone_head) {transformation: [-0.9895f,-0.0083f,0.1444f,-0.8503f,0.0284f,0.9677f,0.2504f,2.4637f,-0.1419f,0.2519f,-0.9573f,1.0817f,0f,0f,0f,1f],start_interpolation: 0,interpolation_duration: 1}
$data merge entity $(bone_leftthumb2) {transformation: [-0.4759f,-0.6557f,0.5862f,1.0869f,-0.8795f,0.3615f,-0.3096f,0.99f,-0.0089f,-0.6628f,-0.7487f,2.2807f,0f,0f,0f,1f],start_interpolation: 0,interpolation_duration: 1}
$data merge entity $(bone_leftthumb) {transformation: [-0.4759f,-0.6557f,0.5862f,0.9762f,-0.8795f,0.3615f,-0.3096f,1.0522f,-0.0089f,-0.6628f,-0.7487f,2.0541f,0f,0f,0f,1f],start_interpolation: 0,interpolation_duration: 1}
$data merge entity $(bone_leftpointerfinger) {transformation: [-0.2229f,-0.7789f,0.5862f,1.2708f,-0.9501f,0.0389f,-0.3096f,1.0153f,0.2184f,-0.6259f,-0.7487f,2.2375f,0f,0f,0f,1f],start_interpolation: 0,interpolation_duration: 1}
$data merge entity $(bone_leftmidfinger) {transformation: [-0.4759f,-0.6557f,0.5862f,1.3624f,-0.8795f,0.3615f,-0.3096f,0.9669f,-0.0089f,-0.6628f,-0.7487f,2.1205f,0f,0f,0f,1f],start_interpolation: 0,interpolation_duration: 1}
$data merge entity $(bone_leftringfinger) {transformation: [-0.6906f,-0.4237f,0.5862f,1.454f,-0.6742f,0.6705f,-0.3096f,0.9185f,-0.2619f,-0.609f,-0.7487f,2.0035f,0f,0f,0f,1f],start_interpolation: 0,interpolation_duration: 1}
$data merge entity $(bone_invisibility) {transformation: [-0.6021f,-0.6411f,0.4759f,1.0916f,0.3332f,0.3399f,0.8795f,0.8996f,-0.7256f,0.6881f,0.0089f,2.1867f,0f,0f,0f,1f],start_interpolation: 0,interpolation_duration: 1}
$data merge entity $(bone_swiftness) {transformation: [0.5862f,-0.6557f,0.4759f,1.2655f,-0.3096f,0.3615f,0.8795f,0.7468f,-0.7487f,-0.6628f,0.0089f,2.1356f,0f,0f,0f,1f],start_interpolation: 0,interpolation_duration: 1}
$data merge entity $(bone_suspicious_stew) {transformation: [-0.3466f,-0.8083f,0.4759f,1.2322f,0.1968f,0.4334f,0.8795f,0.8246f,-0.9172f,0.3984f,0.0089f,2.0774f,0f,0f,0f,1f],start_interpolation: 0,interpolation_duration: 1}
$data merge entity $(bone_log) {transformation: [-0.4759f,-0.6557f,0.5862f,1.1331f,-0.8795f,0.3615f,-0.3096f,0.7728f,-0.0089f,-0.6628f,-0.7487f,1.9586f,0f,0f,0f,1f],start_interpolation: 0,interpolation_duration: 1}
$data merge entity $(bone_planks) {transformation: [-0.4759f,-0.6557f,0.5862f,1.0885f,-0.8795f,0.3615f,-0.3096f,0.6903f,-0.0089f,-0.6628f,-0.7487f,1.9578f,0f,0f,0f,1f],start_interpolation: 0,interpolation_duration: 1}
$data merge entity $(bone_lefthand1) {transformation: [-0.4759f,-0.6557f,0.5862f,1.0698f,-0.8795f,0.3615f,-0.3096f,1.0927f,-0.0089f,-0.6628f,-0.7487f,1.8185f,0f,0f,0f,1f],start_interpolation: 0,interpolation_duration: 1}
$data merge entity $(bone_leftforearm) {transformation: [-0.7779f,-0.4496f,0.4391f,0.6821f,-0.5655f,0.8056f,-0.1769f,1.6239f,-0.2742f,-0.3859f,-0.8808f,1.5261f,0f,0f,0f,1f],start_interpolation: 0,interpolation_duration: 1}
$data merge entity $(bone_leftelbow) {transformation: [-0.7779f,-0.4496f,0.4391f,0.5978f,-0.5655f,0.8056f,-0.1769f,1.7749f,-0.2742f,-0.3859f,-0.8808f,1.4537f,0f,0f,0f,1f],start_interpolation: 0,interpolation_duration: 1}
$data merge entity $(bone_leftarm) {transformation: [-0.7469f,-0.6373f,0.1897f,0.0703f,-0.6459f,0.7631f,0.0207f,2.0069f,-0.1579f,-0.1071f,-0.9816f,1.4525f,0f,0f,0f,1f],start_interpolation: 0,interpolation_duration: 1}
$data merge entity $(bone_rightthumb2) {transformation: [-0.6169f,0.1832f,0.7655f,-1.378f,0.6369f,0.6877f,0.3486f,1.8865f,-0.4625f,0.7025f,-0.5409f,-1.3767f,0f,0f,0f,1f],start_interpolation: 0,interpolation_duration: 1}
$data merge entity $(bone_rightthumb) {transformation: [-0.6169f,0.1832f,0.7655f,-1.2677f,0.6369f,0.6877f,0.3486f,2.0849f,-0.4625f,0.7025f,-0.5409f,-1.2506f,0f,0f,0f,1f],start_interpolation: 0,interpolation_duration: 1}
$data merge entity $(bone_rightpointerfinger) {transformation: [-0.1944f,0.3924f,0.899f,-1.3723f,0.9808f,0.0921f,0.1719f,2.1325f,-0.0153f,0.9152f,-0.4027f,-1.5802f,0f,0f,0f,1f],start_interpolation: 0,interpolation_duration: 1}
$data merge entity $(bone_rightmidfinger) {transformation: [-0.1695f,0.4038f,0.899f,-1.2318f,0.9846f,0.0304f,0.1719f,2.1594f,0.042f,0.9144f,-0.4027f,-1.6431f,0f,0f,0f,1f],start_interpolation: 0,interpolation_duration: 1}
$data merge entity $(bone_rightringfinger) {transformation: [-0.1517f,0.4108f,0.899f,-1.0913f,0.985f,-0.0125f,0.1719f,2.1863f,0.0819f,0.9116f,-0.4027f,-1.706f,0f,0f,0f,1f],start_interpolation: 0,interpolation_duration: 1}
$data merge entity $(bone_hugeasssword) {transformation: [-0.9282f,1.4422f,3.5212f,-1.1081f,3.7772f,0.7871f,0.6734f,1.9414f,-0.4597f,3.5554f,-1.5774f,-1.4213f,0f,0f,0f,1f],start_interpolation: 0,interpolation_duration: 1}
$data merge entity $(bone_ice) {transformation: [-0.237f,0.3682f,0.899f,-1.1102f,0.9644f,0.201f,0.1719f,1.9232f,-0.1174f,0.9078f,-0.4027f,-1.4336f,0f,0f,0f,1f],start_interpolation: 0,interpolation_duration: 1}
$data merge entity $(bone_righthand1) {transformation: [-0.237f,0.3682f,0.899f,-1.0493f,0.9644f,0.201f,0.1719f,2.2199f,-0.1174f,0.9078f,-0.4027f,-1.2486f,0f,0f,0f,1f],start_interpolation: 0,interpolation_duration: 1}
$data merge entity $(bone_rightforearm) {transformation: [-0.5453f,-0.0756f,0.8348f,-1.0347f,0.7457f,0.4111f,0.5243f,2.4473f,-0.3828f,0.9085f,-0.1678f,-0.5751f,0f,0f,0f,1f],start_interpolation: 0,interpolation_duration: 1}
$data merge entity $(bone_rightelbow) {transformation: [-0.5453f,-0.0756f,0.8348f,-1.0489f,0.7457f,0.4111f,0.5243f,2.5244f,-0.3828f,0.9085f,-0.1678f,-0.4047f,0f,0f,0f,1f],start_interpolation: 0,interpolation_duration: 1}
$data merge entity $(bone_rightarm) {transformation: [-0.4616f,-0.3937f,0.7949f,-1.2185f,0.8443f,0.0799f,0.5298f,2.312f,-0.2722f,0.9157f,0.2955f,0.1024f,0f,0f,0f,1f],start_interpolation: 0,interpolation_duration: 1}
$data merge entity $(bone_chest1) {transformation: [-0.7882f,-0.6876f,0.2617f,-0.4187f,0.1563f,0.2484f,0.9679f,2.3747f,-0.7266f,0.7994f,-0.0757f,0.5909f,0f,0f,0f,1f],start_interpolation: 0,interpolation_duration: 1}
$data merge entity $(bone_chest1lid) {transformation: [-0.7276f,-0.6348f,0.2603f,-0.3304f,0.1443f,0.2293f,0.9626f,1.908f,-0.6707f,0.7379f,-0.0752f,-0.1144f,0f,0f,0f,1f],start_interpolation: 0,interpolation_duration: 1}
$data merge entity $(bone_chest2) {transformation: [-0.7276f,-0.6348f,0.2603f,-0.2312f,0.1443f,0.2293f,0.9626f,1.8721f,-0.6707f,0.7379f,-0.0752f,-0.2297f,0f,0f,0f,1f],start_interpolation: 0,interpolation_duration: 1}
$data merge entity $(bone_chest1lid3) {transformation: [-0.7276f,-0.6348f,0.2603f,-0.1182f,0.1443f,0.2293f,0.9626f,2.5156f,-0.6707f,0.7379f,-0.0752f,-0.1206f,0f,0f,0f,1f],start_interpolation: 0,interpolation_duration: 1}
$data merge entity $(bone_chest3) {transformation: [-0.7276f,-0.6348f,0.2603f,-0.019f,0.1443f,0.2293f,0.9626f,2.4798f,-0.6707f,0.7379f,-0.0752f,-0.2359f,0f,0f,0f,1f],start_interpolation: 0,interpolation_duration: 1}
$data merge entity $(bone_hugeasssword2) {transformation: [-1.0194f,0.4214f,-3.7581f,-1.9779f,-3.7702f,0.1901f,1.044f,3.0909f,0.2947f,3.8893f,0.3561f,0.5995f,0f,0f,0f,1f],start_interpolation: 0,interpolation_duration: 1}
$data merge entity $(bone_belt) {transformation: [-0.7276f,-0.6348f,0.2603f,-0.1719f,0.1443f,0.2293f,0.9626f,2.1701f,-0.6707f,0.7379f,-0.0752f,0.3269f,0f,0f,0f,1f],start_interpolation: 0,interpolation_duration: 1}
$data merge entity $(bone_torn_part) {transformation: [-0.6246f,-0.7183f,0.3065f,-0.0315f,0.132f,0.2897f,0.948f,2.0857f,-0.7697f,0.6325f,-0.0861f,0.0121f,0f,0f,0f,1f],start_interpolation: 0,interpolation_duration: 1}
$data merge entity $(bone_lowerbody) {transformation: [-0.6246f,-0.5477f,0.5567f,0.2186f,0.132f,0.6286f,0.7665f,1.6581f,-0.7697f,0.5522f,-0.3203f,-0.1373f,0f,0f,0f,1f],start_interpolation: 0,interpolation_duration: 1}
$data merge entity $(bone_leftfoot) {transformation: [-0.9557f,-0.0443f,0.2911f,0.3504f,-0.0502f,0.9987f,-0.0127f,0.1382f,-0.2901f,-0.0267f,-0.9566f,0.5098f,0f,0f,0f,1f],start_interpolation: 0,interpolation_duration: 1}
$data merge entity $(bone_leftlowerleg) {transformation: [-0.9557f,-0.0546f,0.2893f,0.2454f,-0.0502f,0.9985f,0.0226f,1.2425f,-0.2901f,0.0071f,-0.957f,0.6648f,0f,0f,0f,1f],start_interpolation: 0,interpolation_duration: 1}
$data merge entity $(bone_leftleg) {transformation: [-0.911f,0.3925f,0.1268f,0.5759f,0.044f,0.3981f,-0.9163f,1.5571f,-0.4101f,-0.8291f,-0.38f,-0.0698f,0f,0f,0f,1f],start_interpolation: 0,interpolation_duration: 1}
$data merge entity $(bone_rightfoot) {transformation: [-0.3932f,0.0059f,0.9194f,-0.2844f,0.1026f,0.994f,0.0375f,0.2058f,-0.9137f,0.109f,-0.3914f,-0.2364f,0f,0f,0f,1f],start_interpolation: 0,interpolation_duration: 1}
$data merge entity $(bone_rightlowerleg) {transformation: [-0.3932f,-0.0266f,0.9191f,-0.4552f,0.1026f,0.9921f,0.0726f,1.2952f,-0.9137f,0.1228f,-0.3873f,-0.0406f,0f,0f,0f,1f],start_interpolation: 0,interpolation_duration: 1}
$data merge entity $(bone_rightleg) {transformation: [-0.5297f,0.7902f,0.3083f,0.2538f,0.0857f,0.4115f,-0.9074f,1.6731f,-0.8438f,-0.4542f,-0.2857f,-0.4308f,0f,0f,0f,1f],start_interpolation: 0,interpolation_duration: 1}
data modify entity @s data merge value {"cameras":{},"locators":{"lefthand":{"posx":1.2197890221384897,"posy":0.8318419129384635,"posz":2.0229454829435944,"roty":38.056805158545444,"rotx":-18.035708876942007},"sword":{"posx":-4.46733595897272,"posy":1.3737853792007315,"posz":0.03256391545842585,"roty":65.86940135899097,"rotx":9.899515332620123},"righthand":{"posx":-1.1521707999296151,"posy":2.0077432082231903,"posz":-1.452506348632749,"roty":65.86940135899097,"rotx":9.899515332620123},"chest":{"posx":-0.354116583493331,"posy":1.747728772770175,"posz":-0.1696782155825165,"roty":73.8765765306947,"rotx":74.28084537043523}}}