# This file was generated by Animated Java via MC-Build. It is not recommended to edit this file directly.
$data merge entity $(bone_nose) {transformation: [-0.9886f,0.0025f,0.1502f,-0.8848f,0.0284f,0.9849f,0.1707f,2.5383f,-0.1475f,0.173f,-0.9738f,1.2947f,0f,0f,0f,1f],start_interpolation: 0,interpolation_duration: 1}
$data merge entity $(bone_glowing_eye) {transformation: [-0.9886f,-0.009f,0.15f,-1.0142f,0.0284f,0.9691f,0.2452f,2.5989f,-0.1475f,0.2467f,-0.9578f,1.3263f,0f,0f,0f,1f],start_interpolation: 0,interpolation_duration: 1}
$data merge entity $(bone_head) {transformation: [-0.9886f,-0.009f,0.15f,-0.8556f,0.0284f,0.9691f,0.2452f,2.4646f,-0.1475f,0.2467f,-0.9578f,1.0849f,0f,0f,0f,1f],start_interpolation: 0,interpolation_duration: 1}
$data merge entity $(bone_leftthumb2) {transformation: [-0.4804f,-0.6455f,0.5938f,1.0675f,-0.8769f,0.3642f,-0.3136f,0.9958f,-0.0138f,-0.6714f,-0.741f,2.307f,0f,0f,0f,1f],start_interpolation: 0,interpolation_duration: 1}
$data merge entity $(bone_leftthumb) {transformation: [-0.4804f,-0.6455f,0.5938f,0.96f,-0.8769f,0.3642f,-0.3136f,1.0583f,-0.0138f,-0.6714f,-0.741f,2.079f,0f,0f,0f,1f],start_interpolation: 0,interpolation_duration: 1}
$data merge entity $(bone_leftpointerfinger) {transformation: [-0.2307f,-0.7708f,0.5938f,1.2522f,-0.9486f,0.0423f,-0.3136f,1.02f,0.2166f,-0.6356f,-0.741f,2.2661f,0f,0f,0f,1f],start_interpolation: 0,interpolation_duration: 1}
$data merge entity $(bone_leftmidfinger) {transformation: [-0.4804f,-0.6455f,0.5938f,1.3449f,-0.8769f,0.3642f,-0.3136f,0.971f,-0.0138f,-0.6714f,-0.741f,2.1503f,0f,0f,0f,1f],start_interpolation: 0,interpolation_duration: 1}
$data merge entity $(bone_leftringfinger) {transformation: [-0.6908f,-0.4125f,0.5938f,1.4377f,-0.6708f,0.672f,-0.3136f,0.922f,-0.2697f,-0.615f,-0.741f,2.0345f,0f,0f,0f,1f],start_interpolation: 0,interpolation_duration: 1}
$data merge entity $(bone_invisibility) {transformation: [-0.5912f,-0.6478f,0.4804f,1.0729f,0.3354f,0.3442f,0.8769f,0.9052f,-0.7334f,0.6796f,0.0138f,2.2132f,0f,0f,0f,1f],start_interpolation: 0,interpolation_duration: 1}
$data merge entity $(bone_swiftness) {transformation: [0.5938f,-0.6455f,0.4804f,1.2467f,-0.3136f,0.3642f,0.8769f,0.7514f,-0.741f,-0.6714f,0.0138f,2.1645f,0f,0f,0f,1f],start_interpolation: 0,interpolation_duration: 1}
$data merge entity $(bone_suspicious_stew) {transformation: [-0.334f,-0.811f,0.4804f,1.2145f,0.1975f,0.4381f,0.8769f,0.8293f,-0.9216f,0.3878f,0.0138f,2.1057f,0f,0f,0f,1f],start_interpolation: 0,interpolation_duration: 1}
$data merge entity $(bone_log) {transformation: [-0.4804f,-0.6455f,0.5938f,1.1167f,-0.8769f,0.3642f,-0.3136f,0.7779f,-0.0138f,-0.6714f,-0.741f,1.9858f,0f,0f,0f,1f],start_interpolation: 0,interpolation_duration: 1}
$data merge entity $(bone_planks) {transformation: [-0.4804f,-0.6455f,0.5938f,1.0716f,-0.8769f,0.3642f,-0.3136f,0.6957f,-0.0138f,-0.6714f,-0.741f,1.9845f,0f,0f,0f,1f],start_interpolation: 0,interpolation_duration: 1}
$data merge entity $(bone_lefthand1) {transformation: [-0.4804f,-0.6455f,0.5938f,1.0568f,-0.8769f,0.3642f,-0.3136f,1.098f,-0.0138f,-0.6714f,-0.741f,1.8445f,0f,0f,0f,1f],start_interpolation: 0,interpolation_duration: 1}
$data merge entity $(bone_leftforearm) {transformation: [-0.775f,-0.4456f,0.4482f,0.6721f,-0.567f,0.8034f,-0.1817f,1.6275f,-0.2791f,-0.3949f,-0.8753f,1.5452f,0f,0f,0f,1f],start_interpolation: 0,interpolation_duration: 1}
$data merge entity $(bone_leftelbow) {transformation: [-0.775f,-0.4456f,0.4482f,0.5886f,-0.567f,0.8034f,-0.1817f,1.7782f,-0.2791f,-0.3949f,-0.8753f,1.4712f,0f,0f,0f,1f],start_interpolation: 0,interpolation_duration: 1}
$data merge entity $(bone_leftarm) {transformation: [-0.7452f,-0.6362f,0.1998f,0.0611f,-0.6468f,0.7625f,0.0153f,2.0102f,-0.1621f,-0.1178f,-0.9797f,1.4633f,0f,0f,0f,1f],start_interpolation: 0,interpolation_duration: 1}
$data merge entity $(bone_rightthumb2) {transformation: [-0.6144f,0.1636f,0.7719f,-1.355f,0.6268f,0.6954f,0.3515f,1.8874f,-0.4793f,0.6997f,-0.5298f,-1.3789f,0f,0f,0f,1f],start_interpolation: 0,interpolation_duration: 1}
$data merge entity $(bone_rightthumb) {transformation: [-0.6144f,0.1636f,0.7719f,-1.2489f,0.6268f,0.6954f,0.3515f,2.088f,-0.4793f,0.6997f,-0.5298f,-1.2526f,0f,0f,0f,1f],start_interpolation: 0,interpolation_duration: 1}
$data merge entity $(bone_rightpointerfinger) {transformation: [-0.1927f,0.3802f,0.9046f,-1.3479f,0.9812f,0.0756f,0.1773f,2.1317f,-0.001f,0.9218f,-0.3877f,-1.5844f,0f,0f,0f,1f],start_interpolation: 0,interpolation_duration: 1}
$data merge entity $(bone_rightmidfinger) {transformation: [-0.1797f,0.3866f,0.9046f,-1.2066f,0.9833f,0.0423f,0.1773f,2.1594f,0.0303f,0.9213f,-0.3877f,-1.645f,0f,0f,0f,1f],start_interpolation: 0,interpolation_duration: 1}
$data merge entity $(bone_rightringfinger) {transformation: [-0.1627f,0.394f,0.9046f,-1.0652f,0.9842f,-0.0007f,0.1773f,2.1871f,0.0704f,0.9191f,-0.3877f,-1.7056f,0f,0f,0f,1f],start_interpolation: 0,interpolation_duration: 1}
$data merge entity $(bone_hugeasssword) {transformation: [-0.9561f,1.3688f,3.543f,-1.0849f,3.7638f,0.8318f,0.6944f,1.9445f,-0.5098f,3.5742f,-1.5184f,-1.419f,0f,0f,0f,1f],start_interpolation: 0,interpolation_duration: 1}
$data merge entity $(bone_ice) {transformation: [-0.2441f,0.3495f,0.9046f,-1.0865f,0.961f,0.2124f,0.1773f,1.9262f,-0.1302f,0.9126f,-0.3877f,-1.4312f,0f,0f,0f,1f],start_interpolation: 0,interpolation_duration: 1}
$data merge entity $(bone_righthand1) {transformation: [-0.2441f,0.3495f,0.9046f,-1.0319f,0.961f,0.2124f,0.1773f,2.225f,-0.1302f,0.9126f,-0.3877f,-1.2478f,0f,0f,0f,1f],start_interpolation: 0,interpolation_duration: 1}
$data merge entity $(bone_rightforearm) {transformation: [-0.5417f,-0.0909f,0.8357f,-1.0284f,0.7461f,0.406f,0.5277f,2.449f,-0.3873f,0.9093f,-0.1521f,-0.5729f,0f,0f,0f,1f],start_interpolation: 0,interpolation_duration: 1}
$data merge entity $(bone_rightelbow) {transformation: [-0.5417f,-0.0909f,0.8357f,-1.0455f,0.7461f,0.406f,0.5277f,2.5251f,-0.3873f,0.9093f,-0.1521f,-0.4024f,0f,0f,0f,1f],start_interpolation: 0,interpolation_duration: 1}
$data merge entity $(bone_rightarm) {transformation: [-0.46f,-0.408f,0.7886f,-1.2222f,0.8443f,0.0739f,0.5307f,2.3095f,-0.2748f,0.91f,0.3105f,0.1009f,0f,0f,0f,1f],start_interpolation: 0,interpolation_duration: 1}
$data merge entity $(bone_chest1) {transformation: [-0.784f,-0.6922f,0.2603f,-0.421f,0.1563f,0.2484f,0.9611f,2.376f,-0.7311f,0.7954f,-0.0736f,0.5964f,0f,0f,0f,1f],start_interpolation: 0,interpolation_duration: 1}
$data merge entity $(bone_chest1lid) {transformation: [-0.7237f,-0.639f,0.2607f,-0.3288f,0.1443f,0.2293f,0.9626f,1.9088f,-0.6749f,0.7343f,-0.0737f,-0.1082f,0f,0f,0f,1f],start_interpolation: 0,interpolation_duration: 1}
$data merge entity $(bone_chest2) {transformation: [-0.7237f,-0.639f,0.2607f,-0.229f,0.1443f,0.2293f,0.9626f,1.873f,-0.6749f,0.7343f,-0.0737f,-0.223f,0f,0f,0f,1f],start_interpolation: 0,interpolation_duration: 1}
$data merge entity $(bone_chest1lid3) {transformation: [-0.7237f,-0.639f,0.2607f,-0.1166f,0.1443f,0.2293f,0.9626f,2.5165f,-0.6749f,0.7343f,-0.0737f,-0.1133f,0f,0f,0f,1f],start_interpolation: 0,interpolation_duration: 1}
$data merge entity $(bone_chest3) {transformation: [-0.7237f,-0.639f,0.2607f,-0.0168f,0.1443f,0.2293f,0.9626f,2.4806f,-0.6749f,0.7343f,-0.0737f,-0.228f,0f,0f,0f,1f],start_interpolation: 0,interpolation_duration: 1}
$data merge entity $(bone_hugeasssword2) {transformation: [-1.021f,0.399f,-3.7601f,-1.9804f,-3.7702f,0.1901f,1.044f,3.0918f,0.2888f,3.8916f,0.3346f,0.5961f,0f,0f,0f,1f],start_interpolation: 0,interpolation_duration: 1}
$data merge entity $(bone_belt) {transformation: [-0.7237f,-0.639f,0.2607f,-0.1729f,0.1443f,0.2293f,0.9626f,2.171f,-0.6749f,0.7343f,-0.0737f,0.3339f,0f,0f,0f,1f],start_interpolation: 0,interpolation_duration: 1}
$data merge entity $(bone_torn_part) {transformation: [-0.6201f,-0.7373f,0.268f,-0.0291f,0.132f,0.2387f,0.9621f,2.0887f,-0.7733f,0.632f,-0.0507f,0.019f,0f,0f,0f,1f],start_interpolation: 0,interpolation_duration: 1}
$data merge entity $(bone_lowerbody) {transformation: [-0.6201f,-0.5509f,0.5586f,0.2219f,0.132f,0.6286f,0.7665f,1.6611f,-0.7733f,0.5491f,-0.3171f,-0.129f,0f,0f,0f,1f],start_interpolation: 0,interpolation_duration: 1}
$data merge entity $(bone_leftfoot) {transformation: [-0.954f,-0.0449f,0.2964f,0.3526f,-0.0502f,0.9987f,-0.01f,0.1387f,-0.2956f,-0.0244f,-0.955f,0.5114f,0f,0f,0f,1f],start_interpolation: 0,interpolation_duration: 1}
$data merge entity $(bone_leftlowerleg) {transformation: [-0.954f,-0.0562f,0.2945f,0.245f,-0.0502f,0.9984f,0.0281f,1.2419f,-0.2956f,0.012f,-0.9552f,0.6715f,0f,0f,0f,1f],start_interpolation: 0,interpolation_duration: 1}
$data merge entity $(bone_leftleg) {transformation: [-0.9086f,0.3972f,0.129f,0.5796f,0.044f,0.3981f,-0.9163f,1.5566f,-0.4153f,-0.8268f,-0.3792f,-0.0612f,0f,0f,0f,1f],start_interpolation: 0,interpolation_duration: 1}
$data merge entity $(bone_rightfoot) {transformation: [-0.3855f,0.011f,0.9227f,-0.2843f,0.1037f,0.9941f,0.0315f,0.2049f,-0.9169f,0.1078f,-0.3843f,-0.2342f,0f,0f,0f,1f],start_interpolation: 0,interpolation_duration: 1}
$data merge entity $(bone_rightlowerleg) {transformation: [-0.3855f,-0.0242f,0.9224f,-0.4528f,0.1037f,0.9922f,0.0694f,1.2949f,-0.9169f,0.1224f,-0.3799f,-0.0401f,0f,0f,0f,1f],start_interpolation: 0,interpolation_duration: 1}
$data merge entity $(bone_rightleg) {transformation: [-0.5226f,0.7943f,0.3099f,0.2597f,0.0869f,0.4112f,-0.9074f,1.6726f,-0.8482f,-0.4473f,-0.2839f,-0.424f,0f,0f,0f,1f],start_interpolation: 0,interpolation_duration: 1}
data modify entity @s data merge value {"cameras":{},"locators":{"lefthand":{"posx":1.2028362926444498,"posy":0.836605422677472,"posz":2.051111489162366,"roty":38.7089249999575,"rotx":-18.277288660191548},"sword":{"posx":-4.46464728531552,"posy":1.3564145609754144,"posz":-0.022076214866441957,"roty":66.80141139753468,"rotx":10.211970993230164},"righthand":{"posx":-1.12899198776228,"posy":2.01017279163538,"posz":-1.4516426392585924,"roty":66.80141139753468,"rotx":10.211970993230164},"chest":{"posx":-0.35225854360835585,"posy":1.7485800607455033,"posz":-0.16370056055829185,"roty":74.2053265306948,"rotx":74.2808453704352}}}