# This file was generated by Animated Java via MC-Build. It is not recommended to edit this file directly.
$data merge entity $(bone_nose) {transformation: [-0.9866f,0.0059f,0.1633f,-0.8989f,0.0284f,0.9904f,0.1356f,2.5467f,-0.1609f,0.1384f,-0.9772f,1.2991f,0f,0f,0f,1f],start_interpolation: 0,interpolation_duration: 1}
$data merge entity $(bone_glowing_eye) {transformation: [-0.9866f,-0.0082f,0.1632f,-1.0284f,0.0284f,0.9749f,0.2207f,2.6086f,-0.1609f,0.2223f,-0.9616f,1.3276f,0f,0f,0f,1f],start_interpolation: 0,interpolation_duration: 1}
$data merge entity $(bone_head) {transformation: [-0.9866f,-0.0082f,0.1632f,-0.8673f,0.0284f,0.9749f,0.2207f,2.4676f,-0.1609f,0.2223f,-0.9616f,1.0915f,0f,0f,0f,1f],start_interpolation: 0,interpolation_duration: 1}
$data merge entity $(bone_leftthumb2) {transformation: [-0.5f,-0.6068f,0.6179f,1.007f,-0.8654f,0.3766f,-0.3305f,1.0201f,-0.0321f,-0.7f,-0.7135f,2.3902f,0f,0f,0f,1f],start_interpolation: 0,interpolation_duration: 1}
$data merge entity $(bone_leftthumb) {transformation: [-0.5f,-0.6068f,0.6179f,0.911f,-0.8654f,0.3766f,-0.3305f,1.0842f,-0.0321f,-0.7f,-0.7135f,2.1576f,0f,0f,0f,1f],start_interpolation: 0,interpolation_duration: 1}
$data merge entity $(bone_leftpointerfinger) {transformation: [-0.2623f,-0.7412f,0.6179f,1.1937f,-0.942f,0.0579f,-0.3305f,1.0398f,0.2092f,-0.6687f,-0.7135f,2.3573f,0f,0f,0f,1f],start_interpolation: 0,interpolation_duration: 1}
$data merge entity $(bone_leftmidfinger) {transformation: [-0.5f,-0.6068f,0.6179f,1.2903f,-0.8654f,0.3766f,-0.3305f,0.9881f,-0.0321f,-0.7f,-0.7135f,2.2458f,0f,0f,0f,1f],start_interpolation: 0,interpolation_duration: 1}
$data merge entity $(bone_leftringfinger) {transformation: [-0.6942f,-0.3693f,0.6179f,1.3868f,-0.6554f,0.6791f,-0.3305f,0.9365f,-0.2976f,-0.6344f,-0.7135f,2.1344f,0f,0f,0f,1f],start_interpolation: 0,interpolation_duration: 1}
$data merge entity $(bone_invisibility) {transformation: [-0.5507f,-0.6684f,0.5f,1.0143f,0.3464f,0.3621f,0.8654f,0.929f,-0.7595f,0.6497f,0.0321f,2.297f,0f,0f,0f,1f],start_interpolation: 0,interpolation_duration: 1}
$data merge entity $(bone_swiftness) {transformation: [0.6179f,-0.6068f,0.5f,1.1863f,-0.3305f,0.3766f,0.8654f,0.771f,-0.7135f,-0.7f,0.0321f,2.2564f,0f,0f,0f,1f],start_interpolation: 0,interpolation_duration: 1}
$data merge entity $(bone_suspicious_stew) {transformation: [-0.2888f,-0.8164f,0.5f,1.1586f,0.2016f,0.4587f,0.8654f,0.8494f,-0.9359f,0.3508f,0.0321f,2.1961f,0f,0f,0f,1f],start_interpolation: 0,interpolation_duration: 1}
$data merge entity $(bone_log) {transformation: [-0.5f,-0.6068f,0.6179f,1.0648f,-0.8654f,0.3766f,-0.3305f,0.7998f,-0.0321f,-0.7f,-0.7135f,2.0721f,0f,0f,0f,1f],start_interpolation: 0,interpolation_duration: 1}
$data merge entity $(bone_planks) {transformation: [-0.5f,-0.6068f,0.6179f,1.018f,-0.8654f,0.3766f,-0.3305f,0.7187f,-0.0321f,-0.7f,-0.7135f,2.0691f,0f,0f,0f,1f],start_interpolation: 0,interpolation_duration: 1}
$data merge entity $(bone_lefthand1) {transformation: [-0.5f,-0.6068f,0.6179f,1.0188f,-0.8654f,0.3766f,-0.3305f,1.1207f,-0.0321f,-0.7f,-0.7135f,1.9275f,0f,0f,0f,1f],start_interpolation: 0,interpolation_duration: 1}
$data merge entity $(bone_leftforearm) {transformation: [-0.7656f,-0.4319f,0.4769f,0.6445f,-0.5736f,0.7939f,-0.2019f,1.643f,-0.2914f,-0.4281f,-0.8555f,1.6033f,0f,0f,0f,1f],start_interpolation: 0,interpolation_duration: 1}
$data merge entity $(bone_leftelbow) {transformation: [-0.7656f,-0.4319f,0.4769f,0.5636f,-0.5736f,0.7939f,-0.2019f,1.7918f,-0.2914f,-0.4281f,-0.8555f,1.5231f,0f,0f,0f,1f],start_interpolation: 0,interpolation_duration: 1}
$data merge entity $(bone_leftarm) {transformation: [-0.7397f,-0.6316f,0.2322f,0.0367f,-0.6506f,0.7593f,-0.0073f,2.0235f,-0.1717f,-0.1565f,-0.9726f,1.4923f,0f,0f,0f,1f],start_interpolation: 0,interpolation_duration: 1}
$data merge entity $(bone_rightthumb2) {transformation: [-0.6089f,0.1052f,0.7862f,-1.2938f,0.5823f,0.7324f,0.3529f,1.8848f,-0.5387f,0.6727f,-0.5072f,-1.3757f,0f,0f,0f,1f],start_interpolation: 0,interpolation_duration: 1}
$data merge entity $(bone_rightthumb) {transformation: [-0.6089f,0.1052f,0.7862f,-1.2008f,0.5823f,0.7324f,0.3529f,2.0946f,-0.5387f,0.6727f,-0.5072f,-1.2541f,0f,0f,0f,1f],start_interpolation: 0,interpolation_duration: 1}
$data merge entity $(bone_rightpointerfinger) {transformation: [-0.2124f,0.3376f,0.917f,-1.2841f,0.9769f,0.0978f,0.1902f,2.1194f,-0.0255f,0.9362f,-0.3505f,-1.5921f,0f,0f,0f,1f],start_interpolation: 0,interpolation_duration: 1}
$data merge entity $(bone_rightmidfinger) {transformation: [-0.2125f,0.3375f,0.917f,-1.1408f,0.9768f,0.0983f,0.1902f,2.1491f,-0.026f,0.9362f,-0.3505f,-1.6469f,0f,0f,0f,1f],start_interpolation: 0,interpolation_duration: 1}
$data merge entity $(bone_rightringfinger) {transformation: [-0.1976f,0.3464f,0.917f,-0.9975f,0.9802f,0.0556f,0.1902f,2.1788f,0.0149f,0.9364f,-0.3505f,-1.7016f,0f,0f,0f,1f],start_interpolation: 0,interpolation_duration: 1}
$data merge entity $(bone_hugeasssword) {transformation: [-1.0492f,1.1571f,3.5917f,-1.0239f,3.7009f,1.0435f,0.745f,1.9493f,-0.7369f,3.5934f,-1.3729f,-1.4051f,0f,0f,0f,1f],start_interpolation: 0,interpolation_duration: 1}
$data merge entity $(bone_ice) {transformation: [-0.2679f,0.2954f,0.917f,-1.0244f,0.9449f,0.2664f,0.1902f,1.9303f,-0.1881f,0.9175f,-0.3505f,-1.4165f,0f,0f,0f,1f],start_interpolation: 0,interpolation_duration: 1}
$data merge entity $(bone_righthand1) {transformation: [-0.2679f,0.2954f,0.917f,-0.9888f,0.9449f,0.2664f,0.1902f,2.2391f,-0.1881f,0.9175f,-0.3505f,-1.2451f,0f,0f,0f,1f],start_interpolation: 0,interpolation_duration: 1}
$data merge entity $(bone_rightforearm) {transformation: [-0.5328f,-0.1284f,0.8364f,-1.0126f,0.7469f,0.3932f,0.5362f,2.4541f,-0.3978f,0.9104f,-0.1136f,-0.5677f,0f,0f,0f,1f],start_interpolation: 0,interpolation_duration: 1}
$data merge entity $(bone_rightelbow) {transformation: [-0.5328f,-0.1284f,0.8364f,-1.0367f,0.7469f,0.3932f,0.5362f,2.5278f,-0.3978f,0.9104f,-0.1136f,-0.397f,0f,0f,0f,1f],start_interpolation: 0,interpolation_duration: 1}
$data merge entity $(bone_rightarm) {transformation: [-0.4562f,-0.4426f,0.772f,-1.2305f,0.8443f,0.0586f,0.5326f,2.3042f,-0.281f,0.8948f,0.347f,0.0964f,0f,0f,0f,1f],start_interpolation: 0,interpolation_duration: 1}
$data merge entity $(bone_chest1) {transformation: [-0.774f,-0.7029f,0.2568f,-0.4256f,0.1563f,0.2484f,0.9449f,2.3812f,-0.7416f,0.786f,-0.0689f,0.6089f,0f,0f,0f,1f],start_interpolation: 0,interpolation_duration: 1}
$data merge entity $(bone_chest1lid) {transformation: [-0.7145f,-0.6489f,0.2617f,-0.3244f,0.1443f,0.2293f,0.9626f,1.9119f,-0.6846f,0.7255f,-0.0702f,-0.0943f,0f,0f,0f,1f],start_interpolation: 0,interpolation_duration: 1}
$data merge entity $(bone_chest2) {transformation: [-0.7145f,-0.6489f,0.2617f,-0.223f,0.1443f,0.2293f,0.9626f,1.8761f,-0.6846f,0.7255f,-0.0702f,-0.2077f,0f,0f,0f,1f],start_interpolation: 0,interpolation_duration: 1}
$data merge entity $(bone_chest1lid3) {transformation: [-0.7145f,-0.6489f,0.2617f,-0.1121f,0.1443f,0.2293f,0.9626f,2.5195f,-0.6846f,0.7255f,-0.0702f,-0.0965f,0f,0f,0f,1f],start_interpolation: 0,interpolation_duration: 1}
$data merge entity $(bone_chest3) {transformation: [-0.7145f,-0.6489f,0.2617f,-0.0107f,0.1443f,0.2293f,0.9626f,2.4837f,-0.6846f,0.7255f,-0.0702f,-0.2099f,0f,0f,0f,1f],start_interpolation: 0,interpolation_duration: 1}
$data merge entity $(bone_hugeasssword2) {transformation: [-1.0249f,0.3463f,-3.7643f,-1.9854f,-3.7702f,0.1901f,1.044f,3.0949f,0.275f,3.8967f,0.2836f,0.5876f,0f,0f,0f,1f],start_interpolation: 0,interpolation_duration: 1}
$data merge entity $(bone_belt) {transformation: [-0.7145f,-0.6489f,0.2617f,-0.1744f,0.1443f,0.2293f,0.9626f,2.1741f,-0.6846f,0.7255f,-0.0702f,0.3499f,0f,0f,0f,1f],start_interpolation: 0,interpolation_duration: 1}
$data merge entity $(bone_torn_part) {transformation: [-0.6096f,-0.7804f,0.1389f,-0.0233f,0.132f,0.0728f,0.9886f,2.096f,-0.7816f,0.621f,0.0586f,0.0353f,0f,0f,0f,1f],start_interpolation: 0,interpolation_duration: 1}
$data merge entity $(bone_lowerbody) {transformation: [-0.6096f,-0.5582f,0.5628f,0.2296f,0.132f,0.6286f,0.7665f,1.6684f,-0.7816f,0.5415f,-0.3095f,-0.1093f,0f,0f,0f,1f],start_interpolation: 0,interpolation_duration: 1}
$data merge entity $(bone_leftfoot) {transformation: [-0.9499f,-0.0462f,0.3091f,0.3571f,-0.0502f,0.9987f,-0.0049f,0.1393f,-0.3085f,-0.0201f,-0.951f,0.518f,0f,0f,0f,1f],start_interpolation: 0,interpolation_duration: 1}
$data merge entity $(bone_leftlowerleg) {transformation: [-0.9499f,-0.0595f,0.3068f,0.244f,-0.0502f,0.998f,0.0383f,1.2406f,-0.3085f,0.021f,-0.951f,0.6874f,0f,0f,0f,1f],start_interpolation: 0,interpolation_duration: 1}
$data merge entity $(bone_leftleg) {transformation: [-0.9029f,0.4084f,0.1342f,0.5885f,0.044f,0.3981f,-0.9163f,1.5553f,-0.4276f,-0.8214f,-0.3774f,-0.0407f,0f,0f,0f,1f],start_interpolation: 0,interpolation_duration: 1}
$data merge entity $(bone_rightfoot) {transformation: [-0.3671f,0.0218f,0.9299f,-0.2837f,0.1064f,0.9941f,0.0187f,0.2027f,-0.9241f,0.1058f,-0.3673f,-0.2293f,0f,0f,0f,1f],start_interpolation: 0,interpolation_duration: 1}
$data merge entity $(bone_rightlowerleg) {transformation: [-0.3671f,-0.0184f,0.93f,-0.4471f,0.1064f,0.9924f,0.0617f,1.2942f,-0.9241f,0.1216f,-0.3624f,-0.0388f,0f,0f,0f,1f],start_interpolation: 0,interpolation_duration: 1}
$data merge entity $(bone_rightleg) {transformation: [-0.5056f,0.8037f,0.3137f,0.2736f,0.0897f,0.4106f,-0.9074f,1.6713f,-0.8581f,-0.4307f,-0.2797f,-0.4079f,0f,0f,0f,1f],start_interpolation: 0,interpolation_duration: 1}
data modify entity @s data merge value {"cameras":{},"locators":{"lefthand":{"posx":1.1494670795215534,"posy":0.856722267711492,"posz":2.1409562431894313,"roty":40.89308709634298,"rotx":-19.298637697536208},"sword":{"posx":-4.4500181078412115,"posy":1.3104168667094669,"posz":-0.1504288118260888,"roty":69.08177915259475,"rotx":10.964703635830691},"righthand":{"posx":-1.0684378222536721,"posy":2.011795000930382,"posz":-1.4429611073461972,"roty":69.08177915259475,"rotx":10.964703635830691},"chest":{"posx":-0.34707428035499976,"posy":1.751665568232109,"posz":-0.15007140789773787,"roty":74.98157653069471,"rotx":74.28084537043523}}}