# This file was generated by Animated Java via MC-Build. It is not recommended to edit this file directly.
$data merge entity $(bone_nose) {transformation: [-0.9863f,0.0115f,0.1645f,-0.8962f,0.0284f,0.9945f,0.1011f,2.5611f,-0.1624f,0.1043f,-0.9812f,1.2942f,0f,0f,0f,1f],start_interpolation: 0,interpolation_duration: 1}
$data merge entity $(bone_glowing_eye) {transformation: [-0.9863f,-0.0011f,0.1649f,-1.0253f,0.0284f,0.9839f,0.1765f,2.6251f,-0.1624f,0.1788f,-0.9704f,1.3198f,0f,0f,0f,1f],start_interpolation: 0,interpolation_duration: 1}
$data merge entity $(bone_head) {transformation: [-0.9863f,-0.0011f,0.1649f,-0.8652f,0.0284f,0.9839f,0.1765f,2.4727f,-0.1624f,0.1788f,-0.9704f,1.0904f,0f,0f,0f,1f],start_interpolation: 0,interpolation_duration: 1}
$data merge entity $(bone_leftthumb2) {transformation: [-0.5241f,-0.55f,0.6503f,0.9361f,-0.8506f,0.3759f,-0.3676f,1.0863f,-0.0423f,-0.7458f,-0.6648f,2.507f,0f,0f,0f,1f],start_interpolation: 0,interpolation_duration: 1}
$data merge entity $(bone_leftthumb) {transformation: [-0.5241f,-0.55f,0.6503f,0.8568f,-0.8506f,0.3759f,-0.3676f,1.147f,-0.0423f,-0.7458f,-0.6648f,2.2673f,0f,0f,0f,1f],start_interpolation: 0,interpolation_duration: 1}
$data merge entity $(bone_leftpointerfinger) {transformation: [-0.3043f,-0.696f,0.6503f,1.1251f,-0.9279f,0.0623f,-0.3676f,1.0995f,0.2154f,-0.7153f,-0.6648f,2.4855f,0f,0f,0f,1f],start_interpolation: 0,interpolation_duration: 1}
$data merge entity $(bone_leftmidfinger) {transformation: [-0.5241f,-0.55f,0.6503f,1.2267f,-0.8506f,0.3759f,-0.3676f,1.0421f,-0.0423f,-0.7458f,-0.6648f,2.3816f,0f,0f,0f,1f],start_interpolation: 0,interpolation_duration: 1}
$data merge entity $(bone_leftringfinger) {transformation: [-0.6946f,-0.3076f,0.6503f,1.3283f,-0.642f,0.6728f,-0.3676f,0.9846f,-0.3245f,-0.6729f,-0.6648f,2.2777f,0f,0f,0f,1f],start_interpolation: 0,interpolation_duration: 1}
$data merge entity $(bone_invisibility) {transformation: [-0.4912f,-0.6958f,0.5241f,0.9463f,0.3424f,0.399f,0.8506f,0.9926f,-0.8009f,0.5973f,0.0423f,2.4168f,0f,0f,0f,1f],start_interpolation: 0,interpolation_duration: 1}
$data merge entity $(bone_swiftness) {transformation: [0.6503f,-0.55f,0.5241f,1.1154f,-0.3676f,0.3759f,0.8506f,0.8285f,-0.6648f,-0.7458f,0.0423f,2.3909f,0f,0f,0f,1f],start_interpolation: 0,interpolation_duration: 1}
$data merge entity $(bone_suspicious_stew) {transformation: [-0.2236f,-0.8218f,0.5241f,1.094f,0.1853f,0.492f,0.8506f,0.9061f,-0.9569f,0.2873f,0.0423f,2.3271f,0f,0f,0f,1f],start_interpolation: 0,interpolation_duration: 1}
$data merge entity $(bone_log) {transformation: [-0.5241f,-0.55f,0.6503f,1.0066f,-0.8506f,0.3759f,-0.3676f,0.8561f,-0.0423f,-0.7458f,-0.6648f,2.1987f,0f,0f,0f,1f],start_interpolation: 0,interpolation_duration: 1}
$data merge entity $(bone_planks) {transformation: [-0.5241f,-0.55f,0.6503f,0.9575f,-0.8506f,0.3759f,-0.3676f,0.7763f,-0.0423f,-0.7458f,-0.6648f,2.1948f,0f,0f,0f,1f],start_interpolation: 0,interpolation_duration: 1}
$data merge entity $(bone_lefthand1) {transformation: [-0.5241f,-0.55f,0.6503f,0.9798f,-0.8506f,0.3759f,-0.3676f,1.1742f,-0.0423f,-0.7458f,-0.6648f,2.0436f,0f,0f,0f,1f],start_interpolation: 0,interpolation_duration: 1}
$data merge entity $(bone_leftforearm) {transformation: [-0.752f,-0.4098f,0.5163f,0.6222f,-0.5888f,0.7697f,-0.2467f,1.6783f,-0.2963f,-0.4895f,-0.8201f,1.6749f,0f,0f,0f,1f],start_interpolation: 0,interpolation_duration: 1}
$data merge entity $(bone_leftelbow) {transformation: [-0.752f,-0.4098f,0.5163f,0.5454f,-0.5888f,0.7697f,-0.2467f,1.8226f,-0.2963f,-0.4895f,-0.8201f,1.5831f,0f,0f,0f,1f],start_interpolation: 0,interpolation_duration: 1}
$data merge entity $(bone_leftarm) {transformation: [-0.732f,-0.6221f,0.2778f,0.021f,-0.6593f,0.7495f,-0.0588f,2.0519f,-0.1716f,-0.2262f,-0.9588f,1.5153f,0f,0f,0f,1f],start_interpolation: 0,interpolation_duration: 1}
$data merge entity $(bone_rightthumb2) {transformation: [-0.6097f,0.0633f,0.7901f,-1.2619f,0.524f,0.7802f,0.3418f,1.8777f,-0.5948f,0.6224f,-0.5088f,-1.3608f,0f,0f,0f,1f],start_interpolation: 0,interpolation_duration: 1}
$data merge entity $(bone_rightthumb) {transformation: [-0.6097f,0.0633f,0.7901f,-1.1788f,0.524f,0.7802f,0.3418f,2.0982f,-0.5948f,0.6224f,-0.5088f,-1.2516f,0f,0f,0f,1f],start_interpolation: 0,interpolation_duration: 1}
$data merge entity $(bone_rightpointerfinger) {transformation: [-0.2442f,0.3036f,0.921f,-1.2527f,0.9634f,0.1846f,0.1945f,2.097f,-0.111f,0.9348f,-0.3375f,-1.5928f,0f,0f,0f,1f],start_interpolation: 0,interpolation_duration: 1}
$data merge entity $(bone_rightmidfinger) {transformation: [-0.2406f,0.3064f,0.921f,-1.1088f,0.9654f,0.1735f,0.1945f,2.1274f,-0.1002f,0.936f,-0.3375f,-1.6455f,0f,0f,0f,1f],start_interpolation: 0,interpolation_duration: 1}
$data merge entity $(bone_rightringfinger) {transformation: [-0.2271f,0.3166f,0.921f,-0.9649f,0.9721f,0.1312f,0.1945f,2.1578f,-0.0593f,0.9395f,-0.3375f,-1.6982f,0f,0f,0f,1f],start_interpolation: 0,interpolation_duration: 1}
$data merge entity $(bone_hugeasssword) {transformation: [-1.1366f,1.018f,3.6072f,-0.9933f,3.6058f,1.3258f,0.762f,1.9485f,-1.023f,3.5421f,-1.322f,-1.3872f,0f,0f,0f,1f],start_interpolation: 0,interpolation_duration: 1}
$data merge entity $(bone_ice) {transformation: [-0.2902f,0.2599f,0.921f,-0.9928f,0.9206f,0.3385f,0.1945f,1.9289f,-0.2612f,0.9044f,-0.3375f,-1.3972f,0f,0f,0f,1f],start_interpolation: 0,interpolation_duration: 1}
$data merge entity $(bone_righthand1) {transformation: [-0.2902f,0.2599f,0.921f,-0.9716f,0.9206f,0.3385f,0.1945f,2.2497f,-0.2612f,0.9044f,-0.3375f,-1.247f,0f,0f,0f,1f],start_interpolation: 0,interpolation_duration: 1}
$data merge entity $(bone_rightforearm) {transformation: [-0.5304f,-0.1424f,0.8357f,-1.0056f,0.7474f,0.3867f,0.5402f,2.4602f,-0.4001f,0.9111f,-0.0986f,-0.5686f,0f,0f,0f,1f],start_interpolation: 0,interpolation_duration: 1}
$data merge entity $(bone_rightelbow) {transformation: [-0.5304f,-0.1424f,0.8357f,-1.0323f,0.7474f,0.3867f,0.5402f,2.5327f,-0.4001f,0.9111f,-0.0986f,-0.3978f,0f,0f,0f,1f],start_interpolation: 0,interpolation_duration: 1}
$data merge entity $(bone_rightarm) {transformation: [-0.4558f,-0.455f,0.765f,-1.2319f,0.8443f,0.051f,0.5334f,2.3051f,-0.2817f,0.889f,0.361f,0.0915f,0f,0f,0f,1f],start_interpolation: 0,interpolation_duration: 1}
$data merge entity $(bone_chest1) {transformation: [-0.7729f,-0.7042f,0.2565f,-0.4214f,0.1563f,0.2484f,0.943f,2.391f,-0.7428f,0.7849f,-0.0684f,0.6081f,0f,0f,0f,1f],start_interpolation: 0,interpolation_duration: 1}
$data merge entity $(bone_chest1lid) {transformation: [-0.7134f,-0.65f,0.2618f,-0.3205f,0.1443f,0.2293f,0.9626f,1.9169f,-0.6857f,0.7245f,-0.0698f,-0.0946f,0f,0f,0f,1f],start_interpolation: 0,interpolation_duration: 1}
$data merge entity $(bone_chest2) {transformation: [-0.7134f,-0.65f,0.2618f,-0.2189f,0.1443f,0.2293f,0.9626f,1.8811f,-0.6857f,0.7245f,-0.0698f,-0.2078f,0f,0f,0f,1f],start_interpolation: 0,interpolation_duration: 1}
$data merge entity $(bone_chest1lid3) {transformation: [-0.7134f,-0.65f,0.2618f,-0.1082f,0.1443f,0.2293f,0.9626f,2.5246f,-0.6857f,0.7245f,-0.0698f,-0.0965f,0f,0f,0f,1f],start_interpolation: 0,interpolation_duration: 1}
$data merge entity $(bone_chest3) {transformation: [-0.7134f,-0.65f,0.2618f,-0.0066f,0.1443f,0.2293f,0.9626f,2.4887f,-0.6857f,0.7245f,-0.0698f,-0.2097f,0f,0f,0f,1f],start_interpolation: 0,interpolation_duration: 1}
$data merge entity $(bone_hugeasssword2) {transformation: [-1.0253f,0.3402f,-3.7647f,-1.9825f,-3.7702f,0.1901f,1.044f,3.0999f,0.2734f,3.8972f,0.2778f,0.5847f,0f,0f,0f,1f],start_interpolation: 0,interpolation_duration: 1}
$data merge entity $(bone_belt) {transformation: [-0.7134f,-0.65f,0.2618f,-0.1712f,0.1443f,0.2293f,0.9626f,2.1791f,-0.6857f,0.7245f,-0.0698f,0.3498f,0f,0f,0f,1f],start_interpolation: 0,interpolation_duration: 1}
$data merge entity $(bone_torn_part) {transformation: [-0.6084f,-0.7868f,0.1043f,-0.0227f,0.132f,0.0293f,0.9908f,2.0968f,-0.7826f,0.6166f,0.086f,0.0371f,0f,0f,0f,1f],start_interpolation: 0,interpolation_duration: 1}
$data merge entity $(bone_lowerbody) {transformation: [-0.6084f,-0.5591f,0.5633f,0.2305f,0.132f,0.6286f,0.7665f,1.6692f,-0.7826f,0.5407f,-0.3086f,-0.1071f,0f,0f,0f,1f],start_interpolation: 0,interpolation_duration: 1}
$data merge entity $(bone_leftfoot) {transformation: [-0.9494f,-0.0446f,0.3108f,0.3539f,-0.0502f,0.9987f,-0.01f,0.1372f,-0.31f,-0.0251f,-0.9504f,0.5307f,0f,0f,0f,1f],start_interpolation: 0,interpolation_duration: 1}
$data merge entity $(bone_leftlowerleg) {transformation: [-0.9494f,-0.0564f,0.3089f,0.2438f,-0.0502f,0.9984f,0.0281f,1.2405f,-0.31f,0.0112f,-0.9507f,0.6892f,0f,0f,0f,1f],start_interpolation: 0,interpolation_duration: 1}
$data merge entity $(bone_leftleg) {transformation: [-0.9022f,0.4097f,0.1347f,0.5895f,0.044f,0.3981f,-0.9163f,1.5551f,-0.429f,-0.8208f,-0.3772f,-0.0384f,0f,0f,0f,1f],start_interpolation: 0,interpolation_duration: 1}
$data merge entity $(bone_rightfoot) {transformation: [-0.365f,0.0177f,0.9308f,-0.2836f,0.1067f,0.994f,0.0229f,0.2025f,-0.9249f,0.1077f,-0.3647f,-0.2288f,0f,0f,0f,1f],start_interpolation: 0,interpolation_duration: 1}
$data merge entity $(bone_rightlowerleg) {transformation: [-0.365f,-0.0178f,0.9308f,-0.4464f,0.1067f,0.9924f,0.0608f,1.2941f,-0.9249f,0.1215f,-0.3604f,-0.0387f,0f,0f,0f,1f],start_interpolation: 0,interpolation_duration: 1}
$data merge entity $(bone_rightleg) {transformation: [-0.5037f,0.8047f,0.3142f,0.2752f,0.09f,0.4105f,-0.9074f,1.6711f,-0.8592f,-0.4287f,-0.2792f,-0.406f,0f,0f,0f,1f],start_interpolation: 0,interpolation_duration: 1}
data modify entity @s data merge value {"cameras":{},"locators":{"lefthand":{"posx":1.0885799186928489,"posy":0.9122122923973988,"posz":2.271336764375296,"roty":44.369159671098515,"rotx":-21.56848705161349},"sword":{"posx":-4.434660299774002,"posy":1.2894628605248233,"posz":-0.18593873826629403,"roty":69.87346538304654,"rotx":11.218093452751553},"righthand":{"posx":-1.03848943740828,"posy":2.006844294454594,"posz":-1.4305445400649752,"roty":69.87346538304654,"rotx":11.218093452751553},"chest":{"posx":-0.34304184979635377,"posy":1.7566909005892533,"posz":-0.15043560210986742,"roty":75.07048278069477,"rotx":74.28084537043522}}}