# This file was generated by Animated Java via MC-Build. It is not recommended to edit this file directly.
$data merge entity $(bone_nose) {transformation: [-0.987f,0.0119f,0.1603f,-0.8909f,0.0284f,0.9945f,0.1011f,2.5621f,-0.1582f,0.1044f,-0.9819f,1.2914f,0f,0f,0f,1f],start_interpolation: 0,interpolation_duration: 1}
$data merge entity $(bone_glowing_eye) {transformation: [-0.987f,0.0005f,0.1607f,-1.0198f,0.0284f,0.9848f,0.1712f,2.6264f,-0.1582f,0.1736f,-0.972f,1.3172f,0f,0f,0f,1f],start_interpolation: 0,interpolation_duration: 1}
$data merge entity $(bone_head) {transformation: [-0.987f,0.0005f,0.1607f,-0.8609f,0.0284f,0.9848f,0.1712f,2.4726f,-0.1582f,0.1736f,-0.972f,1.0879f,0f,0f,0f,1f],start_interpolation: 0,interpolation_duration: 1}
$data merge entity $(bone_leftthumb2) {transformation: [-0.5242f,-0.5454f,0.6541f,0.9326f,-0.8508f,0.3677f,-0.3753f,1.1026f,-0.0358f,-0.7532f,-0.6568f,2.522f,0f,0f,0f,1f],start_interpolation: 0,interpolation_duration: 1}
$data merge entity $(bone_leftthumb) {transformation: [-0.5242f,-0.5454f,0.6541f,0.8547f,-0.8508f,0.3677f,-0.3753f,1.1607f,-0.0358f,-0.7532f,-0.6568f,2.2811f,0f,0f,0f,1f],start_interpolation: 0,interpolation_duration: 1}
$data merge entity $(bone_leftpointerfinger) {transformation: [-0.3061f,-0.6918f,0.6541f,1.1217f,-0.9253f,0.0545f,-0.3753f,1.1155f,0.224f,-0.7201f,-0.6568f,2.5014f,0f,0f,0f,1f],start_interpolation: 0,interpolation_duration: 1}
$data merge entity $(bone_leftmidfinger) {transformation: [-0.5242f,-0.5454f,0.6541f,1.2239f,-0.8508f,0.3677f,-0.3753f,1.0569f,-0.0358f,-0.7532f,-0.6568f,2.3988f,0f,0f,0f,1f],start_interpolation: 0,interpolation_duration: 1}
$data merge entity $(bone_leftringfinger) {transformation: [-0.693f,-0.3032f,0.6541f,1.3261f,-0.6454f,0.6653f,-0.3753f,0.9983f,-0.3214f,-0.6822f,-0.6568f,2.2962f,0f,0f,0f,1f],start_interpolation: 0,interpolation_duration: 1}
$data merge entity $(bone_invisibility) {transformation: [-0.4863f,-0.6991f,0.5242f,0.9433f,0.3336f,0.4059f,0.8508f,1.008f,-0.8076f,0.5886f,0.0358f,2.4328f,0f,0f,0f,1f],start_interpolation: 0,interpolation_duration: 1}
$data merge entity $(bone_swiftness) {transformation: [0.6541f,-0.5454f,0.5242f,1.1125f,-0.3753f,0.3677f,0.8508f,0.8435f,-0.6568f,-0.7532f,0.0358f,2.4098f,0f,0f,0f,1f],start_interpolation: 0,interpolation_duration: 1}
$data merge entity $(bone_suspicious_stew) {transformation: [-0.2178f,-0.8233f,0.5242f,1.0915f,0.1746f,0.4955f,0.8508f,0.9203f,-0.9602f,0.2769f,0.0358f,2.345f,0f,0f,0f,1f],start_interpolation: 0,interpolation_duration: 1}
$data merge entity $(bone_log) {transformation: [-0.5242f,-0.5454f,0.6541f,1.0049f,-0.8508f,0.3677f,-0.3753f,0.869f,-0.0358f,-0.7532f,-0.6568f,2.2167f,0f,0f,0f,1f],start_interpolation: 0,interpolation_duration: 1}
$data merge entity $(bone_planks) {transformation: [-0.5242f,-0.5454f,0.6541f,0.9557f,-0.8508f,0.3677f,-0.3753f,0.7892f,-0.0358f,-0.7532f,-0.6568f,2.2133f,0f,0f,0f,1f],start_interpolation: 0,interpolation_duration: 1}
$data merge entity $(bone_lefthand1) {transformation: [-0.5242f,-0.5454f,0.6541f,0.9791f,-0.8508f,0.3677f,-0.3753f,1.1853f,-0.0358f,-0.7532f,-0.6568f,2.0579f,0f,0f,0f,1f],start_interpolation: 0,interpolation_duration: 1}
$data merge entity $(bone_leftforearm) {transformation: [-0.7504f,-0.4069f,0.5209f,0.6237f,-0.5921f,0.7641f,-0.2562f,1.6852f,-0.2938f,-0.5007f,-0.8143f,1.6813f,0f,0f,0f,1f],start_interpolation: 0,interpolation_duration: 1}
$data merge entity $(bone_leftelbow) {transformation: [-0.7504f,-0.4069f,0.5209f,0.5474f,-0.5921f,0.7641f,-0.2562f,1.8284f,-0.2938f,-0.5007f,-0.8143f,1.5875f,0f,0f,0f,1f],start_interpolation: 0,interpolation_duration: 1}
$data merge entity $(bone_leftarm) {transformation: [-0.7311f,-0.6207f,0.2832f,0.0234f,-0.6612f,0.7469f,-0.0699f,2.0569f,-0.1682f,-0.2384f,-0.9565f,1.514f,0f,0f,0f,1f],start_interpolation: 0,interpolation_duration: 1}
$data merge entity $(bone_rightthumb2) {transformation: [-0.6144f,0.0707f,0.7858f,-1.2744f,0.5235f,0.7817f,0.3389f,1.8754f,-0.5903f,0.6196f,-0.5173f,-1.3587f,0f,0f,0f,1f],start_interpolation: 0,interpolation_duration: 1}
$data merge entity $(bone_rightthumb) {transformation: [-0.6144f,0.0707f,0.7858f,-1.1899f,0.5235f,0.7817f,0.3389f,2.0961f,-0.5903f,0.6196f,-0.5173f,-1.251f,0f,0f,0f,1f],start_interpolation: 0,interpolation_duration: 1}
$data merge entity $(bone_rightpointerfinger) {transformation: [-0.2449f,0.3118f,0.9181f,-1.267f,0.9626f,0.1911f,0.1919f,2.094f,-0.1156f,0.9308f,-0.3469f,-1.5914f,0f,0f,0f,1f],start_interpolation: 0,interpolation_duration: 1}
$data merge entity $(bone_rightmidfinger) {transformation: [-0.2398f,0.3157f,0.9181f,-1.1236f,0.9656f,0.1755f,0.1919f,2.124f,-0.1005f,0.9325f,-0.3469f,-1.6456f,0f,0f,0f,1f],start_interpolation: 0,interpolation_duration: 1}
$data merge entity $(bone_rightringfinger) {transformation: [-0.2258f,0.3258f,0.9181f,-0.9801f,0.9723f,0.1332f,0.1919f,2.154f,-0.0598f,0.936f,-0.3469f,-1.6998f,0f,0f,0f,1f],start_interpolation: 0,interpolation_duration: 1}
$data merge entity $(bone_hugeasssword) {transformation: [-1.1398f,1.0545f,3.5957f,-1.0059f,3.6051f,1.3336f,0.7516f,1.9457f,-1.022f,3.5284f,-1.3587f,-1.3879f,0f,0f,0f,1f],start_interpolation: 0,interpolation_duration: 1}
$data merge entity $(bone_ice) {transformation: [-0.291f,0.2692f,0.9181f,-1.0056f,0.9205f,0.3405f,0.1919f,1.926f,-0.2609f,0.9009f,-0.3469f,-1.3979f,0f,0f,0f,1f],start_interpolation: 0,interpolation_duration: 1}
$data merge entity $(bone_righthand1) {transformation: [-0.291f,0.2692f,0.9181f,-0.9823f,0.9205f,0.3405f,0.1919f,2.2472f,-0.2609f,0.9009f,-0.3469f,-1.2487f,0f,0f,0f,1f],start_interpolation: 0,interpolation_duration: 1}
$data merge entity $(bone_rightforearm) {transformation: [-0.5329f,-0.133f,0.8357f,-1.0094f,0.7472f,0.3896f,0.5385f,2.4596f,-0.3972f,0.9113f,-0.1082f,-0.5707f,0f,0f,0f,1f],start_interpolation: 0,interpolation_duration: 1}
$data merge entity $(bone_rightelbow) {transformation: [-0.5329f,-0.133f,0.8357f,-1.0343f,0.7472f,0.3896f,0.5385f,2.5327f,-0.3972f,0.9113f,-0.1082f,-0.3998f,0f,0f,0f,1f],start_interpolation: 0,interpolation_duration: 1}
$data merge entity $(bone_rightarm) {transformation: [-0.457f,-0.4464f,0.7693f,-1.2296f,0.8443f,0.0543f,0.5331f,2.3068f,-0.2797f,0.8932f,0.3521f,0.092f,0f,0f,0f,1f],start_interpolation: 0,interpolation_duration: 1}
$data merge entity $(bone_chest1) {transformation: [-0.7761f,-0.7008f,0.2576f,-0.4189f,0.1563f,0.2484f,0.9482f,2.3919f,-0.7395f,0.7879f,-0.0699f,0.6036f,0f,0f,0f,1f],start_interpolation: 0,interpolation_duration: 1}
$data merge entity $(bone_chest1lid) {transformation: [-0.7164f,-0.6469f,0.2615f,-0.3212f,0.1443f,0.2293f,0.9626f,1.9168f,-0.6826f,0.7273f,-0.0709f,-0.0994f,0f,0f,0f,1f],start_interpolation: 0,interpolation_duration: 1}
$data merge entity $(bone_chest2) {transformation: [-0.7164f,-0.6469f,0.2615f,-0.2202f,0.1443f,0.2293f,0.9626f,1.881f,-0.6826f,0.7273f,-0.0709f,-0.2131f,0f,0f,0f,1f],start_interpolation: 0,interpolation_duration: 1}
$data merge entity $(bone_chest1lid3) {transformation: [-0.7164f,-0.6469f,0.2615f,-0.1089f,0.1443f,0.2293f,0.9626f,2.5245f,-0.6826f,0.7273f,-0.0709f,-0.1022f,0f,0f,0f,1f],start_interpolation: 0,interpolation_duration: 1}
$data merge entity $(bone_chest3) {transformation: [-0.7164f,-0.6469f,0.2615f,-0.0079f,0.1443f,0.2293f,0.9626f,2.4887f,-0.6826f,0.7273f,-0.0709f,-0.2159f,0f,0f,0f,1f],start_interpolation: 0,interpolation_duration: 1}
$data merge entity $(bone_hugeasssword2) {transformation: [-1.0241f,0.357f,-3.7635f,-1.9803f,-3.7702f,0.1901f,1.044f,3.0998f,0.2778f,3.8957f,0.294f,0.587f,0f,0f,0f,1f],start_interpolation: 0,interpolation_duration: 1}
$data merge entity $(bone_belt) {transformation: [-0.7164f,-0.6469f,0.2615f,-0.17f,0.1443f,0.2293f,0.9626f,2.179f,-0.6826f,0.7273f,-0.0709f,0.3444f,0f,0f,0f,1f],start_interpolation: 0,interpolation_duration: 1}
$data merge entity $(bone_torn_part) {transformation: [-0.6117f,-0.7787f,0.1391f,-0.0245f,0.132f,0.0728f,0.9886f,2.0945f,-0.78f,0.6231f,0.0583f,0.032f,0f,0f,0f,1f],start_interpolation: 0,interpolation_duration: 1}
$data merge entity $(bone_lowerbody) {transformation: [-0.6117f,-0.5568f,0.562f,0.2281f,0.132f,0.6286f,0.7665f,1.6669f,-0.78f,0.5431f,-0.311f,-0.1133f,0f,0f,0f,1f],start_interpolation: 0,interpolation_duration: 1}
$data merge entity $(bone_leftfoot) {transformation: [-0.9507f,-0.0438f,0.3068f,0.3517f,-0.0502f,0.9987f,-0.0127f,0.1367f,-0.3059f,-0.0275f,-0.9517f,0.531f,0f,0f,0f,1f],start_interpolation: 0,interpolation_duration: 1}
$data merge entity $(bone_leftlowerleg) {transformation: [-0.9507f,-0.0547f,0.3051f,0.2442f,-0.0502f,0.9985f,0.0226f,1.2409f,-0.3059f,0.0062f,-0.9521f,0.6842f,0f,0f,0f,1f],start_interpolation: 0,interpolation_duration: 1}
$data merge entity $(bone_leftleg) {transformation: [-0.9041f,0.4061f,0.1331f,0.5867f,0.044f,0.3981f,-0.9163f,1.5555f,-0.4251f,-0.8225f,-0.3778f,-0.0449f,0f,0f,0f,1f],start_interpolation: 0,interpolation_duration: 1}
$data merge entity $(bone_rightfoot) {transformation: [-0.3709f,0.0133f,0.9286f,-0.2839f,0.1058f,0.994f,0.0281f,0.2031f,-0.9226f,0.1087f,-0.37f,-0.2303f,0f,0f,0f,1f],start_interpolation: 0,interpolation_duration: 1}
$data merge entity $(bone_rightlowerleg) {transformation: [-0.3709f,-0.0196f,0.9285f,-0.4483f,0.1058f,0.9924f,0.0632f,1.2943f,-0.9226f,0.1217f,-0.366f,-0.0391f,0f,0f,0f,1f],start_interpolation: 0,interpolation_duration: 1}
$data merge entity $(bone_rightleg) {transformation: [-0.5091f,0.8018f,0.313f,0.2708f,0.0891f,0.4107f,-0.9074f,1.6716f,-0.8561f,-0.434f,-0.2805f,-0.4112f,0f,0f,0f,1f],start_interpolation: 0,interpolation_duration: 1}
data modify entity @s data merge value {"cameras":{},"locators":{"lefthand":{"posx":1.086380684297779,"posy":0.9258556623743441,"posz":2.2891570356208706,"roty":44.88227229293409,"rotx":-22.04353448191096},"sword":{"posx":-4.436742950969235,"posy":1.29630511581785,"posz":-0.1517851104700252,"roty":69.29986837348348,"rotx":11.063880988702673},"righthand":{"posx":-1.0514080737685139,"posy":2.00394862921417,"posz":-1.4310054500349072,"roty":69.29986837348348,"rotx":11.063880988702673},"chest":{"posx":-0.34404019558608456,"posy":1.7566099373209565,"posz":-0.155147331851978,"roty":74.82390074944473,"rotx":74.28084537043522}}}