# This file was generated by Animated Java via MC-Build. It is not recommended to edit this file directly.
$data merge entity $(bone_nose) {transformation: [-0.9964f,0.011f,0.084f,-0.8025f,0.0284f,0.9775f,0.2089f,2.5406f,-0.0798f,0.2105f,-0.9743f,1.2508f,0f,0f,0f,1f],start_interpolation: 0,interpolation_duration: 1}
$data merge entity $(bone_glowing_eye) {transformation: [-0.9964f,0.011f,0.084f,-0.9293f,0.0284f,0.9775f,0.2091f,2.6031f,-0.0798f,0.2107f,-0.9743f,1.2891f,0f,0f,0f,1f],start_interpolation: 0,interpolation_duration: 1}
$data merge entity $(bone_head) {transformation: [-0.9964f,0.011f,0.084f,-0.7882f,0.0284f,0.9775f,0.2091f,2.4591f,-0.0798f,0.2107f,-0.9743f,1.0424f,0f,0f,0f,1f],start_interpolation: 0,interpolation_duration: 1}
$data merge entity $(bone_leftthumb2) {transformation: [-0.4978f,-0.5613f,0.6612f,1.0103f,-0.8638f,0.2527f,-0.4359f,1.2532f,0.0775f,-0.7881f,-0.6106f,2.5501f,0f,0f,0f,1f],start_interpolation: 0,interpolation_duration: 1}
$data merge entity $(bone_leftthumb) {transformation: [-0.4978f,-0.5613f,0.6612f,0.9292f,-0.8638f,0.2527f,-0.4359f,1.278f,0.0775f,-0.7881f,-0.6106f,2.3046f,0f,0f,0f,1f],start_interpolation: 0,interpolation_duration: 1}
$data merge entity $(bone_leftpointerfinger) {transformation: [-0.2758f,-0.6977f,0.6612f,1.1988f,-0.8981f,-0.0579f,-0.4359f,1.2691f,0.3424f,-0.7141f,-0.6106f,2.5261f,0f,0f,0f,1f],start_interpolation: 0,interpolation_duration: 1}
$data merge entity $(bone_leftmidfinger) {transformation: [-0.4978f,-0.5613f,0.6612f,1.3021f,-0.8638f,0.2527f,-0.4359f,1.201f,0.0775f,-0.7881f,-0.6106f,2.4307f,0f,0f,0f,1f],start_interpolation: 0,interpolation_duration: 1}
$data merge entity $(bone_leftringfinger) {transformation: [-0.6747f,-0.328f,0.6612f,1.4054f,-0.7013f,0.5641f,-0.4359f,1.1329f,-0.23f,-0.7578f,-0.6106f,2.3353f,0f,0f,0f,1f],start_interpolation: 0,interpolation_duration: 1}
$data merge entity $(bone_invisibility) {transformation: [-0.5015f,-0.7076f,0.4978f,1.0234f,0.2138f,0.4562f,0.8638f,1.1484f,-0.8383f,0.5396f,-0.0775f,2.4735f,0f,0f,0f,1f],start_interpolation: 0,interpolation_duration: 1}
$data merge entity $(bone_swiftness) {transformation: [0.6612f,-0.5613f,0.4978f,1.1974f,-0.4359f,0.2527f,0.8638f,0.9874f,-0.6106f,-0.7881f,-0.0775f,2.4698f,0f,0f,0f,1f],start_interpolation: 0,interpolation_duration: 1}
$data merge entity $(bone_suspicious_stew) {transformation: [-0.2293f,-0.8364f,0.4978f,1.1737f,0.0449f,0.5018f,0.8638f,1.0548f,-0.9723f,0.2204f,-0.0775f,2.396f,0f,0f,0f,1f],start_interpolation: 0,interpolation_duration: 1}
$data merge entity $(bone_log) {transformation: [-0.4978f,-0.5613f,0.6612f,1.0878f,-0.8638f,0.2527f,-0.4359f,0.985f,0.0775f,-0.7881f,-0.6106f,2.2761f,0f,0f,0f,1f],start_interpolation: 0,interpolation_duration: 1}
$data merge entity $(bone_planks) {transformation: [-0.4978f,-0.5613f,0.6612f,1.0411f,-0.8638f,0.2527f,-0.4359f,0.904f,0.0775f,-0.7881f,-0.6106f,2.2834f,0f,0f,0f,1f],start_interpolation: 0,interpolation_duration: 1}
$data merge entity $(bone_lefthand1) {transformation: [-0.4978f,-0.5613f,0.6612f,1.0513f,-0.8638f,0.2527f,-0.4359f,1.2777f,0.0775f,-0.7881f,-0.6106f,2.0788f,0f,0f,0f,1f],start_interpolation: 0,interpolation_duration: 1}
$data merge entity $(bone_leftforearm) {transformation: [-0.7459f,-0.4044f,0.5292f,0.6979f,-0.6211f,0.7093f,-0.3334f,1.7366f,-0.2405f,-0.5773f,-0.7803f,1.6516f,0f,0f,0f,1f],start_interpolation: 0,interpolation_duration: 1}
$data merge entity $(bone_leftelbow) {transformation: [-0.7459f,-0.4044f,0.5292f,0.622f,-0.6211f,0.7093f,-0.3334f,1.8696f,-0.2405f,-0.5773f,-0.7803f,1.5433f,0f,0f,0f,1f],start_interpolation: 0,interpolation_duration: 1}
$data merge entity $(bone_leftarm) {transformation: [-0.7276f,-0.6207f,0.2922f,0.0981f,-0.6774f,0.7173f,-0.163f,2.0877f,-0.1085f,-0.3165f,-0.9424f,1.443f,0f,0f,0f,1f],start_interpolation: 0,interpolation_duration: 1}
$data merge entity $(bone_rightthumb2) {transformation: [-0.6777f,0.2945f,0.6738f,-1.574f,0.6066f,0.7419f,0.2859f,1.8364f,-0.4157f,0.6024f,-0.6813f,-1.2886f,0f,0f,0f,1f],start_interpolation: 0,interpolation_duration: 1}
$data merge entity $(bone_rightthumb) {transformation: [-0.6777f,0.2945f,0.6738f,-1.4442f,0.6066f,0.7419f,0.2859f,2.0428f,-0.4157f,0.6024f,-0.6813f,-1.1991f,0f,0f,0f,1f],start_interpolation: 0,interpolation_duration: 1}
$data merge entity $(bone_rightpointerfinger) {transformation: [-0.2008f,0.5263f,0.8263f,-1.5986f,0.9755f,0.1851f,0.1191f,2.0639f,-0.0903f,0.8299f,-0.5505f,-1.5114f,0f,0f,0f,1f],start_interpolation: 0,interpolation_duration: 1}
$data merge entity $(bone_rightmidfinger) {transformation: [-0.1551f,0.5415f,0.8263f,-1.4695f,0.9877f,0.1011f,0.1191f,2.0825f,-0.0191f,0.8346f,-0.5505f,-1.5975f,0f,0f,0f,1f],start_interpolation: 0,interpolation_duration: 1}
$data merge entity $(bone_rightringfinger) {transformation: [-0.1313f,0.5478f,0.8263f,-1.3404f,0.9912f,0.058f,0.1191f,2.1011f,0.0174f,0.8346f,-0.5505f,-1.6835f,0f,0f,0f,1f],start_interpolation: 0,interpolation_duration: 1}
$data merge entity $(bone_hugeasssword) {transformation: [-0.9665f,1.9832f,3.2362f,-1.314f,3.741f,1.0619f,0.4665f,1.882f,-0.6412f,3.2062f,-2.1563f,-1.3791f,0f,0f,0f,1f],start_interpolation: 0,interpolation_duration: 1}
$data merge entity $(bone_ice) {transformation: [-0.2468f,0.5063f,0.8263f,-1.3181f,0.9551f,0.2711f,0.1191f,1.8628f,-0.1637f,0.8186f,-0.5505f,-1.3893f,0f,0f,0f,1f],start_interpolation: 0,interpolation_duration: 1}
$data merge entity $(bone_righthand1) {transformation: [-0.2468f,0.5063f,0.8263f,-1.2274f,0.9551f,0.2711f,0.1191f,2.1731f,-0.1637f,0.8186f,-0.5505f,-1.2428f,0f,0f,0f,1f],start_interpolation: 0,interpolation_duration: 1}
$data merge entity $(bone_rightforearm) {transformation: [-0.5806f,0.0826f,0.81f,-1.0985f,0.743f,0.4605f,0.4856f,2.435f,-0.3329f,0.8838f,-0.3288f,-0.5944f,0f,0f,0f,1f],start_interpolation: 0,interpolation_duration: 1}
$data merge entity $(bone_rightelbow) {transformation: [-0.5806f,0.0826f,0.81f,-1.083f,0.743f,0.4605f,0.4856f,2.5213f,-0.3329f,0.8838f,-0.3288f,-0.4287f,0f,0f,0f,1f],start_interpolation: 0,interpolation_duration: 1}
$data merge entity $(bone_rightarm) {transformation: [-0.4776f,-0.2385f,0.8456f,-1.1739f,0.8443f,0.1414f,0.5168f,2.3418f,-0.2428f,0.9608f,0.1339f,0.1103f,0f,0f,0f,1f],start_interpolation: 0,interpolation_duration: 1}
$data merge entity $(bone_chest1) {transformation: [-0.832f,-0.6364f,0.2762f,-0.3834f,0.1563f,0.2484f,1.0425f,2.3875f,-0.676f,0.8407f,-0.0989f,0.5239f,0f,0f,0f,1f],start_interpolation: 0,interpolation_duration: 1}
$data merge entity $(bone_chest1lid) {transformation: [-0.768f,-0.5875f,0.2551f,-0.3439f,0.1443f,0.2293f,0.9626f,1.9033f,-0.624f,0.7761f,-0.0913f,-0.1838f,0f,0f,0f,1f],start_interpolation: 0,interpolation_duration: 1}
$data merge entity $(bone_chest2) {transformation: [-0.768f,-0.5875f,0.2551f,-0.2521f,0.1443f,0.2293f,0.9626f,1.8675f,-0.624f,0.7761f,-0.0913f,-0.3051f,0f,0f,0f,1f],start_interpolation: 0,interpolation_duration: 1}
$data merge entity $(bone_chest1lid3) {transformation: [-0.768f,-0.5875f,0.2551f,-0.1325f,0.1443f,0.2293f,0.9626f,2.511f,-0.624f,0.7761f,-0.0913f,-0.2033f,0f,0f,0f,1f],start_interpolation: 0,interpolation_duration: 1}
$data merge entity $(bone_chest3) {transformation: [-0.768f,-0.5875f,0.2551f,-0.0407f,0.1443f,0.2293f,0.9626f,2.4752f,-0.624f,0.7761f,-0.0913f,-0.3246f,0f,0f,0f,1f],start_interpolation: 0,interpolation_duration: 1}
$data merge entity $(bone_hugeasssword2) {transformation: [-0.999f,0.6632f,-3.7286f,-1.9436f,-3.7702f,0.1901f,1.044f,3.0863f,0.3577f,3.8554f,0.5899f,0.6314f,0f,0f,0f,1f],start_interpolation: 0,interpolation_duration: 1}
$data merge entity $(bone_belt) {transformation: [-0.768f,-0.5875f,0.2551f,-0.1581f,0.1443f,0.2293f,0.9626f,2.1655f,-0.624f,0.7761f,-0.0913f,0.2467f,0f,0f,0f,1f],start_interpolation: 0,interpolation_duration: 1}
$data merge entity $(bone_torn_part) {transformation: [-0.6714f,-0.736f,0.0868f,-0.0579f,0.132f,-0.0035f,0.9912f,2.0521f,-0.7293f,0.6769f,0.0995f,-0.0626f,0f,0f,0f,1f],start_interpolation: 0,interpolation_duration: 1}
$data merge entity $(bone_lowerbody) {transformation: [-0.6714f,-0.5122f,0.5357f,0.1824f,0.132f,0.6286f,0.7665f,1.6245f,-0.7293f,0.5853f,-0.3544f,-0.2274f,0f,0f,0f,1f],start_interpolation: 0,interpolation_duration: 1}
$data merge entity $(bone_leftfoot) {transformation: [-0.9719f,-0.0377f,0.2323f,0.3286f,-0.0502f,0.9976f,-0.048f,0.1344f,-0.2299f,-0.0582f,-0.9715f,0.506f,0f,0f,0f,1f],start_interpolation: 0,interpolation_duration: 1}
$data merge entity $(bone_leftlowerleg) {transformation: [-0.9719f,-0.0377f,0.2323f,0.2511f,-0.0502f,0.9976f,-0.0479f,1.2484f,-0.2299f,-0.0581f,-0.9715f,0.5908f,0f,0f,0f,1f],start_interpolation: 0,interpolation_duration: 1}
$data merge entity $(bone_leftleg) {transformation: [-0.9348f,0.34f,0.1029f,0.5351f,0.044f,0.3981f,-0.9163f,1.5631f,-0.3525f,-0.852f,-0.3871f,-0.163f,0f,0f,0f,1f],start_interpolation: 0,interpolation_duration: 1}
$data merge entity $(bone_rightfoot) {transformation: [-0.4753f,-0.0523f,0.8783f,-0.2832f,0.0902f,0.9901f,0.1078f,0.2171f,-0.8752f,0.1304f,-0.4659f,-0.2632f,0f,0f,0f,1f],start_interpolation: 0,interpolation_duration: 1}
$data merge entity $(bone_rightlowerleg) {transformation: [-0.4753f,-0.0524f,0.8783f,-0.4763f,0.0902f,0.9901f,0.1079f,1.2988f,-0.8752f,0.1305f,-0.4658f,-0.0469f,0f,0f,0f,1f],start_interpolation: 0,interpolation_duration: 1}
$data merge entity $(bone_rightleg) {transformation: [-0.6048f,0.7418f,0.2899f,0.1908f,0.0728f,0.4139f,-0.9074f,1.6792f,-0.7931f,-0.5276f,-0.3043f,-0.5031f,0f,0f,0f,1f],start_interpolation: 0,interpolation_duration: 1}
data modify entity @s data merge value {"cameras":{},"locators":{"lefthand":{"posx":1.1680030312450822,"posy":1.0530351591106477,"posz":2.3399577921065235,"roty":47.27490430476465,"rotx":-25.840056651077827},"sword":{"posx":-4.408921116455537,"posy":1.5070354563747592,"posz":0.6212495885952305,"roty":56.3246836739156,"rotx":6.8412255712285335},"righthand":{"posx":-1.3620581954377482,"posy":1.94628454928697,"posz":-1.4088594786478938,"roty":56.3246836739156,"rotx":6.8412255712285335},"chest":{"posx":-0.3710133112156391,"posy":1.7431137331629567,"posz":-0.2375766080786147,"roty":70.29966979241348,"rotx":74.28084537043527}}}