# This file was generated by Animated Java via MC-Build. It is not recommended to edit this file directly.
$data merge entity $(bone_nose) { transformation: [-0.9998637301476656f,-0.0009724601593489764f,0.016479546608888784f,-0.01840006773212432f,-0.0006954384895386245f,0.9998585033090172f,0.016807430676919283f,4.196789623093563f,-0.016493559364289034f,0.016793679819820884f,-0.9997229290246403f,0.14228423866990605f,0f,0f,0f,1f], start_interpolation: 0, interpolation_duration: 1 }
$data merge entity $(bone_glowing_eye) { transformation: [-0.9998637301476656f,-0.0009724601593489764f,0.016479546608888784f,-0.14402394153324305f,-0.0006954384895386245f,0.9998585033090172f,0.016807430676919283f,4.2638147320086155f,-0.016493559364289034f,0.016793679819820884f,-0.9997229290246403f,0.1762455687569658f,0f,0f,0f,1f], start_interpolation: 0, interpolation_duration: 1 }
$data merge entity $(bone_head) { transformation: [-0.9998637301476656f,-0.0009724601593489764f,0.016479546608888784f,-0.015194113890338437f,-0.0006954384895386245f,0.9998585033090172f,0.016807430676919283f,4.0764774950941955f,-0.016493559364289034f,0.016793679819820884f,-0.9997229290246403f,-0.04699250950850503f,0f,0f,0f,1f], start_interpolation: 0, interpolation_duration: 1 }
$data merge entity $(bone_leftthumb2) { transformation: [-0.9627727005163634f,0.0037961746010663072f,0.2702856196670982f,0.8579122997725115f,-0.024755511905067175f,0.9944611572286208f,-0.10214779191852674f,1.8719895122341437f,-0.26917632096963345f,-0.10503616435262086f,-0.9573460776580965f,0.4439846783480493f,0f,0f,0f,1f], start_interpolation: 0, interpolation_duration: 1 }
$data merge entity $(bone_leftthumb) { transformation: [-0.9627727005163634f,0.0037961746010663072f,0.2702856196670982f,0.8819412164648145f,-0.024755511905067175f,0.9944611572286208f,-0.10214779191852674f,2.1071443576579063f,-0.26917632096963345f,-0.10503616435262086f,-0.9573460776580965f,0.33641294438033487f,0f,0f,0f,1f], start_interpolation: 0, interpolation_duration: 1 }
$data merge entity $(bone_leftpointerfinger) { transformation: [-0.9627727005163634f,0.0037961746010663072f,0.2702856196670982f,0.9986684992147119f,-0.024755511905067175f,0.9944611572286208f,-0.10214779191852674f,1.7787562468107005f,-0.26917632096963345f,-0.10503616435262086f,-0.9573460776580965f,0.355443498524369f,0f,0f,0f,1f], start_interpolation: 0, interpolation_duration: 1 }
$data merge entity $(bone_leftmidfinger) { transformation: [-0.9627727005163634f,0.0037961746010663072f,0.2702856196670982f,1.040900627287696f,-0.024755511905067175f,0.9944611572286208f,-0.10214779191852674f,1.7627956543234307f,-0.26917632096963345f,-0.10503616435262086f,-0.9573460776580965f,0.20585817389029143f,0f,0f,0f,1f], start_interpolation: 0, interpolation_duration: 1 }
$data merge entity $(bone_leftringfinger) { transformation: [-0.9627727005163634f,0.0037961746010663072f,0.2702856196670982f,1.0831327553606802f,-0.024755511905067175f,0.9944611572286208f,-0.10214779191852674f,1.746835061836161f,-0.26917632096963345f,-0.10503616435262086f,-0.9573460776580965f,0.05627284925621384f,0f,0f,0f,1f], start_interpolation: 0, interpolation_duration: 1 }
$data merge entity $(bone_invisibility) { transformation: [0.027338672946709552f,-0.2689262428658494f,0.9627727005163633f,0.8101173988502887f,0.9817741656146411f,0.18843208952297136f,0.0247555119050672f,1.886075895897835f,-0.1880746785008227f,0.9445485818824063f,0.2691763209696332f,0.3234016727933103f,0f,0f,0f,1f], start_interpolation: 0, interpolation_duration: 1 }
$data merge entity $(bone_swiftness) { transformation: [0.27028561966709796f,0.0037961746010663072f,0.9627727005163635f,0.8101376755288575f,-0.10214779191852674f,0.9944611572286208f,0.02475551190506715f,1.730967018271337f,-0.9573460776580967f,-0.10503616435262086f,0.26917632096963323f,0.14410340839893399f,0f,0f,0f,1f], start_interpolation: 0, interpolation_duration: 1 }
$data merge entity $(bone_suspicious_stew) { transformation: [0.11766814135911402f,-0.24335762911715048f,0.9627727005163637f,0.8606180068534446f,0.8581183684405189f,0.5128547848809643f,0.024755511905067293f,1.8203078181680197f,-0.4997870288973832f,0.8232600038719113f,0.2691763209696335f,0.1488228534364463f,0f,0f,0f,1f], start_interpolation: 0, interpolation_duration: 1 }
$data merge entity $(bone_log) { transformation: [-0.9627727005163634f,0.0037961746010663072f,0.2702856196670982f,0.783502226427064f,-0.024755511905067175f,0.9944611572286208f,-0.10214779191852674f,1.9375064558343162f,-0.26917632096963345f,-0.10503616435262086f,-0.9573460776580965f,0.0655824554112423f,0f,0f,0f,1f], start_interpolation: 0, interpolation_duration: 1 }
$data merge entity $(bone_planks) { transformation: [-0.9627727005163634f,0.0037961746010663072f,0.2702856196670982f,0.693242285753655f,-0.024755511905067175f,0.9944611572286208f,-0.10214779191852674f,1.9351856265932161f,-0.26917632096963345f,-0.10503616435262086f,-0.9573460776580965f,0.04034717532033916f,0f,0f,0f,1f], start_interpolation: 0, interpolation_duration: 1 }
$data merge entity $(bone_lefthand1) { transformation: [-0.9627727005163634f,0.0037961746010663072f,0.2702856196670982f,1.0166980195918247f,-0.024755511905067175f,0.9944611572286208f,-0.10214779191852674f,2.195502741615192f,-0.26917632096963345f,-0.10503616435262086f,-0.9573460776580965f,0.13653455949231097f,0f,0f,0f,1f], start_interpolation: 0, interpolation_duration: 1 }
$data merge entity $(bone_leftforearm) { transformation: [-0.9817672531335793f,0.0037961746010663072f,0.19004907190761247f,0.9550372347887942f,-0.016255942949850763f,0.9944611572286208f,-0.1038400263979346f,2.895339746769668f,-0.18939061485025557f,-0.10503616435262086f,-0.9762676882826408f,0.0660982756331497f,0f,0f,0f,1f], start_interpolation: 0, interpolation_duration: 1 }
$data merge entity $(bone_leftelbow) { transformation: [-0.9883753240028543f,-0.011070489518065493f,0.15163002065581604f,0.952961518004157f,-0.009835875107921405f,0.999912108490278f,0.008889929999051638f,3.0828232671115954f,-0.15171510954125228f,0.007295173497393198f,-0.9883973421557389f,0.06746612066391092f,0f,0f,0f,1f], start_interpolation: 0, interpolation_duration: 1 }
$data merge entity $(bone_leftarm) { transformation: [-0.9883753240028543f,-0.011070489518065493f,0.15163002065581604f,0.7264807329740056f,-0.009835875107921405f,0.999912108490278f,0.008889929999051638f,3.5803499133644063f,-0.15171510954125228f,0.007295173497393198f,-0.9883973421557389f,0.06881344414282542f,0f,0f,0f,1f], start_interpolation: 0, interpolation_duration: 1 }
$data merge entity $(bone_rightthumb2) { transformation: [0.10417567750585865f,-0.6641401016267707f,-0.7403143613542683f,-1.1405700232457328f,0.1291971524724726f,0.7470940695374042f,-0.6520418292219027f,2.1600704409273592f,0.9861315956854846f,-0.027719608100097617f,0.16363404082762556f,-0.15891227680949202f,0f,0f,0f,1f], start_interpolation: 0, interpolation_duration: 1 }
$data merge entity $(bone_rightthumb) { transformation: [0.10417567750585865f,-0.6641401016267707f,-0.7403143613542683f,-1.3667108166543684f,0.1291971524724726f,0.7470940695374042f,-0.6520418292219027f,2.2875677936551555f,0.9861315956854846f,-0.027719608100097617f,0.16363404082762556f,-0.1517265467549534f,0f,0f,0f,1f], start_interpolation: 0, interpolation_duration: 1 }
$data merge entity $(bone_rightpointerfinger) { transformation: [-0.6490287251193685f,-0.7605931172503464f,0.016119055844806537f,-1.5947001482842662f,-0.7500828252580348f,0.6362347507889953f,-0.18050234663679457f,2.0232977681091784f,0.12703333902110772f,-0.12924183486729762f,-0.9834424634401763f,-0.1546231198821532f,0f,0f,0f,1f], start_interpolation: 0, interpolation_duration: 1 }
$data merge entity $(bone_rightmidfinger) { transformation: [-0.5441988709801262f,-0.8388013858254095f,0.016119055844806537f,-1.5921815458085151f,-0.8267110620853892f,0.5328862192666066f,-0.18050234663679457f,1.9950942764471793f,0.14281599577639542f,-0.11155497502628069f,-0.9834424634401763f,-0.3082860047946807f,0f,0f,0f,1f], start_interpolation: 0, interpolation_duration: 1 }
$data merge entity $(bone_rightringfinger) { transformation: [-0.6152343877772941f,-0.7881794365085719f,0.016119055844806537f,-1.589662943332764f,-0.7771210826630883f,0.6029110429733062f,-0.18050234663679457f,1.9668907847851802f,0.13254988108952634f,-0.12357770885507605f,-0.9834424634401763f,-0.46194888970720827f,0f,0f,0f,1f], start_interpolation: 0, interpolation_duration: 1 }
$data merge entity $(bone_hugeasssword) { transformation: [-3.6055158967433627f,1.5285768297238416f,0.06313296872549228f,-1.2686357902407428f,1.4931649757073473f,3.551187555261617f,-0.7069675243274455f,2.0808200789300395f,-0.33315349529842936f,-0.6267356705695075f,-3.851816315140691f,-0.3028291084470329f,0f,0f,0f,1f], start_interpolation: 0, interpolation_duration: 1 }
$data merge entity $(bone_ice) { transformation: [-0.9205572502323478f,0.3902749352486404f,0.016119055844806537f,-1.2603501290691224f,0.3812336108188972f,0.9066861843221149f,-0.18050234663679457f,2.060696332130961f,-0.08506046688470537f,-0.16001761801774658f,-0.9834424634401763f,-0.2989997633704321f,0f,0f,0f,1f], start_interpolation: 0, interpolation_duration: 1 }
$data merge entity $(bone_righthand1) { transformation: [-0.9205572502323478f,0.3902749352486404f,0.016119055844806537f,-1.392416987319899f,0.3812336108188972f,0.9066861843221149f,-0.18050234663679457f,2.3770355825838143f,-0.08506046688470537f,-0.16001761801774658f,-0.9834424634401763f,-0.3910018615785506f,0f,0f,0f,1f], start_interpolation: 0, interpolation_duration: 1 }
$data merge entity $(bone_rightforearm) { transformation: [-0.954964006391611f,0.2940712529749094f,0.03957075523982166f,-1.1265811802230625f,0.28521833684228803f,0.9465153394010226f,-0.15086156769530834f,3.0270852465427547f,-0.08181837706409305f,-0.13278106209973567f,-0.9877625943121474f,-0.4638161067647941f,0f,0f,0f,1f], start_interpolation: 0, interpolation_duration: 1 }
$data merge entity $(bone_rightelbow) { transformation: [-0.9502890927525618f,0.29406522067125485f,0.10235373069448592f,-1.0714439513472023f,0.2987490627626176f,0.9537411288074154f,0.03356868659352985f,3.205911708194145f,-0.08774757941943867f,0.062478037843095635f,-0.9941815010818226f,-0.4521014746692137f,0f,0f,0f,1f], start_interpolation: 0, interpolation_duration: 1 }
$data merge entity $(bone_rightarm) { transformation: [-0.9502890927525618f,0.24967662515896322f,0.18604360522400049f,-0.7445437623913479f,0.2987490627626176f,0.8995047824289644f,0.31881051407674593f,3.5803499133644063f,-0.08774757941943867f,0.3585425068756173f,-0.9293802413809846f,-0.22459230569024707f,0f,0f,0f,1f], start_interpolation: 0, interpolation_duration: 1 }
$data merge entity $(bone_chest1) { transformation: [-1.0624065799860885f,-0.025489180624412546f,0.2103655665370881f,0.013835532733445113f,0f,1.075467505272672f,0.13031023065625394f,3.4344530386401355f,-0.211904152657219f,0.1277930275280392f,-1.0546926961503786f,-0.20441276729712538f,0f,0f,0f,1f], start_interpolation: 0, interpolation_duration: 1 }
$data merge entity $(bone_chest1lid) { transformation: [-0.9806829969102356f,-0.02352847442253466f,0.19418359988038902f,-0.3809032820689104f,0f,0.9927392356363127f,0.12028636675961904f,2.708895642645125f,-0.19560383322204833f,0.11796279464126695f,-0.9735624887541957f,0.02915509353975864f,0f,0f,0f,1f], start_interpolation: 0, interpolation_duration: 1 }
$data merge entity $(bone_chest2) { transformation: [-0.9806829969102356f,-0.02352847442253466f,0.19418359988038902f,-0.37722695794038935f,0f,0.9927392356363127f,0.12028636675961904f,2.5537801370769513f,-0.19560383322204833f,0.11796279464126695f,-0.9735624887541957f,0.010723406877060679f,0f,0f,0f,1f], start_interpolation: 0, interpolation_duration: 1 }
$data merge entity $(bone_chest1lid3) { transformation: [-0.9806829969102356f,-0.02352847442253466f,0.19418359988038902f,-0.19521172608864648f,0f,0.9927392356363127f,0.12028636675961904f,2.785954096350506f,-0.19560383322204833f,0.11796279464126695f,-0.9735624887541957f,-0.5823081362420199f,0f,0f,0f,1f], start_interpolation: 0, interpolation_duration: 1 }
$data merge entity $(bone_chest3) { transformation: [-0.9806829969102356f,-0.02352847442253466f,0.19418359988038902f,-0.19153540196012545f,0f,0.9927392356363127f,0.12028636675961904f,2.630838590782332f,-0.19560383322204833f,0.11796279464126695f,-0.9735624887541957f,-0.600739822904718f,0f,0f,0f,1f], start_interpolation: 0, interpolation_duration: 1 }
$data merge entity $(bone_hugeasssword2) { transformation: [-0.760552432864858f,2.7696306534130533f,-2.6628901250926433f,-1.1702717134871319f,-0.47112160314184104f,2.6268492163876815f,2.8667028808710304f,4.618196536535576f,3.8131197476206f,0.8769760634224805f,-0.17694222861601394f,-0.5664610510487332f,0f,0f,0f,1f], start_interpolation: 0, interpolation_duration: 1 }
$data merge entity $(bone_belt) { transformation: [-0.9806829969102356f,-0.02352847442253466f,0.19418359988038902f,0.02919856180411943f,0f,0.9927392356363127f,0.12028636675961904f,3.023269432784372f,-0.19560383322204833f,0.11796279464126695f,-0.9735624887541957f,-0.11769417732912447f,0f,0f,0f,1f], start_interpolation: 0, interpolation_duration: 1 }
$data merge entity $(bone_torn_part) { transformation: [-0.9806829969102356f,-0.07295784001682014f,0.18148832786501443f,-0.08541682893339939f,0f,0.92783625389892f,0.3729877825758089f,2.743643818875782f,-0.19560383322204833f,0.3657827764273476f,-0.9099132381155591f,-0.17420769210745546f,0f,0f,0f,1f], start_interpolation: 0, interpolation_duration: 1 }
$data merge entity $(bone_lowerbody) { transformation: [-0.9806829969102356f,-0.015006535982675867f,0.1950273402601788f,-0.009745314592680875f,0f,0.9970527522269202f,0.07671902812681865f,2.246013041372147f,-0.19560383322204833f,0.07523704642344917f,-0.9777926811314948f,-0.05434049855919812f,0f,0f,0f,1f], start_interpolation: 0, interpolation_duration: 1 }
$data merge entity $(bone_leftfoot) { transformation: [-0.9982568476170223f,-0.04503185753456057f,-0.03814967880221626f,0.40065299930597753f,-0.05192002629907912f,0.9774173263586005f,0.2048406234200338f,0.1736545126713236f,0.028063803285160033f,0.206464287325901f,-0.9780515942444854f,-0.3389585244521174f,0f,0f,0f,1f], start_interpolation: 0, interpolation_duration: 1 }
$data merge entity $(bone_leftlowerleg) { transformation: [-0.9982568476170223f,-0.04503185753456057f,-0.03814967880221626f,0.3565573135966902f,-0.05192002629907912f,0.9774173263586005f,0.2048406234200338f,1.2265039934896351f,0.028063803285160033f,0.206464287325901f,-0.9780515942444854f,0.04036114277999439f,0f,0f,0f,1f], start_interpolation: 0, interpolation_duration: 1 }
$data merge entity $(bone_leftleg) { transformation: [-0.9982568476170223f,-0.05695311424954455f,-0.01547930757506788f,0.2652522134114736f,-0.05192002629907912f,0.9721510610289034f,-0.2285314538733791f,2.2637433825663376f,0.028063803285160033f,-0.22732940266858528f,-0.9734134607799072f,-0.17494984203376848f,0f,0f,0f,1f], start_interpolation: 0, interpolation_duration: 1 }
$data merge entity $(bone_rightfoot) { transformation: [-0.9608737530893809f,0.015109389566589776f,0.27657428834013537f,-0.30837630156193846f,0.012545109664635195f,0.999860374206464f,-0.011038673616511868f,0.11801588808209074f,-0.27670245905562457f,-0.0071371169693810466f,-0.9609291392781967f,-0.19375021492367792f,0f,0f,0f,1f], start_interpolation: 0, interpolation_duration: 1 }
$data merge entity $(bone_rightlowerleg) { transformation: [-0.9608737530893809f,0.015109389566589776f,0.27657428834013537f,-0.33410875190245326f,0.012545109664635195f,0.999860374206464f,-0.011038673616511868f,1.2289320346243666f,-0.27670245905562457f,-0.0071371169693810466f,-0.9609291392781967f,-0.05402539587647445f,0f,0f,0f,1f], start_interpolation: 0, interpolation_duration: 1 }
$data merge entity $(bone_rightleg) { transformation: [-0.9608737530893809f,0.08083894268332865f,0.2649277183870514f,-0.22508928504364423f,0.012545109664635195f,0.9681833495052109f,-0.24992723333877173f,2.2637433825663376f,-0.27670245905562457f,-0.23682497141710393f,-0.9313161021188555f,-0.2727517586447926f,0f,0f,0f,1f], start_interpolation: 0, interpolation_duration: 1 }
data modify entity @s data merge value {"locators":{"lefthand":{"posx":0.8692423781524664,"posy":1.8637310664156574,"posz":0.1139822183056017,"roty":15.76585992507114,"rotx":-5.862863355100441},"righthand":{"posx":-1.35300227738924,"posy":2.0850903606813995,"posz":-0.2891076183680932,"roty":0.9390190215605685,"rotx":-10.399021435461965},"chest":{"posx":-0.4404202835522576,"posy":2.6280546956116653,"posz":0.16778893795433353,"roty":11.279999999999973,"rotx":6.90862990055067},"sack":{"posx":0,"posy":-0.4375,"posz":0,"roty":0,"rotx":0}},"cameras":{}}