# This file was generated by Animated Java via MC-Build. It is not recommended to edit this file directly.
$data merge entity $(bone_nose) { transformation: [-0.9997660172300626f,0.0015387504385274823f,0.02157644639476332f,-0.0027574696586360713f,0.00007348979227795667f,0.9977025204182145f,-0.06774714274707788f,4.161123652096718f,-0.021631120895334907f,-0.06772970543439893f,-0.9974691883013637f,0.02316207076937249f,0f,0f,0f,1f], start_interpolation: 0, interpolation_duration: 1 }
$data merge entity $(bone_glowing_eye) { transformation: [-0.9997660172300626f,0.0015387504385274823f,0.02157644639476332f,-0.12837695948758254f,0.00007348979227795667f,0.9977025204182145f,-0.06774714274707788f,4.231049484174168f,-0.021631120895334907f,-0.06772970543439893f,-0.9974691883013637f,0.0506796400397089f,0f,0f,0f,1f], start_interpolation: 0, interpolation_duration: 1 }
$data merge entity $(bone_head) { transformation: [-0.9997660172300626f,0.0015387504385274823f,0.02157644639476332f,0.0010928277154610816f,0.00007348979227795667f,0.9977025204182145f,-0.06774714274707788f,4.025244471480749f,-0.021631120895334907f,-0.06772970543439893f,-0.9974691883013637f,-0.1552559697142893f,0f,0f,0f,1f], start_interpolation: 0, interpolation_duration: 1 }
$data merge entity $(bone_leftthumb2) { transformation: [-0.999758204436984f,-0.0007557387494248966f,0.021976385505361344f,0.9494020168746239f,0f,0.9994092334821512f,0.034368357985494695f,1.775191030271268f,-0.021989376092505182f,0.03436004786902566f,-0.999167580763858f,0.07417790662305324f,0f,0f,0f,1f], start_interpolation: 0, interpolation_duration: 1 }
$data merge entity $(bone_leftthumb) { transformation: [-0.999758204436984f,-0.0007557387494248966f,0.021976385505361344f,0.9510947245786925f,0f,0.9994092334821512f,0.034368357985494695f,2.0232256831660598f,-0.021989376092505182f,0.03436004786902566f,-0.999167580763858f,-0.002781912870554626f,0f,0f,0f,1f], start_interpolation: 0, interpolation_duration: 1 }
$data merge entity $(bone_leftpointerfinger) { transformation: [-0.999758204436984f,-0.0007557387494248966f,0.021976385505361344f,1.0617213980367064f,0f,0.9994092334821512f,0.034368357985494695f,1.6969055452102988f,-0.021989376092505182f,0.03436004786902566f,-0.999167580763858f,-0.05848719591576673f,0f,0f,0f,1f], start_interpolation: 0, interpolation_duration: 1 }
$data merge entity $(bone_leftmidfinger) { transformation: [-0.999758204436984f,-0.0007557387494248966f,0.021976385505361344f,1.0651552082719191f,0f,0.9994092334821512f,0.034368357985494695f,1.7022756011455324f,-0.021989376092505182f,0.03436004786902566f,-0.999167580763858f,-0.21460713041011956f,0f,0f,0f,1f], start_interpolation: 0, interpolation_duration: 1 }
$data merge entity $(bone_leftringfinger) { transformation: [-0.999758204436984f,-0.0007557387494248966f,0.021976385505361344f,1.0685890185071318f,0f,0.9994092334821512f,0.034368357985494695f,1.7076456570807659f,-0.021989376092505182f,0.03436004786902566f,-0.999167580763858f,-0.3707270649044724f,0f,0f,0f,1f], start_interpolation: 0, interpolation_duration: 1 }
$data merge entity $(bone_invisibility) { transformation: [0.001162505266308845f,-0.021958625695690508f,0.9997582044369838f,0.8734973137320111f,0.9986015793860974f,0.05286667804573578f,6.310966557255437e-17f,1.8051419189353626f,-0.052853895117552764f,0.9983601219549811f,0.02198937609250496f,-0.027628086798566223f,0f,0f,0f,1f], start_interpolation: 0, interpolation_duration: 1 }
$data merge entity $(bone_swiftness) { transformation: [0.021976385505361122f,-0.0007557387494248966f,0.999758204436984f,0.8256496942625628f,0.034368357985494695f,0.9994092334821512f,7.631308470811214e-18f,1.6762491108133446f,-0.999167580763858f,0.03436004786902566f,0.02198937609250496f,-0.22077021392276142f,0f,0f,0f,1f], start_interpolation: 0, interpolation_duration: 1 }
$data merge entity $(bone_suspicious_stew) { transformation: [0.008602689928050194f,-0.02023675831104028f,0.9997582044369843f,0.8776533112681457f,0.920297066451915f,0.39122028255191443f,1.1095671420348631e-16f,1.764738678238167f,-0.3911256872234317f,0.9200745427045903f,0.02198937609250519f,-0.21658263543565018f,0f,0f,0f,1f], start_interpolation: 0, interpolation_duration: 1 }
$data merge entity $(bone_log) { transformation: [-0.999758204436984f,-0.0007557387494248966f,0.021976385505361344f,0.7848616553290642f,0f,0.9994092334821512f,0.034368357985494695f,1.891275849204006f,-0.021989376092505182f,0.03436004786902566f,-0.999167580763858f,-0.2611851138090002f,0f,0f,0f,1f], start_interpolation: 0, interpolation_duration: 1 }
$data merge entity $(bone_planks) { transformation: [-0.999758204436984f,-0.0007557387494248966f,0.021976385505361344f,0.6911343236630969f,0f,0.9994092334821512f,0.034368357985494695f,1.891275849204006f,-0.021989376092505182f,0.03436004786902566f,-0.999167580763858f,-0.26324661781767256f,0f,0f,0f,1f], start_interpolation: 0, interpolation_duration: 1 }
$data merge entity $(bone_lefthand1) { transformation: [-0.999758204436984f,-0.0007557387494248966f,0.021976385505361344f,1.0339255097039113f,0f,0.9994092334821512f,0.034368357985494695f,2.140054146387497f,-0.021989376092505182f,0.03436004786902566f,-0.999167580763858f,-0.2158737709197469f,0f,0f,0f,1f], start_interpolation: 0, interpolation_duration: 1 }
$data merge entity $(bone_leftforearm) { transformation: [-0.999758204436984f,-0.0007557387494248966f,0.021976385505361344f,0.9705658620948892f,0f,0.9994092334821512f,0.034368357985494695f,2.8422267580861114f,-0.021989376092505182f,0.03436004786902566f,-0.999167580763858f,-0.17747670481818453f,0f,0f,0f,1f], start_interpolation: 0, interpolation_duration: 1 }
$data merge entity $(bone_leftelbow) { transformation: [-0.999758204436984f,-0.0007557387494248966f,0.021976385505361344f,0.970424161079372f,0f,0.9994092334821512f,0.034368357985494695f,3.029615989364015f,-0.021989376092505182f,0.03436004786902566f,-0.999167580763858f,-0.1710341958427422f,0f,0f,0f,1f], start_interpolation: 0, interpolation_duration: 1 }
$data merge entity $(bone_leftarm) { transformation: [-0.999758204436984f,-0.0007557387494248966f,0.021976385505361344f,0.7506624224370267f,0f,0.9994092334821512f,0.034368357985494695f,3.528246594918044f,-0.021989376092505182f,0.03436004786902566f,-0.999167580763858f,-0.12744036102959433f,0f,0f,0f,1f], start_interpolation: 0, interpolation_duration: 1 }
$data merge entity $(bone_rightthumb2) { transformation: [-0.9943868521205992f,-0.018385890114950797f,0.10419571667955704f,-0.9624624642043581f,-0.04231775745456806f,0.9717002611282822f,-0.23239580445275848f,1.886531323869238f,-0.09697420138213009f,-0.23550066150206322f,-0.9670240135065877f,0.12008830973214601f,0f,0f,0f,1f], start_interpolation: 0, interpolation_duration: 1 }
$data merge entity $(bone_rightthumb) { transformation: [-0.9943868521205992f,-0.018385890114950797f,0.10419571667955704f,-0.9580671604027307f,-0.04231775745456806f,0.9717002611282822f,-0.23239580445275848f,2.1049735606999693f,-0.09697420138213009f,-0.23550066150206322f,-0.9670240135065877f,-0.020305915880512948f,0f,0f,0f,1f], start_interpolation: 0, interpolation_duration: 1 }
$data merge entity $(bone_rightpointerfinger) { transformation: [-0.9943868521205992f,-0.018385890114950797f,0.10419571667955704f,-1.0559111779400987f,-0.04231775745456806f,0.9717002611282822f,-0.23239580445275848f,1.7706123544619352f,-0.09697420138213009f,-0.23550066150206322f,-0.9670240135065877f,0.0010319347655597944f,0f,0f,0f,1f], start_interpolation: 0, interpolation_duration: 1 }
$data merge entity $(bone_rightmidfinger) { transformation: [-0.9943868521205992f,-0.018385890114950797f,0.10419571667955704f,-1.039630597208918f,-0.04231775745456806f,0.9717002611282822f,-0.23239580445275848f,1.7343005100161917f,-0.09697420138213009f,-0.23550066150206322f,-0.9670240135065877f,-0.15006556734484455f,0f,0f,0f,1f], start_interpolation: 0, interpolation_duration: 1 }
$data merge entity $(bone_rightringfinger) { transformation: [-0.9943868521205992f,-0.018385890114950797f,0.10419571667955704f,-1.0233500164777372f,-0.04231775745456806f,0.9717002611282822f,-0.23239580445275848f,1.6979886655704481f,-0.09697420138213009f,-0.23550066150206322f,-0.9670240135065877f,-0.3011630694552489f,0f,0f,0f,1f], start_interpolation: 0, interpolation_duration: 1 }
$data merge entity $(bone_hugeasssword) { transformation: [-3.550788421744233f,1.5487295661220646f,-0.5775950941656582f,-0.7808592816171012f,-1.6460899255825647f,-3.4375635632138075f,0.9021211024791288f,1.9465489643263179f,-0.1502242280075376f,1.0605994803232432f,3.7673384771527214f,-0.1570331167592824f,0f,0f,0f,1f], start_interpolation: 0, interpolation_duration: 1 }
$data merge entity $(bone_ice) { transformation: [-0.9943868521205992f,-0.018385890114950797f,0.10419571667955704f,-0.7650347075196708f,-0.04231775745456806f,0.9717002611282822f,-0.23239580445275848f,1.9320273627064162f,-0.09697420138213009f,-0.23550066150206322f,-0.9670240135065877f,-0.1518381970267169f,0f,0f,0f,1f], start_interpolation: 0, interpolation_duration: 1 }
$data merge entity $(bone_righthand1) { transformation: [-0.9943868521205992f,-0.018385890114950797f,0.10419571667955704f,-1.014971776932322f,-0.04231775745456806f,0.9717002611282822f,-0.23239580445275848f,2.157110619735696f,-0.09697420138213009f,-0.23550066150206322f,-0.9670240135065877f,-0.2651764131698461f,0f,0f,0f,1f], start_interpolation: 0, interpolation_duration: 1 }
$data merge entity $(bone_rightforearm) { transformation: [-0.9992218991445986f,-0.004578024372818451f,0.03917445548700738f,-0.9563514324899071f,-0.007460456594656359f,0.997248653384656f,-0.07375272815218277f,2.859919744061326f,-0.03872903119445271f,-0.07398760041609946f,-0.9965068475065323f,-0.2992079607704732f,0f,0f,0f,1f], start_interpolation: 0, interpolation_duration: 1 }
$data merge entity $(bone_rightelbow) { transformation: [-0.9991660022929499f,-0.004639747302073014f,0.04056812303888f,-0.9572213851090458f,-0.007686723562106509f,0.9971329947036556f,-0.07527752090896406f,3.0468821805682613f,-0.04010254534072066f,-0.07552657557636694f,-0.9963370525273579f,-0.313369193691042f,0f,0f,0f,1f], start_interpolation: 0, interpolation_duration: 1 }
$data merge entity $(bone_rightarm) { transformation: [-0.9991660022929499f,-0.01662407552196952f,0.03729530768025187f,-0.7481313382334556f,-0.007686723562106509f,0.973619026308848f,0.22805022668326974f,3.528246594918044f,-0.04010254534072066f,0.22757335459682185f,-0.9729348149463791f,-0.16040587163227404f,0f,0f,0f,1f], start_interpolation: 0, interpolation_duration: 1 }
$data merge entity $(bone_chest1) { transformation: [-1.083071388140066f,-0.000818716978543638f,0.023807750964141453f,0.001061278241809739f,0f,1.0826933362723303f,0.03723238781761925f,3.371823573843324f,-0.023821824100213947f,0.03722338519144446f,-1.0824315458275129f,-0.25946916545168275f,0f,0f,0f,1f], start_interpolation: 0, interpolation_duration: 1 }
$data merge entity $(bone_chest1lid) { transformation: [-0.999758204436984f,-0.0007557387494248966f,0.021976385505361344f,-0.34836631751948016f,0f,0.9994092334821512f,0.034368357985494695f,2.6753289534840583f,-0.021989376092505182f,0.03436004786902566f,-0.999167580763858f,0.10053335056957276f,0f,0f,0f,1f], start_interpolation: 0, interpolation_duration: 1 }
$data merge entity $(bone_chest2) { transformation: [-0.999758204436984f,-0.0007557387494248966f,0.021976385505361344f,-0.34824823333988253f,0f,0.9994092334821512f,0.034368357985494695f,2.519171260752472f,-0.021989376092505182f,0.03436004786902566f,-0.999167580763858f,0.0951645930900375f,0f,0f,0f,1f], start_interpolation: 0, interpolation_duration: 1 }
$data merge entity $(bone_chest1lid3) { transformation: [-0.999758204436984f,-0.0007557387494248966f,0.021976385505361344f,-0.27180280777779653f,0f,0.9994092334821512f,0.034368357985494695f,2.697346182818516f,-0.021989376092505182f,0.03436004786902566f,-0.999167580763858f,-0.5381840448514922f,0f,0f,0f,1f], start_interpolation: 0, interpolation_duration: 1 }
$data merge entity $(bone_chest3) { transformation: [-0.999758204436984f,-0.0007557387494248966f,0.021976385505361344f,-0.2716847235981989f,0f,0.9994092334821512f,0.034368357985494695f,2.5411884900869297f,-0.021989376092505182f,0.03436004786902566f,-0.999167580763858f,-0.5435528023310274f,0f,0f,0f,1f], start_interpolation: 0, interpolation_duration: 1 }
$data merge entity $(bone_hugeasssword2) { transformation: [-0.08607417656266614f,2.8849716121640805f,-2.6476041643180395f,-1.225747358677528f,-0.134609402109854f,2.6444984418697564f,2.8859636306769074f,4.5405439626447555f,3.9134063579917777f,0.1544168570253771f,0.04103521991798685f,-0.5114033241305804f,0f,0f,0f,1f], start_interpolation: 0, interpolation_duration: 1 }
$data merge entity $(bone_belt) { transformation: [-0.999758204436984f,-0.0007557387494248966f,0.021976385505361344f,0.030506553444613647f,0f,0.9994092334821512f,0.034368357985494695f,2.969229989889182f,-0.021989376092505182f,0.03436004786902566f,-0.999167580763858f,-0.14165797684888798f,0f,0f,0f,1f], start_interpolation: 0, interpolation_duration: 1 }
$data merge entity $(bone_torn_part) { transformation: [-0.999758204436984f,-0.0066123329184969186f,0.020971640715800002f,-0.09269657966163107f,0f,0.9537169507482269f,0.30070579950427306f,2.68706f,-0.021989376092505182f,0.3006330901761798f,-0.9534863462211629f,-0.15449516984165598f,0f,0f,0f,1f], start_interpolation: 0, interpolation_duration: 1 }
$data merge entity $(bone_lowerbody) { transformation: [-0.999758204436984f,0f,0.021989376092505182f,0.001843801477409621f,0f,1f,0f,2.19877875f,-0.021989376092505182f,0f,-0.999758204436984f,-0.011756772333671395f,0f,0f,0f,1f], start_interpolation: 0, interpolation_duration: 1 }
$data merge entity $(bone_leftfoot) { transformation: [-0.9984709874875145f,-0.04456637335945415f,0.03270360089185123f,0.3541183131998454f,-0.0363296574303138f,0.9749526728823814f,0.21942525294618237f,0.20459032107767672f,-0.04166345084968122f,0.2179016383717337f,-0.9750810391235236f,-0.12768923880522048f,0f,0f,0f,1f], start_interpolation: 0, interpolation_duration: 1 }
$data merge entity $(bone_leftlowerleg) { transformation: [-0.9984709874875145f,-0.04456637335945415f,0.03270360089185123f,0.2996527275554219f,-0.0363296574303138f,0.9749526728823814f,0.21942525294618237f,1.2524647124268693f,-0.04166345084968122f,0.2179016383717337f,-0.9750810391235236f,0.26386232694520484f,0f,0f,0f,1f], start_interpolation: 0, interpolation_duration: 1 }
$data merge entity $(bone_leftleg) { transformation: [-0.9984709874875145f,-0.014497769365957907f,0.05334324539357584f,0.25165747111647296f,-0.0363296574303138f,0.8994236702845102f,-0.43556539959337537f,2.21831f,-0.04166345084968122f,-0.43683735647876115f,-0.8985751392331885f,-0.1781787656985131f,0f,0f,0f,1f], start_interpolation: 0, interpolation_duration: 1 }
$data merge entity $(bone_rightfoot) { transformation: [-0.9961963336248602f,0.026122220633170594f,0.08312938386381948f,-0.37171433096400636f,0.030727108570048997f,0.9980350996755042f,0.05460571961462085f,0.16991462556447012f,-0.08153962025488418f,0.05695234327837728f,-0.9950415674351455f,0.0609472232606354f,0f,0f,0f,1f], start_interpolation: 0, interpolation_duration: 1 }
$data merge entity $(bone_rightlowerleg) { transformation: [-0.9961963336248602f,0.026122220633170594f,0.08312938386381948f,-0.3555074585887042f,0.030727108570048997f,0.9980350996755042f,0.05460571961462085f,1.2687198843482195f,-0.08153962025488418f,0.05695234327837728f,-0.9950415674351455f,0.2770125126146378f,0f,0f,0f,1f], start_interpolation: 0, interpolation_duration: 1 }
$data merge entity $(bone_rightleg) { transformation: [-0.9936501368386267f,0.0738308493507721f,0.08490236301023751f,-0.248221631102019f,0.0255623533594083f,0.8829962770454148f,-0.46868341213943726f,2.21831f,-0.1095717648452707f,-0.4635370324020298f,-0.8792766617741041f,-0.18917345374476568f,0f,0f,0f,1f], start_interpolation: 0, interpolation_duration: 1 }
data modify entity @s data merge value {"locators":{"lefthand":{"posx":0.8783046480613088,"posy":1.8126599972446895,"posz":-0.24619599509066017,"roty":1.259999999999991,"rotx":1.9695497246517644},"righthand":{"posx":-0.8595992534460489,"posy":1.9165084408094952,"posz":-0.1421400803592814,"roty":6.1498276251598725,"rotx":-13.438163917933517},"chest":{"posx":-0.3829953379715096,"posy":2.60749582045619,"posz":0.2538186140692207,"roty":1.259999999999991,"rotx":1.9695497246517644},"sack":{"posx":0,"posy":-0.4375,"posz":0,"roty":0,"rotx":0}},"cameras":{}}