# This file was generated by Animated Java via MC-Build. It is not recommended to edit this file directly.
$data merge entity $(bone_nose) { transformation: [-0.9478375128832082f,-0.14649280896460126f,0.28309699061105353f,-0.6072308664834076f,-0.04070123853416835f,0.9364885676898678f,0.34832825289942293f,3.195165370423805f,-0.31614467946362595f,0.31863618675197636f,-0.893601433603931f,0.9947229805350302f,0f,0f,0f,1f], start_interpolation: 0, interpolation_duration: 1 }
$data merge entity $(bone_glowing_eye) { transformation: [-0.9478375128832082f,-0.14649280896460126f,0.28309699061105353f,-0.7455081554377769f,-0.04070123853416835f,0.9364885676898678f,0.34832825289942293f,3.2413304685191675f,-0.31614467946362595f,0.31863618675197636f,-0.893601433603931f,1.0079619348907083f,0f,0f,0f,1f], start_interpolation: 0, interpolation_duration: 1 }
$data merge entity $(bone_head) { transformation: [-0.9478375128832082f,-0.14649280896460126f,0.28309699061105353f,-0.5361310652456139f,-0.04070123853416835f,0.9364885676898678f,0.34832825289942293f,3.144756895608916f,-0.31614467946362595f,0.31863618675197636f,-0.893601433603931f,0.7880474434834757f,0f,0f,0f,1f], start_interpolation: 0, interpolation_duration: 1 }
$data merge entity $(bone_leftthumb2) { transformation: [-0.7553686776213597f,-0.13366614073265382f,0.6415228161883231f,0.4023244684543452f,-0.5731148887894737f,-0.3399260302767517f,-0.7456471137127253f,2.9064099070311613f,0.31773807627728107f,-0.9309047517130455f,0.18016342059831517f,2.9268302775183024f,0f,0f,0f,1f], start_interpolation: 0, interpolation_duration: 1 }
$data merge entity $(bone_leftthumb) { transformation: [-0.7553686776213597f,-0.13366614073265382f,0.6415228161883231f,0.42436678600013095f,-0.5731148887894737f,-0.3399260302767517f,-0.7456471137127253f,2.7593244593309096f,0.31773807627728107f,-0.9309047517130455f,0.18016342059831517f,2.713929184462096f,0f,0f,0f,1f], start_interpolation: 0, interpolation_duration: 1 }
$data merge entity $(bone_leftpointerfinger) { transformation: [-0.6640978597224302f,-0.38395638947918376f,0.6415228161883231f,0.5809158195516968f,-0.4222902822626248f,-0.5154428186699613f,-0.7456471137127253f,2.8985949205215333f,0.616964302223913f,-0.7660915034509092f,0.18016342059831517f,2.9930748643656573f,0f,0f,0f,1f], start_interpolation: 0, interpolation_duration: 1 }
$data merge entity $(bone_leftmidfinger) { transformation: [-0.7553686776213597f,-0.13366614073265382f,0.6415228161883231f,0.6811537595811223f,-0.5731148887894737f,-0.3399260302767517f,-0.7456471137127253f,2.78208755900392f,0.31773807627728107f,-0.9309047517130455f,0.18016342059831517f,3.021225398834144f,0f,0f,0f,1f], start_interpolation: 0, interpolation_duration: 1 }
$data merge entity $(bone_leftringfinger) { transformation: [-0.7490214782810577f,0.1655756666405488f,0.6415228161883231f,0.7813916996105478f,-0.6595731755466239f,-0.09472912915901041f,-0.7456471137127253f,2.6655801974863067f,-0.0626901202184299f,-0.9816369444480546f,0.18016342059831517f,3.0493759333026307f,0f,0f,0f,1f], start_interpolation: 0, interpolation_duration: 1 }
$data merge entity $(bone_invisibility) { transformation: [-0.07724510317779236f,-0.6507313999674602f,0.7553686776213596f,0.4046168703491728f,-0.4036199371283543f,0.7131831956799964f,0.5731148887894735f,2.77725794161551f,-0.9116601013467436f,-0.2606115394529896f,-0.317738076277281f,2.945202939555336f,0f,0f,0f,1f], start_interpolation: 0, interpolation_duration: 1 }
$data merge entity $(bone_swiftness) { transformation: [0.6415228161883229f,-0.13366614073265382f,0.7553686776213598f,0.5036610881981716f,-0.7456471137127254f,-0.3399260302767517f,0.5731148887894736f,2.6536312141534237f,0.18016342059831525f,-0.9309047517130455f,-0.317738076277281f,3.1215925852611606f,0f,0f,0f,1f], start_interpolation: 0, interpolation_duration: 1 }
$data merge entity $(bone_suspicious_stew) { transformation: [0.14997659323536652f,-0.6379068759231805f,0.75536867762136f,0.5311679987313266f,-0.623201695325518f,0.5321268375032683f,0.5731148887894738f,2.6533831404635966f,-0.767545873824434f,-0.556700859042537f,-0.31773807627728123f,3.022619741154069f,0f,0f,0f,1f], start_interpolation: 0, interpolation_duration: 1 }
$data merge entity $(bone_log) { transformation: [-0.7553686776213597f,-0.13366614073265382f,0.6415228161883231f,0.47371529962157f,-0.5731148887894737f,-0.3399260302767517f,-0.7456471137127253f,2.5222106573997056f,0.31773807627728107f,-0.9309047517130455f,0.18016342059831517f,2.9444897521814797f,0f,0f,0f,1f], start_interpolation: 0, interpolation_duration: 1 }
$data merge entity $(bone_planks) { transformation: [-0.7553686776213597f,-0.13366614073265382f,0.6415228161883231f,0.4028994860945675f,-0.5731148887894737f,-0.3399260302767517f,-0.7456471137127253f,2.4684811365756927f,0.31773807627728107f,-0.9309047517130455f,0.18016342059831517f,2.9742776968324747f,0f,0f,0f,1f], start_interpolation: 0, interpolation_duration: 1 }
$data merge entity $(bone_lefthand1) { transformation: [-0.7553686776213597f,-0.13366614073265382f,0.6415228161883231f,0.6090933458378613f,-0.5731148887894737f,-0.3399260302767517f,-0.7456471137127253f,2.6038093443314088f,0.31773807627728107f,-0.9309047517130455f,0.18016342059831517f,2.6266989382902004f,0f,0f,0f,1f], start_interpolation: 0, interpolation_duration: 1 }
$data merge entity $(bone_leftforearm) { transformation: [-0.781017510264523f,0.07111933686961328f,0.6204463623742447f,0.5922526948944749f,-0.6158144697761435f,0.07749965314595808f,-0.7840703683832103f,2.6142899467508194f,-0.10384694253820272f,-0.9944525346568746f,-0.016732269421228463f,1.9072806624625542f,0f,0f,0f,1f], start_interpolation: 0, interpolation_duration: 1 }
$data merge entity $(bone_leftelbow) { transformation: [-0.781017510264523f,0.07111933686961328f,0.6204463623742447f,0.6055875705575273f,-0.6158144697761435f,0.07749965314595808f,-0.7840703683832103f,2.6288211317156867f,-0.10384694253820272f,-0.9944525346568746f,-0.016732269421228463f,1.7208208122143902f,0f,0f,0f,1f], start_interpolation: 0, interpolation_duration: 1 }
$data merge entity $(bone_leftarm) { transformation: [-0.8401003432134927f,-0.3326078577024687f,0.4284897038753046f,0.18924929789474476f,-0.508441020018548f,0.2076194448168537f,-0.8356924645444875f,2.689827299407651f,0.18899508590190944f,-0.9199272683905589f,-0.3435326452848608f,1.3269890769976214f,0f,0f,0f,1f], start_interpolation: 0, interpolation_duration: 1 }
$data merge entity $(bone_rightthumb2) { transformation: [-0.5604052317447759f,0.45839064771250054f,0.6897999639915893f,-1.5148508298201593f,0.4652315061916697f,0.8632822987554027f,-0.19571233559031867f,1.822595577101123f,-0.6852048028726258f,0.21123845943696268f,-0.6970456881546464f,-1.1098143380269967f,0f,0f,0f,1f], start_interpolation: 0, interpolation_duration: 1 }
$data merge entity $(bone_rightthumb) { transformation: [-0.5604052317447759f,0.45839064771250054f,0.6897999639915893f,-1.3434853809757152f,0.4652315061916697f,0.8632822987554027f,-0.19571233559031867f,2.0175839993349354f,-0.6852048028726258f,0.21123845943696268f,-0.6970456881546464f,-1.117577472034003f,0f,0f,0f,1f], start_interpolation: 0, interpolation_duration: 1 }
$data merge entity $(bone_rightpointerfinger) { transformation: [-0.008759417015440786f,0.5845101033568143f,0.8113391471433852f,-1.5027922578340909f,0.8418628138993298f,0.4421594658036881f,-0.3094543736541774f,1.921984665624396f,-0.5396204918153605f,0.6803256175347236f,-0.4959503795128551f,-1.4130571807361934f,0f,0f,0f,1f], start_interpolation: 0, interpolation_duration: 1 }
$data merge entity $(bone_rightmidfinger) { transformation: [0.06760939911672467f,0.5806528717432813f,0.8113391471433852f,-1.376020516092937f,0.8923739522475944f,0.32849158280891816f,-0.3094543736541774f,1.8736324197409306f,-0.446203651375785f,0.7449399456063366f,-0.4959503795128551f,-1.490549427535077f,0f,0f,0f,1f], start_interpolation: 0, interpolation_duration: 1 }
$data merge entity $(bone_rightringfinger) { transformation: [0.11795935725659622f,0.5725507648656621f,0.8113391471433852f,-1.249248774351783f,0.9176081278302952f,0.24946605854520754f,-0.3094543736541774f,1.8252801738574655f,-0.37957991750801423f,0.7809944348621595f,-0.4959503795128551f,-1.5680416743339605f,0f,0f,0f,1f], start_interpolation: 0, interpolation_duration: 1 }
$data merge entity $(bone_hugeasssword) { transformation: [-0.23370552988036045f,2.277629527092306f,3.177744992978259f,-1.2547262360376665f,3.1338132623656545f,2.01257953632849f,-1.2120296301455282f,1.7703108963720466f,-2.337706983285597f,2.4702641812257355f,-1.9424723197586826f,-1.1961467996432615f,0f,0f,0f,1f], start_interpolation: 0, interpolation_duration: 1 }
$data merge entity $(bone_ice) { transformation: [-0.05966949699073032f,0.5815224324490993f,0.8113391471433852f,-1.2628801881542033f,0.800122535072082f,0.5138500943817421f,-0.3094543736541774f,1.7497800740368308f,-0.5968613574346204f,0.63070574839806f,-0.4959503795128551f,-1.1966756182520653f,0f,0f,0f,1f], start_interpolation: 0, interpolation_duration: 1 }
$data merge entity $(bone_righthand1) { transformation: [-0.05966949699073032f,0.5815224324490993f,0.8113391471433852f,-1.1070626059413804f,0.800122535072082f,0.5138500943817421f,-0.3094543736541774f,2.0686027822235937f,-0.5968613574346204f,0.63070574839806f,-0.4959503795128551f,-1.203712969870982f,0f,0f,0f,1f], start_interpolation: 0, interpolation_duration: 1 }
$data merge entity $(bone_rightforearm) { transformation: [-0.4027968613917836f,0.22162005552510455f,0.8880536241928061f,-0.9399370384413174f,0.6472373271707984f,0.7550010743815908f,0.1051533166354926f,2.5573675591275453f,-0.6471773565026273f,0.6171368800126054f,-0.4475528354938422f,-0.7223470032761136f,0f,0f,0f,1f], start_interpolation: 0, interpolation_duration: 1 }
$data merge entity $(bone_rightelbow) { transformation: [-0.4027968613917836f,0.22162005552510455f,0.8880536241928061f,-0.8983832780303602f,0.6472373271707984f,0.7550010743815908f,0.1051533166354926f,2.6989302605740937f,-0.6471773565026273f,0.6171368800126054f,-0.4475528354938422f,-0.6066338382737501f,0f,0f,0f,1f], start_interpolation: 0, interpolation_duration: 1 }
$data merge entity $(bone_rightarm) { transformation: [-0.27262534057452004f,-0.13387735810340384f,0.9527603458708175f,-0.994913077103748f,0.748366802400918f,0.592852373253703f,0.2974444361417391f,2.795886466923651f,-0.6046673074847457f,0.7941051041988741f,-0.06143720977097655f,-0.047781645863398614f,0f,0f,0f,1f], start_interpolation: 0, interpolation_duration: 1 }
$data merge entity $(bone_chest1) { transformation: [-0.7662591196943092f,-0.45793258861497865f,0.6138043799785058f,-0.21394563728756297f,0.13923628357725001f,0.7705258832254661f,0.7486749840393505f,2.7344745685331766f,-0.7530413865997065f,0.608439576848113f,-0.48614921835172287f,0.38100417461483005f,0f,0f,0f,1f], start_interpolation: 0, interpolation_duration: 1 }
$data merge entity $(bone_chest1lid) { transformation: [-0.7073161104870547f,-0.3298922087974513f,0.625200008333496f,-0.3882606479416163f,0.12852580022515386f,0.8096714952044192f,0.5726370478146903f,2.021815383035527f,-0.6951151260920369f,0.48538974075291175f,-0.5302940326364918f,-0.06457115548890274f,0f,0f,0f,1f], start_interpolation: 0, interpolation_duration: 1 }
$data merge entity $(bone_chest2) { transformation: [-0.7073161104870547f,-0.42270700487536494f,0.5665886584416977f,-0.3222126784298405f,0.12852580022515386f,0.7112546614388918f,0.6910846006517082f,1.9106818421857001f,-0.6951151260920369f,0.5616365324751813f,-0.4487531246323596f,-0.15232686368814982f,0f,0f,0f,1f], start_interpolation: 0, interpolation_duration: 1 }
$data merge entity $(bone_chest1lid3) { transformation: [-0.7073161104870547f,-0.42270700487536494f,0.5665886584416977f,0.01891746827803717f,0.12852580022515386f,0.7112546614388918f,0.6910846006517082f,2.456508592813955f,-0.6951151260920369f,0.5616365324751813f,-0.4487531246323596f,-0.3086089305757559f,0f,0f,0f,1f], start_interpolation: 0, interpolation_duration: 1 }
$data merge entity $(bone_chest3) { transformation: [-0.7073161104870547f,-0.42270700487536494f,0.5665886584416977f,0.08496543778981294f,0.12852580022515386f,0.7112546614388918f,0.6910846006517082f,2.3453750519641283f,-0.6951151260920369f,0.5616365324751813f,-0.4487531246323596f,-0.39636463877500294f,0f,0f,0f,1f], start_interpolation: 0, interpolation_duration: 1 }
$data merge entity $(bone_hugeasssword2) { transformation: [-2.2191389122299836f,0.9239864147339266f,-3.092240186562429f,-1.4257562919807394f,-2.70674801921919f,1.510883638360219f,2.3939556323303384f,3.901183725066695f,1.7576164048100749f,3.493387684540653f,-0.21749675128602844f,0.05736505404650641f,0f,0f,0f,1f], start_interpolation: 0, interpolation_duration: 1 }
$data merge entity $(bone_belt) { transformation: [-0.7073161104870547f,-0.42270700487536494f,0.5665886584416977f,-0.09708217702346092f,0.12852580022515386f,0.7112546614388918f,0.6910846006517082f,2.356579276581451f,-0.6951151260920369f,0.5616365324751813f,-0.4487531246323596f,0.23829406912599885f,0f,0f,0f,1f], start_interpolation: 0, interpolation_duration: 1 }
$data merge entity $(bone_torn_part) { transformation: [-0.7073161104870547f,-0.6804868563743877f,0.19141984784020727f,-0.030116835061417963f,0.12852580022515386f,0.1424781326000003f,0.9814179030399337f,2.138788252643293f,-0.6951151260920369f,0.718775083063207f,-0.013316960821873502f,-0.04518029820469835f,0f,0f,0f,1f], start_interpolation: 0, interpolation_duration: 1 }
$data merge entity $(bone_lowerbody) { transformation: [-0.7073161104870547f,-0.3982408685013339f,0.5840446305726711f,0.15127927675196856f,0.12852580022515386f,0.7399878497428138f,0.6602265527146651f,1.6720703537323223f,-0.6951151260920369f,0.5420536808179702f,-0.47222110138127193f,-0.17556651812743101f,0f,0f,0f,1f], start_interpolation: 0, interpolation_duration: 1 }
$data merge entity $(bone_leftfoot) { transformation: [-0.9753197032617694f,-0.07468748763579154f,0.20773931160297351f,0.31625571057934926f,-0.07796862573981672f,0.996930526735781f,-0.007659582378106305f,0.13664228625527897f,-0.20652645797191418f,-0.023644992502446185f,-0.9781600685231785f,0.5341572253284423f,0f,0f,0f,1f], start_interpolation: 0, interpolation_duration: 1 }
$data merge entity $(bone_leftlowerleg) { transformation: [-0.9753197032617694f,-0.07455469400865483f,0.2077870063211357f,0.20162103246040797f,-0.07796862573981672f,0.996925427412779f,-0.008296777551356105f,1.2438811958636946f,-0.20652645797191418f,-0.024270187110353614f,-0.978144755821621f,0.6575201488515792f,0f,0f,0f,1f], start_interpolation: 0, interpolation_duration: 1 }
$data merge entity $(bone_leftleg) { transformation: [-0.9448680495318588f,0.30259302439064484f,0.12507386592434716f,0.4538613811161907f,0.021447864896249502f,0.4383612403293233f,-0.8985581819709241f,1.5935614153331588f,-0.3267186793905477f,-0.8463200470061609f,-0.4206997117155208f,-0.09214612044881554f,0f,0f,0f,1f], start_interpolation: 0, interpolation_duration: 1 }
$data merge entity $(bone_rightfoot) { transformation: [-0.4768540320204919f,-0.038552606818593925f,0.8781393696070111f,-0.297626898561367f,0.10409457044733178f,0.9895192246709762f,0.09996586420261347f,0.19111170015990564f,-0.8727967338934652f,0.13908009948933908f,-0.46784757255025755f,-0.257285522489552f,0f,0f,0f,1f], start_interpolation: 0, interpolation_duration: 1 }
$data merge entity $(bone_rightlowerleg) { transformation: [-0.4768540320204919f,-0.08824862244040224f,0.874544016378638f,-0.5298975760676943f,0.10409457044733178f,0.9822650691664514f,0.1558743208314044f,1.256862603820846f,-0.8727967338934652f,0.16536626598152587f,-0.4592152254558424f,-0.0032759108416178795f,0f,0f,0f,1f], start_interpolation: 0, interpolation_duration: 1 }
$data merge entity $(bone_rightleg) { transformation: [-0.6050595022307101f,0.7117577182329885f,0.3567831143593783f,0.10948514778426194f,0.07275525185096882f,0.4956671779127772f,-0.8654570985474044f,1.7096306539464334f,-0.7928490853172672f,-0.49769040243227913f,-0.35169563528985043f,-0.43217284182959903f,0f,0f,0f,1f], start_interpolation: 0, interpolation_duration: 1 }
$data merge entity $(bone_sack_top) { transformation: [-0.039999999999999994f,0f,4.898587196589412e-18f,-0.07392939814814815f,0f,0.09999999999999998f,0f,-1.0579571759259259f,-4.898587196589412e-18f,0f,-0.039999999999999994f,-0.04094328703703705f,0f,0f,0f,1f], start_interpolation: 0, interpolation_duration: 1 }
$data merge entity $(bone_sack_main) { transformation: [-0.05833333333333333f,0f,7.143772995026226e-18f,-0.07392939814814815f,0f,0.05833333333333333f,0f,-1.0579571759259259f,-7.143772995026226e-18f,0f,-0.05833333333333333f,-0.04094328703703705f,0f,0f,0f,1f], start_interpolation: 0, interpolation_duration: 1 }
data modify entity @s data merge value {"locators":{"lefthand":{"posx":0.5449499863903685,"posy":2.6141476354908515,"posz":2.9846136878112173,"roty":105.68671330989764,"rotx":-48.21471124093343},"righthand":{"posx":-1.2902376656782168,"posy":1.8215978785634703,"posz":-1.2547369231503922,"roty":58.563647249069845,"rotx":-18.026351599294834},"chest":{"posx":-0.4724745664711417,"posy":1.873396429100803,"posz":-0.051278110735171537,"roty":51.61984970972142,"rotx":43.716025842879716},"sack":{"posx":-0.06767939814814816,"posy":-1.0204571759259258,"posz":-0.04094328703703705,"roty":0,"rotx":0}},"cameras":{}}