# This file was generated by Animated Java via MC-Build. It is not recommended to edit this file directly.
$data merge entity $(bone_nose) { transformation: [-0.9738528928478051f,0.020078589396438022f,0.22629050651719906f,0.056722372755653366f,0.135967875775867f,0.8494986154698995f,0.5097693979356965f,3.8215980026103735f,-0.18199802155232256f,0.5272086423443505f,-0.8300167272943763f,0.34050588111372326f,0f,0f,0f,1f], start_interpolation: 0, interpolation_duration: 1 }
$data merge entity $(bone_glowing_eye) { transformation: [-0.9738528928478051f,0.020078589396438022f,0.22629050651719906f,-0.07154630386612879f,0.135967875775867f,0.8494986154698995f,0.5097693979356965f,3.87832322377908f,-0.18199802155232256f,0.5272086423443505f,-0.8300167272943763f,0.38241638953600643f,0f,0f,0f,1f], start_interpolation: 0, interpolation_duration: 1 }
$data merge entity $(bone_head) { transformation: [-0.9738528928478051f,0.020078589396438022f,0.22629050651719906f,0.09661716008045118f,0.135967875775867f,0.8494986154698995f,0.5097693979356965f,3.8121614368657726f,-0.18199802155232256f,0.5272086423443505f,-0.8300167272943763f,0.11998302321454189f,0f,0f,0f,1f], start_interpolation: 0, interpolation_duration: 1 }
$data merge entity $(bone_leftthumb2) { transformation: [-0.6390245627964533f,0.7604839898072733f,0.1153763814201701f,-0.4450790469889449f,-0.3274768679240546f,-0.1332585241419116f,-0.9354149168781577f,3.313321397459783f,-0.6959931818038542f,-0.635536204311234f,0.3341963852171602f,1.2094843902559071f,0f,0f,0f,1f], start_interpolation: 0, interpolation_duration: 1 }
$data merge entity $(bone_leftthumb) { transformation: [-0.6390245627964533f,0.7604839898072733f,0.1153763814201701f,-0.24871627500342047f,-0.3274768679240546f,-0.1332585241419116f,-0.9354149168781577f,3.200702523593795f,-0.6959931818038542f,-0.635536204311234f,0.3341963852171602f,1.0821834902598049f,0f,0f,0f,1f], start_interpolation: 0, interpolation_duration: 1 }
$data merge entity $(bone_leftpointerfinger) { transformation: [-0.8605875093515285f,0.49606192089145495f,0.1153763814201701f,-0.4229485047239994f,-0.262150496739932f,-0.23722573709620137f,-0.9354149168781577f,3.2363981850283894f,-0.43665347337120725f,-0.8352523692277944f,0.3341963852171602f,1.3825085171162794f,0f,0f,0f,1f], start_interpolation: 0, interpolation_duration: 1 }
$data merge entity $(bone_leftmidfinger) { transformation: [-0.6390245627964533f,0.7604839898072733f,0.1153763814201701f,-0.40492094512709786f,-0.3274768679240546f,-0.1332585241419116f,-0.9354149168781577f,3.0902396042661775f,-0.6959931818038542f,-0.635536204311234f,0.3341963852171602f,1.4347267023064607f,0f,0f,0f,1f], start_interpolation: 0, interpolation_duration: 1 }
$data merge entity $(bone_leftringfinger) { transformation: [-0.2993570908614714f,0.9471397060420094f,0.1153763814201701f,-0.3868933855301963f,-0.3535450050564689f,0.002205148849973068f,-0.9354149168781577f,2.944081023503965f,-0.8862230314940918f,-0.3208138316176617f,0.3341963852171602f,1.4869448874966422f,0f,0f,0f,1f], start_interpolation: 0, interpolation_duration: 1 }
$data merge entity $(bone_invisibility) { transformation: [0.7676458328478745f,-0.04865679247642889f,0.6390245627964531f,-0.46319318578254426f,-0.21427821708345796f,0.9202411350609063f,0.32747686792405434f,3.18965283736705f,-0.6039906630030196f,-0.3883152970045346f,0.6959931818038542f,1.1720543861434796f,0f,0f,0f,1f], start_interpolation: 0, interpolation_duration: 1 }
$data merge entity $(bone_swiftness) { transformation: [0.11537638142016995f,0.7604839898072733f,0.6390245627964533f,-0.5778248758356932f,-0.9354149168781578f,-0.1332585241419116f,0.3274768679240544f,3.0152519747121085f,0.33419638521716005f,-0.635536204311234f,0.6959931818038543f,1.2845290352218481f,0f,0f,0f,1f], start_interpolation: 0, interpolation_duration: 1 }
$data merge entity $(bone_suspicious_stew) { transformation: [0.7379927276407564f,0.21682790893277082f,0.6390245627964535f,-0.4772078012884783f,-0.5160966642961939f,0.7914563374419294f,0.32747686792405467f,3.020509033771548f,-0.43475391551048537f,-0.571473992261108f,0.6959931818038542f,1.2645069679487861f,0f,0f,0f,1f], start_interpolation: 0, interpolation_duration: 1 }
$data merge entity $(bone_log) { transformation: [-0.6390245627964533f,0.7604839898072733f,0.1153763814201701f,-0.4366475874456661f,-0.3274768679240546f,-0.1332585241419116f,-0.9354149168781577f,2.929303187657265f,-0.6959931818038542f,-0.635536204311234f,0.3341963852171602f,1.135481037172825f,0f,0f,0f,1f], start_interpolation: 0, interpolation_duration: 1 }
$data merge entity $(bone_planks) { transformation: [-0.6390245627964533f,0.7604839898072733f,0.1153763814201701f,-0.4965561402078336f,-0.3274768679240546f,-0.1332585241419116f,-0.9354149168781577f,2.898602231289385f,-0.6959931818038542f,-0.635536204311234f,0.3341963852171602f,1.0702316763787136f,0f,0f,0f,1f], start_interpolation: 0, interpolation_duration: 1 }
$data merge entity $(bone_lefthand1) { transformation: [-0.6390245627964533f,0.7604839898072733f,0.1153763814201701f,-0.09037596121411484f,-0.3274768679240546f,-0.1332585241419116f,-0.9354149168781577f,3.007089489755243f,-0.6959931818038542f,-0.635536204311234f,0.3341963852171602f,1.1401516445079436f,0f,0f,0f,1f], start_interpolation: 0, interpolation_duration: 1 }
$data merge entity $(bone_leftforearm) { transformation: [-0.49842062256989417f,0.860414576184885f,0.10613029767989655f,0.48357749106296233f,-0.30985834753700575f,-0.06247103078216698f,-0.9487281880363045f,2.9434839816594396f,-0.8096694927306295f,-0.505751052793366f,0.2977434888284323f,0.7106311210108781f,0f,0f,0f,1f], start_interpolation: 0, interpolation_duration: 1 }
$data merge entity $(bone_leftelbow) { transformation: [-0.49842062256989417f,0.860414576184885f,0.10613029767989655f,0.6449052240976283f,-0.30985834753700575f,-0.06247103078216698f,-0.9487281880363045f,2.931770663387783f,-0.8096694927306295f,-0.505751052793366f,0.2977434888284323f,0.615802798612122f,0f,0f,0f,1f], start_interpolation: 0, interpolation_duration: 1 }
$data merge entity $(bone_leftarm) { transformation: [-0.7051390194022901f,0.6922008022728567f,0.1537433336739842f,0.8135673822307294f,0.20132672647600325f,0.40334870843469806f,-0.8926238673766894f,3.2720358058168193f,-0.6798871321938909f,-0.5984712764509875f,-0.4237754343284806f,0.18228756853851397f,0f,0f,0f,1f], start_interpolation: 0, interpolation_duration: 1 }
$data merge entity $(bone_rightthumb2) { transformation: [-0.2249962527829149f,-0.9092662873955505f,-0.3501592563956557f,-0.4669010827879567f,0.6175180579532265f,0.14491470547399415f,-0.7730919584622913f,3.143364766725858f,0.7536896803959323f,-0.3901724576944119f,0.528883086250052f,1.2120802658340561f,0f,0f,0f,1f], start_interpolation: 0, interpolation_duration: 1 }
$data merge entity $(bone_rightthumb) { transformation: [-0.2249962527829149f,-0.9092662873955505f,-0.3501592563956557f,-0.7198155549279918f,0.6175180579532265f,0.14491470547399415f,-0.7730919584622913f,3.112837505342773f,0.7536896803959323f,-0.3901724576944119f,0.528883086250052f,1.1615904232211482f,0f,0f,0f,1f], start_interpolation: 0, interpolation_duration: 1 }
$data merge entity $(bone_rightpointerfinger) { transformation: [-0.7978454158579178f,-0.5338967524285432f,-0.2799945537698201f,-0.6174481126664951f,0.4026924165373506f,-0.12633577042918223f,-0.9065749228681399f,3.145202993270181f,0.4486440794859716f,-0.836058329816957f,0.3157925887126949f,1.4937041896191403f,0f,0f,0f,1f], start_interpolation: 0, interpolation_duration: 1 }
$data merge entity $(bone_rightmidfinger) { transformation: [-0.8607072478561328f,-0.42518946758728704f,-0.2799945537698201f,-0.6611972616930295f,0.3827572000348505f,-0.17781685816622542f,-0.9065749228681399f,3.003550661572034f,0.3356783569272865f,-0.8874655382631665f,0.3157925887126949f,1.543046781605499f,0f,0f,0f,1f], start_interpolation: 0, interpolation_duration: 1 }
$data merge entity $(bone_rightringfinger) { transformation: [-0.8944897007794688f,-0.34855591381971357f,-0.2799945537698201f,-0.7049464107195639f,0.36580293298462735f,-0.210499699397577f,-0.9065749228681399f,2.8618983298738874f,0.25705328128483484f,-0.9133447604792148f,0.3157925887126949f,1.5923893735918573f,0f,0f,0f,1f], start_interpolation: 0, interpolation_duration: 1 }
$data merge entity $(bone_hugeasssword) { transformation: [-2.9307523869001253f,-2.355490868665623f,-1.096645335598462f,-0.5802209799633188f,1.6143361747091565f,-0.3554690997400068f,-3.550751781233548f,2.8897977567098976f,2.035899540616482f,-3.1089519559717678f,1.2368543057913883f,1.238804007972901f,0f,0f,0f,1f], start_interpolation: 0, interpolation_duration: 1 }
$data merge entity $(bone_ice) { transformation: [-0.7482772051659894f,-0.6014019239146271f,-0.2799945537698201f,-0.5591322435714341f,0.4121709382236144f,-0.09075806801872513f,-0.9065749228681399f,2.8847756806129463f,0.51980413802974f,-0.7937749674821534f,0.3157925887126949f,1.243084802183095f,0f,0f,0f,1f], start_interpolation: 0, interpolation_duration: 1 }
$data merge entity $(bone_righthand1) { transformation: [-0.7482772051659894f,-0.6014019239146271f,-0.2799945537698201f,-0.9053018556468951f,0.4121709382236144f,-0.09075806801872513f,-0.9065749228681399f,2.9367984318245393f,0.51980413802974f,-0.7937749674821534f,0.3157925887126949f,1.1844606132172633f,0f,0f,0f,1f], start_interpolation: 0, interpolation_duration: 1 }
$data merge entity $(bone_rightforearm) { transformation: [-0.6776662078397225f,-0.393656966428567f,-0.6211301824371344f,-1.1300326130764184f,0.5911116180379087f,0.21084584848754628f,-0.7785442076055619f,3.0602696961588127f,0.43744207133371993f,-0.8947503679562387f,0.08981209979418064f,0.5265958172303912f,0f,0f,0f,1f], start_interpolation: 0, interpolation_duration: 1 }
$data merge entity $(bone_rightelbow) { transformation: [-0.6776662078397225f,-0.393656966428567f,-0.6211301824371344f,-1.2038432942817747f,0.5911116180379087f,0.21084584848754628f,-0.7785442076055619f,3.0998032927502277f,0.43744207133371993f,-0.8947503679562387f,0.08981209979418064f,0.3588301232385964f,0f,0f,0f,1f], start_interpolation: 0, interpolation_duration: 1 }
$data merge entity $(bone_rightarm) { transformation: [-0.9042976419717091f,0.3290443324345853f,-0.2719845620933003f,-0.7919753376982952f,0.4099653703449967f,0.49167467320570984f,-0.7682346066443168f,3.329494177770038f,-0.11905532261220397f,-0.8062169949962208f,-0.5795170292036012f,0.029222531245832503f,0f,0f,0f,1f], start_interpolation: 0, interpolation_duration: 1 }
$data merge entity $(bone_chest1) { transformation: [-1.068761487129244f,0.040251221723303185f,0.1724524105084623f,0.08292933715312709f,0.06670781009056136f,1.0687742275751868f,0.16395984159267596f,3.1768735985315093f,-0.16404286882799668f,0.1723734339506969f,-1.056876741898428f,-0.06451973177453167f,0f,0f,0f,1f], start_interpolation: 0, interpolation_duration: 1 }
$data merge entity $(bone_chest1lid) { transformation: [-0.986549065042379f,0.03715497389843371f,0.15918684046934983f,-0.3415914657681806f,0.061576440083595106f,0.9865608254540187f,0.15134754608554704f,2.464407843344863f,-0.15142418661045848f,0.15911393903141255f,-0.9755785309831643f,0.15679644021458564f,0f,0f,0f,1f], start_interpolation: 0, interpolation_duration: 1 }
$data merge entity $(bone_chest2) { transformation: [-0.986549065042379f,0.03715497389843371f,0.15918684046934983f,-0.3473969304398109f,0.061576440083595106f,0.9865608254540187f,0.15134754608554704f,2.3102577143676726f,-0.15142418661045848f,0.15911393903141255f,-0.9755785309831643f,0.13193488724092742f,0f,0f,0f,1f], start_interpolation: 0, interpolation_duration: 1 }
$data merge entity $(bone_chest1lid3) { transformation: [-0.986549065042379f,0.03715497389843371f,0.15918684046934983f,-0.17795307952735476f,0.061576440083595106f,0.9865608254540187f,0.15134754608554704f,2.5575163375506915f,-0.15142418661045848f,0.15911393903141255f,-0.9755785309831643f,-0.4587195445333503f,0f,0f,0f,1f], start_interpolation: 0, interpolation_duration: 1 }
$data merge entity $(bone_chest3) { transformation: [-0.986549065042379f,0.03715497389843371f,0.15918684046934983f,-0.18375854419898502f,0.061576440083595106f,0.9865608254540187f,0.15134754608554704f,2.4033662085735013f,-0.15142418661045848f,0.15911393903141255f,-0.9755785309831643f,-0.4835810975070085f,0f,0f,0f,1f], start_interpolation: 0, interpolation_duration: 1 }
$data merge entity $(bone_hugeasssword2) { transformation: [-0.6234817918382878f,2.9471420650280944f,-2.50317835592389f,-1.0472658796383016f,-0.5927778888350591f,2.4326883499605993f,3.0117967302346296f,4.437542709343802f,3.8210159130173937f,0.8582883072055046f,0.05879074723066915f,-0.3249228118538886f,0f,0f,0f,1f], start_interpolation: 0, interpolation_duration: 1 }
$data merge entity $(bone_belt) { transformation: [-0.986549065042379f,0.03715497389843371f,0.15918684046934983f,0.07888937438260102f,0.061576440083595106f,0.9865608254540187f,0.15134754608554704f,2.762112836371619f,-0.15142418661045848f,0.15911393903141255f,-0.9755785309831643f,0.004656008960009145f,0f,0f,0f,1f], start_interpolation: 0, interpolation_duration: 1 }
$data merge entity $(bone_torn_part) { transformation: [-0.986549065042379f,-0.05419483988280996f,0.15422017246159506f,-0.05506213035021907f,0.061576440083595106f,0.7507379837260015f,0.6577239708400854f,2.497785772869815f,-0.15142418661045848f,0.6583732976975104f,-0.7373027306258038f,-0.04541665778320632f,0f,0f,0f,1f], start_interpolation: 0, interpolation_duration: 1 }
$data merge entity $(bone_lowerbody) { transformation: [-0.986549065042379f,0.0576151600840852f,0.15297527771667147f,-0.0083639990308884f,0.061576440083595106f,0.9978754797214867f,0.021280718908067566f,2.0015359609636976f,-0.15142418661045848f,0.030414146364775685f,-0.9880008580007728f,0.09345782369215432f,0f,0f,0f,1f], start_interpolation: 0, interpolation_duration: 1 }
$data merge entity $(bone_leftfoot) { transformation: [-0.9416938755169095f,-0.25787267689424015f,0.21613497478506705f,0.2798634554626648f,-0.2454709341345277f,0.9658560379854734f,0.08286214082514434f,0.1460617826977455f,-0.2301231524837625f,0.02497591636762489f,-0.9728409624869485f,0.5636083439849647f,0f,0f,0f,1f], start_interpolation: 0, interpolation_duration: 1 }
$data merge entity $(bone_leftlowerleg) { transformation: [-0.9416938755169095f,-0.2757287977659067f,0.19283743126403252f,-0.05565180720884477f,-0.2454709341345277f,0.9549587527317517f,0.16672672574047465f,1.179852317028934f,-0.2301231524837625f,0.10966955212630741f,-0.966962214374145f,0.8338425171539865f,0f,0f,0f,1f], start_interpolation: 0, interpolation_duration: 1 }
$data merge entity $(bone_leftleg) { transformation: [-0.9471504264621643f,0.11011701923288275f,0.30129771278223294f,0.035770187162080025f,-0.10457885063452747f,0.7819323836409716f,-0.6145282836562606f,1.834131732242863f,-0.30326446157191117f,-0.6135600944396671f,-0.7290916793234479f,0.27528986210383183f,0f,0f,0f,1f], start_interpolation: 0, interpolation_duration: 1 }
$data merge entity $(bone_rightfoot) { transformation: [-0.5946050838227955f,0.038006360146770446f,0.8031191137561602f,-0.2776331900488039f,0.17215297969629284f,0.9817345405800574f,0.08099779882041114f,0.18441310732967864f,-0.7853713426614024f,0.18642105144124138f,-0.5902872569400156f,-0.3379055961833665f,0f,0f,0f,1f], start_interpolation: 0, interpolation_duration: 1 }
$data merge entity $(bone_rightlowerleg) { transformation: [-0.5946050838227955f,-0.20525526529099253f,0.7773770451733255f,-0.6247788319473075f,0.17215297969629284f,0.9119403646338458f,0.3724622436344072f,1.1388697551332405f,-0.7853713426614024f,0.35529571827115075f,-0.5069090714363012f,0.13413495237269152f,0f,0f,0f,1f], start_interpolation: 0, interpolation_duration: 1 }
$data merge entity $(bone_rightleg) { transformation: [-0.6210695494640052f,0.3550836874471469f,0.6987046512207532f,-0.3081300879326815f,0.033393313594557064f,0.9026620659584219f,-0.4290525390751689f,1.9501426727460975f,-0.7830437416490558f,-0.2431394036116124f,-0.5724733435502795f,-0.06485750941078428f,0f,0f,0f,1f], start_interpolation: 0, interpolation_duration: 1 }
$data merge entity $(bone_sack_top) { transformation: [0.012316309604431948f,0.20794453478503117f,-0.29637223860149037f,-0.6057603489112269f,0.1508335110232797f,0.8531762266079035f,0.060143663665815396f,2.7648821699559276f,0.2626355639003895f,-0.4997368715137317f,-0.020642549802584485f,1.295119221364701f,0f,0f,0f,1f], start_interpolation: 0, interpolation_duration: 1 }
$data merge entity $(bone_sack_main) { transformation: [0.01656552433988222f,0.12087660202299935f,-0.4672087935390336f,-0.6057603489112269f,0.202872149075151f,0.49594495621527424f,0.094812013004047f,2.7648821699559276f,0.3532467083114752f,-0.2904933038833221f,-0.03254144461824238f,1.295119221364701f,0f,0f,0f,1f], start_interpolation: 0, interpolation_duration: 1 }
data modify entity @s data merge value {"locators":{"lefthand":{"posx":-0.43795460234688205,"posy":2.9850308242999533,"posz":1.2451598454097332,"roty":160.95352001041834,"rotx":-69.29528134794322},"righthand":{"posx":-0.6155114115919261,"posy":2.9390000340540174,"posz":1.2992849147916559,"roty":221.56150122908133,"rotx":-65.03624108552339},"chest":{"posx":-0.399616253742743,"posy":2.3810240014307325,"posz":0.29455395865966494,"roty":9.267379604718371,"rotx":8.705026897929876},"sack":{"posx":-0.5303470462010969,"posy":3.0533996068040414,"posz":1.053002152067804,"roty":273.9842596922002,"rotx":11.44442594398821}},"cameras":{}}