# This file was generated by Animated Java via MC-Build. It is not recommended to edit this file directly.
$data merge entity $(bone_nose) { transformation: [-0.983056001031764f,0.027302681382832317f,0.18126075809381226f,0.06604642659986718f,0.11772190807091294f,0.8520075652074388f,0.5101222022118185f,3.8302977786737498f,-0.1405078332178655f,0.5228170544450509f,-0.8407852736494741f,0.3419800857113538f,0f,0f,0f,1f], start_interpolation: 0, interpolation_duration: 1 }
$data merge entity $(bone_glowing_eye) { transformation: [-0.983056001031764f,0.027302681382832317f,0.18126075809381226f,-0.06131216760685673f,0.11772190807091294f,0.8520075652074388f,0.5101222022118185f,3.884899818836067f,-0.1405078332178655f,0.5228170544450509f,-0.8407852736494741f,0.3891552966484124f,0f,0f,0f,1f], start_interpolation: 0, interpolation_duration: 1 }
$data merge entity $(bone_head) { transformation: [-0.983056001031764f,0.027302681382832317f,0.18126075809381226f,0.09661716008045118f,0.11772190807091294f,0.8520075652074388f,0.5101222022118185f,3.8206174800207506f,-0.1405078332178655f,0.5228170544450509f,-0.8407852736494741f,0.11998302321454189f,0f,0f,0f,1f], start_interpolation: 0, interpolation_duration: 1 }
$data merge entity $(bone_leftthumb2) { transformation: [-0.17765312950324902f,0.9236990855860818f,0.33943978091133914f,-0.5614915378700207f,-0.6978618934255717f,0.12494598066098303f,-0.7052497994477857f,2.780787173541024f,-0.6938502311610035f,-0.3621719221641862f,0.6224173483392964f,0.7209578188415304f,0f,0f,0f,1f], start_interpolation: 0, interpolation_duration: 1 }
$data merge entity $(bone_leftthumb) { transformation: [-0.17765312950324902f,0.9236990855860818f,0.33943978091133914f,-0.3059535897959452f,-0.6978618934255717f,0.12494598066098303f,-0.7052497994477857f,2.751160353466966f,-0.6938502311610035f,-0.3621719221641862f,0.6224173483392964f,0.6853281017658854f,0f,0f,0f,1f], start_interpolation: 0, interpolation_duration: 1 }
$data merge entity $(bone_leftpointerfinger) { transformation: [-0.48286302849566726f,0.8072322657369775f,0.33943978091133914f,-0.5737003014842414f,-0.6985097137933274f,-0.12127200878695195f,-0.7052497994477857f,2.7534325138068874f,-0.5281358494254639f,-0.5776410382217689f,0.6224173483392964f,0.9092314459626483f,0f,0f,0f,1f], start_interpolation: 0, interpolation_duration: 1 }
$data merge entity $(bone_leftmidfinger) { transformation: [-0.17765312950324902f,0.9236990855860818f,0.33943978091133914f,-0.5206628357168447f,-0.6978618934255717f,0.12494598066098303f,-0.7052497994477857f,2.643237232643171f,-0.6938502311610035f,-0.3621719221641862f,0.6224173483392964f,1.0064841566406633f,0f,0f,0f,1f], start_interpolation: 0, interpolation_duration: 1 }
$data merge entity $(bone_leftringfinger) { transformation: [0.18935424630994777f,0.9213715887410755f,0.33943978091133914f,-0.467625369949448f,-0.5969255631158914f,0.3824952188951315f,-0.7052497994477857f,2.5330419514794547f,-0.7796312214779291f,-0.06907823812975872f,0.6224173483392964f,1.1037368673186785f,0f,0f,0f,1f], start_interpolation: 0, interpolation_duration: 1 }
$data merge entity $(bone_invisibility) { transformation: [0.9497682579164781f,-0.2576424301857119f,0.17765312950324913f,-0.5165881689336024f,0.06300395338883621f,0.7134558707879933f,0.6978618934255715f,2.658288431657131f,-0.3065465023641195f,-0.6516142252944968f,0.6938502311610035f,0.7200714314976492f,0f,0f,0f,1f], start_interpolation: 0, interpolation_duration: 1 }
$data merge entity $(bone_swiftness) { transformation: [0.3394397809113391f,0.9236990855860818f,0.1776531295032491f,-0.58728038377371f,-0.7052497994477858f,0.12494598066098303f,0.6978618934255716f,2.47278747178773f,0.6224173483392963f,-0.3621719221641862f,0.6938502311610036f,0.8496809859026472f,0f,0f,0f,1f], start_interpolation: 0, interpolation_duration: 1 }
$data merge entity $(bone_suspicious_stew) { transformation: [0.980609124319693f,0.08273518525190227f,0.17765312950324916f,-0.49624160464957384f,-0.18481192910362054f,0.6919778382039956f,0.6978618934255718f,2.520197251417188f,-0.06519429547102451f,-0.7171621577829236f,0.6938502311610036f,0.8537514931627135f,0f,0f,0f,1f], start_interpolation: 0, interpolation_duration: 1 }
$data merge entity $(bone_log) { transformation: [-0.17765312950324902f,0.9236990855860818f,0.33943978091133914f,-0.3815229601120242f,-0.6978618934255717f,0.12494598066098303f,-0.7052497994477857f,2.4373323621420484f,-0.6938502311610035f,-0.3621719221641862f,0.6224173483392964f,0.7726073569242506f,0f,0f,0f,1f], start_interpolation: 0, interpolation_duration: 1 }
$data merge entity $(bone_planks) { transformation: [-0.17765312950324902f,0.9236990855860818f,0.33943978091133914f,-0.3981779410029538f,-0.6978618934255717f,0.12494598066098303f,-0.7052497994477857f,2.3719078096334014f,-0.6938502311610035f,-0.3621719221641862f,0.6224173483392964f,0.7075588977529066f,0f,0f,0f,1f], start_interpolation: 0, interpolation_duration: 1 }
$data merge entity $(bone_lefthand1) { transformation: [-0.17765312950324902f,0.9236990855860818f,0.33943978091133914f,-0.11679239949317077f,-0.6978618934255717f,0.12494598066098303f,-0.7052497994477857f,2.6650733868964305f,-0.6938502311610035f,-0.3621719221641862f,0.6224173483392964f,0.836076392037852f,0f,0f,0f,1f], start_interpolation: 0, interpolation_duration: 1 }
$data merge entity $(bone_leftforearm) { transformation: [-0.02437195253041402f,0.9366635498444115f,0.34938145675281734f,0.5486612241421929f,-0.6372781598971317f,0.25471380682408706f,-0.727322090638878f,2.8001460411239605f,-0.7702483721813254f,-0.24037943132898693f,0.5907073506788043f,0.5975749056345435f,0f,0f,0f,1f], start_interpolation: 0, interpolation_duration: 1 }
$data merge entity $(bone_leftelbow) { transformation: [-0.02437195253041402f,0.9366635498444115f,0.34938145675281734f,0.72428563973802f,-0.6372781598971317f,0.25471380682408706f,-0.727322090638878f,2.847904879903477f,-0.7702483721813254f,-0.24037943132898693f,0.5907073506788043f,0.5525037622603585f,0f,0f,0f,1f], start_interpolation: 0, interpolation_duration: 1 }
$data merge entity $(bone_leftarm) { transformation: [-0.7356108923367208f,0.5861472631550237f,0.33957031815435285f,0.8135673822307294f,0.1515623582151255f,0.6309867764280084f,-0.7608446224724605f,3.2804918489717974f,-0.6602313735712982f,-0.508219513467228f,-0.5529986071259954f,0.18228756853851397f,0f,0f,0f,1f], start_interpolation: 0, interpolation_duration: 1 }
$data merge entity $(bone_rightthumb2) { transformation: [-0.09780227449190193f,-0.9645290743645992f,-0.24519049698057066f,-0.38474390349758003f,0.27305590311827366f,0.21090985331718873f,-0.938593366451088f,2.8186132804125386f,0.9570136827007617f,-0.1587472786509755f,0.24274289411728367f,0.8697729291987378f,0f,0f,0f,1f], start_interpolation: 0, interpolation_duration: 1 }
$data merge entity $(bone_rightthumb) { transformation: [-0.09780227449190193f,-0.9645290743645992f,-0.24519049698057066f,-0.6422407919131574f,0.27305590311827366f,0.21090985331718873f,-0.938593366451088f,2.790127497501185f,0.9570136827007617f,-0.1587472786509755f,0.24274289411728367f,0.8515855505882037f,0f,0f,0f,1f], start_interpolation: 0, interpolation_duration: 1 }
$data merge entity $(bone_rightpointerfinger) { transformation: [-0.7124621630483966f,-0.6690708451265313f,-0.21152274210133631f,-0.4843284781352979f,0.14491608895906435f,0.15464802589861773f,-0.9772836411433834f,2.703937907476583f,0.6865835662067713f,-0.7269306653920503f,-0.013221736930620884f,1.1506862486878804f,0f,0f,0f,1f], start_interpolation: 0, interpolation_duration: 1 }
$data merge entity $(bone_rightmidfinger) { transformation: [-0.7936982202174206f,-0.5703518780521633f,-0.21152274210133631f,-0.5173789065886317f,0.16386192968374882f,0.13440964531553956f,-0.9772836411433834f,2.5512373385479297f,0.585826256857796f,-0.8103288113158266f,-0.013221736930620884f,1.1486203522924707f,0f,0f,0f,1f], start_interpolation: 0, interpolation_duration: 1 }
$data merge entity $(bone_rightringfinger) { transformation: [-0.8403874004246072f,-0.49900615906169116f,-0.21152274210133631f,-0.5504293350419655f,0.17495295803995814f,0.11961666784608088f,-0.9772836411433834f,2.398536769619276f,0.5129722016646117f,-0.8583033880813344f,-0.013221736930620884f,1.1465544558970613f,0f,0f,0f,1f], start_interpolation: 0, interpolation_duration: 1 }
$data merge entity $(bone_hugeasssword) { transformation: [-2.5514641799344346f,-2.853761657121358f,-0.828464073230234f,-0.4890366715239857f,0.5126375223829377f,0.6528684336228276f,-3.8276942611449187f,2.565599623193136f,2.9270311045382416f,-2.6019386984517143f,-0.051785136311598465f,0.8153772137789967f,0f,0f,0f,1f], start_interpolation: 0, interpolation_duration: 1 }
$data merge entity $(bone_ice) { transformation: [-0.6514376629619832f,-0.7286199975629f,-0.21152274210133631f,-0.4674732705782844f,0.13088617592755855f,0.1666898128398709f,-0.9772836411433834f,2.5609499983686446f,0.747327090520402f,-0.6643247740727781f,-0.013221736930620884f,0.8140803025845026f,0f,0f,0f,1f], start_interpolation: 0, interpolation_duration: 1 }
$data merge entity $(bone_righthand1) { transformation: [-0.6514376629619832f,-0.7286199975629f,-0.21152274210133631f,-0.8190977714001719f,0.13088617592755855f,0.1666898128398709f,-0.9772836411433834f,2.6048038817747714f,0.747327090520402f,-0.6643247740727781f,-0.013221736930620884f,0.8344177024173267f,0f,0f,0f,1f], start_interpolation: 0, interpolation_duration: 1 }
$data merge entity $(bone_rightforearm) { transformation: [-0.598037958963646f,-0.5446815664699374f,-0.5879392747439576f,-1.1555130742212445f,0.33241055522558033f,0.4989404102445631f,-0.8003509791332856f,2.9473511820753386f,0.7292830879797072f,-0.6740774867719896f,-0.11732740265573205f,0.3167100171985357f,0f,0f,0f,1f], start_interpolation: 0, interpolation_duration: 1 }
$data merge entity $(bone_rightelbow) { transformation: [-0.598037958963646f,-0.5446815664699374f,-0.5879392747439576f,-1.2576408679343578f,0.33241055522558033f,0.4989404102445631f,-0.8003509791332856f,3.040902508996194f,0.7292830879797072f,-0.6740774867719896f,-0.11732740265573205f,0.19032048842878763f,0f,0f,0f,1f], start_interpolation: 0, interpolation_duration: 1 }
$data merge entity $(bone_rightarm) { transformation: [-0.8658366821393265f,0.4712407636242992f,-0.16810408252255452f,-0.7919753376982952f,0.48414926531951047f,0.7043860372666398f,-0.5190759090868873f,3.3379502209250163f,-0.12619955924067566f,-0.5308224309527503f,-0.8380341389495249f,0.029222531245832503f,0f,0f,0f,1f], start_interpolation: 0, interpolation_duration: 1 }
$data merge entity $(bone_chest1) { transformation: [-1.068761487129244f,0.040251221723303185f,0.1724524105084623f,0.08292933715312709f,0.06670781009056136f,1.0687742275751868f,0.16395984159267596f,3.185329641686488f,-0.16404286882799668f,0.1723734339506969f,-1.056876741898428f,-0.06451973177453167f,0f,0f,0f,1f], start_interpolation: 0, interpolation_duration: 1 }
$data merge entity $(bone_chest1lid) { transformation: [-0.986549065042379f,0.15780269862766158f,0.042652673654003596f,-0.3415914657681806f,0.061576440083595106f,0.6004606013232088f,-0.797280006199329f,2.4728638864998413f,-0.15142418661045848f,-0.7839294448892692f,-0.6021007732472721f,0.15679644021458564f,0f,0f,0f,1f], start_interpolation: 0, interpolation_duration: 1 }
$data merge entity $(bone_chest2) { transformation: [-0.986549065042379f,0.03715497389843371f,0.15918684046934983f,-0.3473969304398109f,0.061576440083595106f,0.9865608254540187f,0.15134754608554704f,2.318713757522651f,-0.15142418661045848f,0.15911393903141255f,-0.9755785309831643f,0.13193488724092742f,0f,0f,0f,1f], start_interpolation: 0, interpolation_duration: 1 }
$data merge entity $(bone_chest1lid3) { transformation: [-0.986549065042379f,0.03715497389843371f,0.15918684046934983f,-0.17795307952735476f,0.061576440083595106f,0.9865608254540187f,0.15134754608554704f,2.56597238070567f,-0.15142418661045848f,0.15911393903141255f,-0.9755785309831643f,-0.4587195445333503f,0f,0f,0f,1f], start_interpolation: 0, interpolation_duration: 1 }
$data merge entity $(bone_chest3) { transformation: [-0.986549065042379f,0.03715497389843371f,0.15918684046934983f,-0.18375854419898502f,0.061576440083595106f,0.9865608254540187f,0.15134754608554704f,2.4118222517284797f,-0.15142418661045848f,0.15911393903141255f,-0.9755785309831643f,-0.4835810975070085f,0f,0f,0f,1f], start_interpolation: 0, interpolation_duration: 1 }
$data merge entity $(bone_hugeasssword2) { transformation: [-0.6234817918382878f,2.9471420650280944f,-2.50317835592389f,-1.0472658796383016f,-0.5927778888350591f,2.4326883499605993f,3.0117967302346296f,4.44599875249878f,3.8210159130173937f,0.8582883072055046f,0.05879074723066915f,-0.3249228118538886f,0f,0f,0f,1f], start_interpolation: 0, interpolation_duration: 1 }
$data merge entity $(bone_belt) { transformation: [-0.986549065042379f,0.03715497389843371f,0.15918684046934983f,0.07888937438260102f,0.061576440083595106f,0.9865608254540187f,0.15134754608554704f,2.7705688795265977f,-0.15142418661045848f,0.15911393903141255f,-0.9755785309831643f,0.004656008960009145f,0f,0f,0f,1f], start_interpolation: 0, interpolation_duration: 1 }
$data merge entity $(bone_torn_part) { transformation: [-0.986549065042379f,-0.05419483988280996f,0.15422017246159506f,-0.05506213035021907f,0.061576440083595106f,0.7507379837260015f,0.6577239708400854f,2.5062418160247937f,-0.15142418661045848f,0.6583732976975104f,-0.7373027306258038f,-0.04541665778320632f,0f,0f,0f,1f], start_interpolation: 0, interpolation_duration: 1 }
$data merge entity $(bone_lowerbody) { transformation: [-0.986549065042379f,0.0576151600840852f,0.15297527771667147f,-0.0083639990308884f,0.061576440083595106f,0.9978754797214867f,0.021280718908067566f,2.009992004118676f,-0.15142418661045848f,0.030414146364775685f,-0.9880008580007728f,0.09345782369215432f,0f,0f,0f,1f], start_interpolation: 0, interpolation_duration: 1 }
$data merge entity $(bone_leftfoot) { transformation: [-0.9416938755169095f,-0.25787267689424015f,0.21613497478506705f,0.2798634554626648f,-0.2454709341345277f,0.9658560379854734f,0.08286214082514434f,0.154517825852724f,-0.2301231524837625f,0.02497591636762489f,-0.9728409624869485f,0.5636083439849647f,0f,0f,0f,1f], start_interpolation: 0, interpolation_duration: 1 }
$data merge entity $(bone_leftlowerleg) { transformation: [-0.9416938755169095f,-0.2757287977659067f,0.19283743126403252f,-0.05565180720884477f,-0.2454709341345277f,0.9549587527317517f,0.16672672574047465f,1.1883083601839124f,-0.2301231524837625f,0.10966955212630741f,-0.966962214374145f,0.8338425171539865f,0f,0f,0f,1f], start_interpolation: 0, interpolation_duration: 1 }
$data merge entity $(bone_leftleg) { transformation: [-0.9471504264621643f,0.11011701923288275f,0.30129771278223294f,0.035770187162080025f,-0.10457885063452747f,0.7819323836409716f,-0.6145282836562606f,1.8425877753978415f,-0.30326446157191117f,-0.6135600944396671f,-0.7290916793234479f,0.27528986210383183f,0f,0f,0f,1f], start_interpolation: 0, interpolation_duration: 1 }
$data merge entity $(bone_rightfoot) { transformation: [-0.5946050838227955f,0.038006360146770446f,0.8031191137561602f,-0.2776331900488039f,0.17215297969629284f,0.9817345405800574f,0.08099779882041114f,0.19286915048465714f,-0.7853713426614024f,0.18642105144124138f,-0.5902872569400156f,-0.3379055961833665f,0f,0f,0f,1f], start_interpolation: 0, interpolation_duration: 1 }
$data merge entity $(bone_rightlowerleg) { transformation: [-0.5946050838227955f,-0.20525526529099253f,0.7773770451733255f,-0.6247788319473075f,0.17215297969629284f,0.9119403646338458f,0.3724622436344072f,1.147325798288219f,-0.7853713426614024f,0.35529571827115075f,-0.5069090714363012f,0.13413495237269152f,0f,0f,0f,1f], start_interpolation: 0, interpolation_duration: 1 }
$data merge entity $(bone_rightleg) { transformation: [-0.6210695494640052f,0.3550836874471469f,0.6987046512207532f,-0.3081300879326815f,0.033393313594557064f,0.9026620659584219f,-0.4290525390751689f,1.958598715901076f,-0.7830437416490558f,-0.2431394036116124f,-0.5724733435502795f,-0.06485750941078428f,0f,0f,0f,1f], start_interpolation: 0, interpolation_duration: 1 }
$data merge entity $(bone_sack_top) { transformation: [0.004047956706070446f,0.06834437433846802f,-0.09740758630396137f,-0.5737417192461491f,0.049573901765763234f,0.2804103289766748f,0.01976719930587614f,2.3978077467325063f,0.08631947606778344f,-0.1642467009425244f,-0.006784511804875092f,0.6893149742931066f,0f,0f,0f,1f], start_interpolation: 0, interpolation_duration: 1 }
$data merge entity $(bone_sack_main) { transformation: [0.0035890046985794675f,0.020480065915711006f,-0.09044990156796424f,-0.5737417192461491f,0.0439532779827969f,0.08402772103008523f,0.01835525649831358f,2.3978077467325063f,0.07653268739796674f,-0.04921814405794696f,-0.006299903818812593f,0.6893149742931066f,0f,0f,0f,1f], start_interpolation: 0, interpolation_duration: 1 }
data modify entity @s data merge value {"locators":{"lefthand":{"posx":-0.4423357168592469,"posy":2.5040150380279282,"posz":0.8562252264468703,"roty":151.393839180252,"rotx":-44.849728502331836},"righthand":{"posx":-0.5138558211737165,"posy":2.5858861059290956,"posz":0.8947288815552185,"roty":273.57675678962744,"rotx":-77.76419439520336},"chest":{"posx":-0.399616253742743,"posy":2.389480044585711,"posz":0.29455395865966494,"roty":9.267379604718371,"rotx":8.705026897929876},"sack":{"posx":-0.5489559031829883,"posy":2.4926337238975584,"posz":0.6097392372588717,"roty":273.9842596922002,"rotx":11.44442594398821}},"cameras":{}}