# This file was generated by Animated Java via MC-Build. It is not recommended to edit this file directly.
$data merge entity $(bone_nose) { transformation: [-1f,-8.198726444771774e-17f,9.09707991335603e-17f,-7.064728403055125e-17f,0f,0.7428329474008156f,0.6694768198047018f,3.9752512469514962f,-1.2246467991473532e-16f,0.6694768198047018f,-0.7428329474008156f,0.5765019970591698f,0f,0f,0f,1f], start_interpolation: 0, interpolation_duration: 1 }
$data merge entity $(bone_glowing_eye) { transformation: [-1f,-8.198726444771774e-17f,9.09707991335603e-17f,-0.1250000000000001f,0f,0.7428329474008156f,0.6694768198047018f,4.002185260958131f,-1.2246467991473532e-16f,0.6694768198047018f,-0.7428329474008156f,0.6477526372292528f,0f,0f,0f,1f], start_interpolation: 0, interpolation_duration: 1 }
$data merge entity $(bone_head) { transformation: [-1f,-8.198726444771774e-17f,9.09707991335603e-17f,-4.3489015834993655e-17f,0f,0.7428329474008156f,0.6694768198047018f,4.008891437851934f,-1.2246467991473532e-16f,0.6694768198047018f,-0.7428329474008156f,0.3547379078992076f,0f,0f,0f,1f], start_interpolation: 0, interpolation_duration: 1 }
$data merge entity $(bone_leftthumb2) { transformation: [-0.6538074348730756f,0.7177277915105406f,0.23958851265887382f,-0.09183344940762106f,0.1824139238909176f,0.4568083545615217f,-0.8706614081108187f,2.6781786310040294f,-0.7343439238363778f,-0.5255406211666205f,-0.42958824125945905f,1.1054028165718406f,0f,0f,0f,1f], start_interpolation: 0, interpolation_duration: 1 }
$data merge entity $(bone_leftthumb) { transformation: [-0.6538074348730756f,0.7177277915105406f,0.23958851265887382f,0.10465854382244844f,0.1824139238909176f,0.4568083545615217f,-0.8706614081108187f,2.7158029066139533f,-0.7343439238363778f,-0.5255406211666205f,-0.42958824125945905f,0.9398063836579553f,0f,0f,0f,1f], start_interpolation: 0, interpolation_duration: 1 }
$data merge entity $(bone_leftpointerfinger) { transformation: [-0.6538074348730756f,0.7177277915105406f,0.23958851265887382f,-0.04810498804682034f,0.1824139238909176f,0.4568083545615217f,-0.8706614081108187f,2.5051488888426907f,-0.7343439238363778f,-0.5255406211666205f,-0.42958824125945905f,1.1724313178388193f,0f,0f,0f,1f], start_interpolation: 0, interpolation_duration: 1 }
$data merge entity $(bone_leftmidfinger) { transformation: [-0.6538074348730756f,0.7177277915105406f,0.23958851265887382f,-0.01066928294387131f,0.1824139238909176f,0.4568083545615217f,-0.8706614081108187f,2.369108043825375f,-0.7343439238363778f,-0.5255406211666205f,-0.42958824125945905f,1.105308155142029f,0f,0f,0f,1f], start_interpolation: 0, interpolation_duration: 1 }
$data merge entity $(bone_leftringfinger) { transformation: [-0.6538074348730756f,0.7177277915105406f,0.23958851265887382f,0.026766422159077728f,0.1824139238909176f,0.4568083545615217f,-0.8706614081108187f,2.2330671988080595f,-0.7343439238363778f,-0.5255406211666205f,-0.42958824125945905f,1.0381849924452384f,0f,0f,0f,1f], start_interpolation: 0, interpolation_duration: 1 }
$data merge entity $(bone_invisibility) { transformation: [0.7358781353504888f,-0.1761227072747195f,0.6538074348730755f,-0.09967954590964645f,0.37918691915258185f,0.907161750028236f,-0.18241392389091773f,2.616523082355867f,-0.5609818626806582f,0.38214964512338817f,0.7343439238363776f,0.9906854592187576f,0f,0f,0f,1f], start_interpolation: 0, interpolation_duration: 1 }
$data merge entity $(bone_swiftness) { transformation: [0.23958851265887368f,0.7177277915105406f,0.6538074348730756f,-0.1860014887695403f,-0.8706614081108187f,0.4568083545615217f,-0.1824139238909178f,2.4009151956862262f,-0.4295882412594592f,-0.5255406211666205f,0.7343439238363777f,0.9430578062083911f,0f,0f,0f,1f], start_interpolation: 0, interpolation_duration: 1 }
$data merge entity $(bone_suspicious_stew) { transformation: [0.000007517367671715531f,8.61839369439095e-7f,0.000006538074348730758f,-0.08840019001316421f,4.6051558062002076e-7f,0.00000982142766796549f,-0.000001824139238909176f,2.431861176715017f,-0.000006578533931527032f,0.0000016723610448126235f,0.000007343439238363779f,0.9347723805997944f,0f,0f,0f,1f], start_interpolation: 0, interpolation_duration: 1 }
$data merge entity $(bone_log) { transformation: [-0.5544287047723679f,0.6086331672009382f,0.20317105873472494f,-0.059674045208017744f,0.15468700745949807f,0.3873734846681703f,-0.7383208740779741f,2.4801185714671026f,-0.6227236474132481f,-0.44565844674929406f,-0.36429082858802114f,0.8323291739857142f,0f,0f,0f,1f], start_interpolation: 0, interpolation_duration: 1 }
$data merge entity $(bone_planks) { transformation: [0.01816971631479772f,-0.01994610288505583f,-0.0066583141688212255f,-0.11165173628042724f,-0.00506939669416654f,-0.012694989028724775f,0.02419622345635606f,2.4946204784164308f,0.02040787556383886f,0.014605101577582727f,0.011938525106207368f,0.7739488320407222f,0f,0f,0f,1f], start_interpolation: 0, interpolation_duration: 1 }
$data merge entity $(bone_lefthand1) { transformation: [-0.6538074348730756f,0.7177277915105406f,0.23958851265887382f,0.28664871401250147f,0.1824139238909176f,0.4568083545615217f,-0.8706614081108187f,2.5610580495659003f,-0.7343439238363778f,-0.5255406211666205f,-0.42958824125945905f,0.8457235694920666f,0f,0f,0f,1f], start_interpolation: 0, interpolation_duration: 1 }
$data merge entity $(bone_leftforearm) { transformation: [-0.6538074348730756f,0.7177277915105406f,0.23958851265887382f,0.7466945322284881f,0.1824139238909176f,0.4568083545615217f,-0.8706614081108187f,2.9072563786118844f,-0.7343439238363778f,-0.5255406211666205f,-0.42958824125945905f,0.4370186412641921f,0f,0f,0f,1f], start_interpolation: 0, interpolation_duration: 1 }
$data merge entity $(bone_leftelbow) { transformation: [-0.6538074348730756f,0.7177277915105406f,0.23958851265887382f,0.8812684931367145f,0.1824139238909176f,0.4568083545615217f,-0.8706614081108187f,2.9929079450921696f,-0.7343439238363778f,-0.5255406211666205f,-0.42958824125945905f,0.33847977479545077f,0f,0f,0f,1f], start_interpolation: 0, interpolation_duration: 1 }
$data merge entity $(bone_leftarm) { transformation: [-0.9844899765196709f,0.17070728477667008f,0.04047850116388808f,0.75f,0.16102387161578693f,0.9708038215336333f,-0.1777955366862624f,3.519089938296385f,-0.06964767693297882f,-0.1685199187629473f,-0.9832345793746115f,0.2697104666903446f,0f,0f,0f,1f], start_interpolation: 0, interpolation_duration: 1 }
$data merge entity $(bone_rightthumb2) { transformation: [-0.9988929206154611f,0.03714199829083341f,0.02886875659389744f,-1.0125337892292368f,0.03786722492086054f,0.9989701479535629f,0.024994334846713095f,1.8045271470451891f,-0.02791068650368398f,0.026059843833000917f,-0.9992706731002828f,0.33987671633176986f,0f,0f,0f,1f], start_interpolation: 0, interpolation_duration: 1 }
$data merge entity $(bone_rightthumb) { transformation: [-0.9988929206154611f,0.03714199829083341f,0.02886875659389744f,-1.0009579409467741f,0.03786722492086054f,0.9989701479535629f,0.024994334846713095f,2.051653036924854f,-0.02791068650368398f,0.026059843833000917f,-0.9992706731002828f,0.2608725240365172f,0f,0f,0f,1f], start_interpolation: 0, interpolation_duration: 1 }
$data merge entity $(bone_rightpointerfinger) { transformation: [-0.9988929206154611f,0.03714199829083341f,0.02886875659389744f,-1.121045849362931f,0.03786722492086054f,0.9989701479535629f,0.024994334846713095f,1.72917929429925f,-0.02791068650368398f,0.026059843833000917f,-0.9992706731002828f,0.20242809364089756f,0f,0f,0f,1f], start_interpolation: 0, interpolation_duration: 1 }
$data merge entity $(bone_rightmidfinger) { transformation: [-0.9988929206154611f,0.03714199829083341f,0.02886875659389744f,-1.1165351061451345f,0.03786722492086054f,0.9989701479535629f,0.024994334846713095f,1.733084659119049f,-0.02791068650368398f,0.026059843833000917f,-0.9992706731002828f,0.04629205096897838f,0f,0f,0f,1f], start_interpolation: 0, interpolation_duration: 1 }
$data merge entity $(bone_rightringfinger) { transformation: [-0.9988929206154611f,0.03714199829083341f,0.02886875659389744f,-1.1120243629273379f,0.03786722492086054f,0.9989701479535629f,0.024994334846713095f,1.7369900239388478f,-0.02791068650368398f,0.026059843833000917f,-0.9992706731002828f,-0.10984399170294082f,0f,0f,0f,1f], start_interpolation: 0, interpolation_duration: 1 }
$data merge entity $(bone_hugeasssword) { transformation: [-3.9123306057438896f,0.14547282663909752f,0.11306929665943165f,-0.8441107800256068f,0.14831329760670378f,3.912633079484788f,0.0978944781496263f,1.9255514523205328f,-0.10931685547276226f,0.1020677216792536f,-3.9138101363094413f,0.07461283711728967f,0f,0f,0f,1f], start_interpolation: 0, interpolation_duration: 1 }
$data merge entity $(bone_ice) { transformation: [-0.9988929206154611f,0.03714199829083341f,0.02886875659389744f,-0.8290834218642845f,0.03786722492086054f,0.9989701479535629f,0.024994334846713095f,1.9093508683693698f,-0.02791068650368398f,0.026059843833000917f,-0.9992706731002828f,0.07464175653401908f,0f,0f,0f,1f], start_interpolation: 0, interpolation_duration: 1 }
$data merge entity $(bone_righthand1) { transformation: [-0.9988929206154611f,0.03714199829083341f,0.02886875659389744f,-1.0686190038018821f,0.03786722492086054f,0.9989701479535629f,0.024994334846713095f,2.1693412845519355f,-0.02791068650368398f,0.026059843833000917f,-0.9992706731002828f,0.04295183733196448f,0f,0f,0f,1f], start_interpolation: 0, interpolation_duration: 1 }
$data merge entity $(bone_rightforearm) { transformation: [-0.9988929206154611f,0.03714199829083341f,0.02886875659389744f,-0.9805238030369533f,0.03786722492086054f,0.9989701479535629f,0.024994334846713095f,2.8689849317922507f,-0.02791068650368398f,0.026059843833000917f,-0.9992706731002828f,0.07863318720071542f,0f,0f,0f,1f], start_interpolation: 0, interpolation_duration: 1 }
$data merge entity $(bone_rightelbow) { transformation: [-0.9988929206154611f,0.03714199829083341f,0.02886875659389744f,-0.9735596783574221f,0.03786722492086054f,0.9989701479535629f,0.024994334846713095f,3.0562918345335435f,-0.02791068650368398f,0.026059843833000917f,-0.9992706731002828f,0.0835194079194031f,0f,0f,0f,1f], start_interpolation: 0, interpolation_duration: 1 }
$data merge entity $(bone_rightarm) { transformation: [-0.9999344716904964f,0.009996676662222146f,0.005578420991524675f,-0.75f,0.011238218755034383f,0.950013360625316f,0.312006918308885f,3.519089938296385f,-0.002180542194430881f,0.31204916453838527f,-0.9500634526949417f,0.26971046669034443f,0f,0f,0f,1f], start_interpolation: 0, interpolation_duration: 1 }
$data merge entity $(bone_chest1) { transformation: [-1.0833333333333333f,-3.012221423030897e-17f,1.292052617317065e-16f,-0.0023231250000000157f,0f,1.0550410275163764f,0.2459665452217017f,3.3879665362581797f,-1.3267006990762992e-16f,0.2459665452217017f,-1.0550410275163764f,0.12612003829691537f,0f,0f,0f,1f], start_interpolation: 0, interpolation_duration: 1 }
$data merge entity $(bone_chest1lid) { transformation: [-1f,-2.780512082797751e-17f,1.1926639544465217e-16f,-0.3437500000000001f,0f,0.9738840253997322f,0.22704604174310927f,2.6335185926251112f,-1.2246467991473532e-16f,0.22704604174310927f,-0.9738840253997322f,0.35204525111327073f,0f,0f,0f,1f], start_interpolation: 0, interpolation_duration: 1 }
$data merge entity $(bone_chest2) { transformation: [-1f,-2.780512082797751e-17f,1.1926639544465217e-16f,-0.3437500000000001f,0f,0.9738840253997322f,0.22704604174310927f,2.481349213656403f,-1.2246467991473532e-16f,0.22704604174310927f,-0.9738840253997322f,0.3165693070909099f,0f,0f,0f,1f], start_interpolation: 0, interpolation_duration: 1 }
$data merge entity $(bone_chest1lid3) { transformation: [-1f,-2.780512082797751e-17f,1.1926639544465217e-16f,-0.28125f,0f,0.9738840253997322f,0.22704604174310927f,2.778969963116791f,-1.2246467991473532e-16f,0.22704604174310927f,-0.9738840253997322f,-0.27184920265843265f,0f,0f,0f,1f], start_interpolation: 0, interpolation_duration: 1 }
$data merge entity $(bone_chest3) { transformation: [-1f,-2.780512082797751e-17f,1.1926639544465217e-16f,-0.28125f,0f,0.9738840253997322f,0.22704604174310927f,2.6268005841480826f,-1.2246467991473532e-16f,0.22704604174310927f,-0.9738840253997322f,-0.30732514668079347f,0f,0f,0f,1f], start_interpolation: 0, interpolation_duration: 1 }
$data merge entity $(bone_hugeasssword2) { transformation: [-1.3368014181145937e-15f,2.887669569172986f,-2.646061646494669f,-1.234375f,-0.8892636634938444f,2.5769571677440717f,2.8122552640504974f,4.578116229349783f,3.814379099482285f,0.6007778230448697f,0.6556339455427549f,0.1315499989085541f,0f,0f,0f,1f], start_interpolation: 0, interpolation_duration: 1 }
$data merge entity $(bone_belt) { transformation: [-1f,-2.780512082797751e-17f,1.1926639544465217e-16f,0.02970562499999998f,0f,0.9738840253997322f,0.22704604174310927f,2.970318417941427f,-1.2246467991473532e-16f,0.22704604174310927f,-0.9738840253997322f,0.1631646421242711f,0f,0f,0f,1f], start_interpolation: 0, interpolation_duration: 1 }
$data merge entity $(bone_torn_part) { transformation: [-1f,-6.238231184742165e-17f,1.05385221901316e-16f,-0.09375000000000001f,0f,0.8605356415799992f,0.509390233092959f,2.6938276974631243f,-1.2246467991473532e-16f,0.509390233092959f,-0.8605356415799992f,0.09335730686646689f,0f,0f,0f,1f], start_interpolation: 0, interpolation_duration: 1 }
$data merge entity $(bone_lowerbody) { transformation: [-1f,-2.780512082797751e-17f,1.1926639544465217e-16f,0.0039062499999999853f,0f,0.9738840253997322f,0.22704604174310927f,2.1863700385657867f,-1.2246467991473532e-16f,0.22704604174310927f,-0.9738840253997322f,0.11944742286842668f,0f,0f,0f,1f], start_interpolation: 0, interpolation_duration: 1 }
$data merge entity $(bone_leftfoot) { transformation: [-0.9961946980917455f,0.003099358861275627f,-0.08710061692402059f,0.2734090731304128f,-1.734723475976807e-18f,0.9993675021071524f,0.0355611548197024f,0.16341786401691638f,0.08715574274765805f,0.035425833889407315f,-0.9955646070443365f,-0.14341418581897247f,0f,0f,0f,1f], start_interpolation: 0, interpolation_duration: 1 }
$data merge entity $(bone_leftlowerleg) { transformation: [-0.9961946980917455f,0.021904212564457418f,-0.08435833667058054f,0.3106703483058195f,-1.734723475976807e-18f,0.9679033648399185f,0.2513226538367834f,1.1985710331607897f,0.08715574274765805f,0.2503662952625508f,-0.9642202003186872f,0.2824841383035097f,0f,0f,0f,1f], start_interpolation: 0, interpolation_duration: 1 }
$data merge entity $(bone_leftleg) { transformation: [-0.9961946980917455f,-0.02980901962620912f,-0.08189960831908923f,0.25f,-1.734723475976807e-18f,0.9396926207859084f,-0.3420201433256687f,2.2059012885657867f,0.08715574274765805f,-0.34071865342161006f,-0.9361168066628591f,-0.0524275771315733f,0f,0f,0f,1f], start_interpolation: 0, interpolation_duration: 1 }
$data merge entity $(bone_rightfoot) { transformation: [-0.9990488803103315f,0.04211846985001347f,0.011285798517005053f,-0.3655567464441507f,0.041586289608876906f,0.9981726508709503f,-0.04383993122515811f,0.14782975215081717f,-0.01311164624444786f,-0.04332889971778056f,-0.9989748200940838f,-0.15849517351707337f,0f,0f,0f,1f], start_interpolation: 0, interpolation_duration: 1 }
$data merge entity $(bone_rightlowerleg) { transformation: [-0.9990488803103315f,0.03736514500934729f,0.022476224974478612f,-0.3275581623332504f,0.041586289608876906f,0.9714755005888603f,0.23346505578392196f,1.1896895012050037f,-0.01311164624444786f,0.2341777053736192f,-0.9721053888538561f,0.25065545841810416f,0f,0f,0f,1f], start_interpolation: 0, interpolation_duration: 1 }
$data merge entity $(bone_rightleg) { transformation: [-0.9990488803103315f,0.0436025447757916f,-0.00039094724454290307f,-0.25f,0.041586289608876906f,0.9500785998733625f,-0.3092268335368677f,2.2059012885657867f,-0.01311164624444786f,-0.3089489798522503f,-0.9509882294650204f,-0.05242757713157335f,0f,0f,0f,1f], start_interpolation: 0, interpolation_duration: 1 }
data modify entity @s data merge value {"locators":{"lefthand":{"posx":-0.047269558765517805,"posy":2.4260658993316255,"posz":0.8967130314432509,"roty":29.149135453782236,"rotx":-60.53559057801775},"righthand":{"posx":-0.9237610512170579,"posy":1.8969014756619462,"posz":0.0872315488816,"roty":1.6548048655375283,"rotx":1.4322190467341331},"chest":{"posx":-0.3750000000000001,"posy":2.537174897015267,"posz":0.4900242524730346,"roty":0,"rotx":13.12322200728266},"sack":{"posx":0,"posy":-0.4375,"posz":0,"roty":0,"rotx":0}},"cameras":{}}