# This file was generated by Animated Java via MC-Build. It is not recommended to edit this file directly.
$data merge entity $(bone_nose) { transformation: [-0.9998305139673431f,-0.015302267456032425f,0.010236403201447376f,-0.019011123373289952f,-0.002457725047809631f,0.6619749277531136f,0.7495219507218246f,3.8117744513062237f,-0.018245627623842384f,0.7493697589554599f,-0.6619003410149055f,0.9838543193151981f,0f,0f,0f,1f], start_interpolation: 0, interpolation_duration: 1 }
$data merge entity $(bone_glowing_eye) { transformation: [-0.9998305139673431f,-0.015302267456032425f,0.010236403201447376f,-0.14538323114437085f,-0.002457725047809631f,0.6619749277531136f,0.7495219507218246f,3.830133279908764f,-0.018245627623842384f,0.7493697589554599f,-0.6619003410149055f,1.0554094632602222f,0f,0f,0f,1f], start_interpolation: 0, interpolation_duration: 1 }
$data merge entity $(bone_head) { transformation: [-0.9998305139673431f,-0.015302267456032425f,0.010236403201447376f,-0.015204829525917845f,-0.002457725047809631f,0.6619749277531136f,0.7495219507218246f,3.870387588781334f,-0.018245627623842384f,0.7493697589554599f,-0.6619003410149055f,0.7673803349031287f,0f,0f,0f,1f], start_interpolation: 0, interpolation_duration: 1 }
$data merge entity $(bone_leftthumb2) { transformation: [-0.9983722375609523f,-0.05660997852774147f,-0.0069415847344827045f,1.041283697972698f,-0.05121959908587759f,0.9434649841976684f,-0.32749103233886406f,1.8522981716929228f,0.02508840244055649f,-0.32660240955017716f,-0.944828787738286f,1.276220356841228f,0f,0f,0f,1f], start_interpolation: 0, interpolation_duration: 1 }
$data merge entity $(bone_leftthumb) { transformation: [-0.9983722375609523f,-0.05660997852774147f,-0.0069415847344827045f,1.0268073148361614f,-0.05121959908587759f,0.9434649841976684f,-0.32749103233886406f,2.055689318183921f,0.02508840244055649f,-0.32660240955017716f,-0.944828787738286f,1.115380859288974f,0f,0f,0f,1f], start_interpolation: 0, interpolation_duration: 1 }
$data merge entity $(bone_leftpointerfinger) { transformation: [-0.9983722375609523f,-0.05660997852774147f,-0.0069415847344827045f,1.1542540407393769f,-0.05121959908587759f,0.9434649841976684f,-0.32749103233886406f,1.7363658717531947f,0.02508840244055649f,-0.32660240955017716f,-0.944828787738286f,1.1755143814804578f,0f,0f,0f,1f], start_interpolation: 0, interpolation_duration: 1 }
$data merge entity $(bone_leftmidfinger) { transformation: [-0.9983722375609523f,-0.05660997852774147f,-0.0069415847344827045f,1.153169418124614f,-0.05121959908587759f,0.9434649841976684f,-0.32749103233886406f,1.6851953979502472f,0.02508840244055649f,-0.32660240955017716f,-0.944828787738286f,1.0278848833963505f,0f,0f,0f,1f], start_interpolation: 0, interpolation_duration: 1 }
$data merge entity $(bone_leftringfinger) { transformation: [-0.9983722375609523f,-0.05660997852774147f,-0.0069415847344827045f,1.152084795509851f,-0.05121959908587759f,0.9434649841976684f,-0.32749103233886406f,1.6340249241472997f,0.02508840244055649f,-0.32660240955017716f,-0.944828787738286f,0.8802553853122435f,0f,0f,0f,1f], start_interpolation: 0, interpolation_duration: 1 }
$data merge entity $(bone_invisibility) { transformation: [-0.05699955944180346f,0.0019812851833320294f,0.9983722375609521f,0.9610844543181791f,0.9113320909262386f,0.40847322154272414f,0.05121959908587756f,1.8401877743318023f,-0.407706843542575f,0.912768153361811f,-0.02508840244055671f,1.1740222180103332f,0f,0f,0f,1f], start_interpolation: 0, interpolation_duration: 1 }
$data merge entity $(bone_swiftness) { transformation: [-0.0069415847344829265f,-0.05660997852774147f,0.9983722375609523f,0.9154505075210907f,-0.32749103233886406f,0.9434649841976684f,0.05121959908587752f,1.6483544491546531f,-0.944828787738286f,-0.32660240955017716f,-0.025088402440556698f,1.0424009803785215f,0f,0f,0f,1f], start_interpolation: 0, interpolation_duration: 1 }
$data merge entity $(bone_suspicious_stew) { transformation: [-0.054239704837882506f,-0.017633198423335893f,0.9983722375609525f,0.9624364999239515f,0.7166659711520389f,0.695533204428219f,0.051219599085877705f,1.7345582846339995f,-0.6953042069567855f,0.718277545139187f,-0.02508840244055653f,1.012176308257069f,0f,0f,0f,1f], start_interpolation: 0, interpolation_duration: 1 }
$data merge entity $(bone_log) { transformation: [-0.000009983722375609524f,-5.660997852774148e-7f,-6.941584734482705e-8f,0.8614374685522157f,-5.121959908587759e-7f,0.000009434649841976686f,-0.0000032749103233886408f,1.8323384281035229f,2.508840244055649e-7f,-0.0000032660240955017717f,-0.000009448287877382861f,0.9294141953668669f,0f,0f,0f,1f], start_interpolation: 0, interpolation_duration: 1 }
$data merge entity $(bone_planks) { transformation: [-0.000009983722375609524f,-5.660997852774148e-7f,-6.941584734482705e-8f,0.7678400712808764f,-5.121959908587759e-7f,0.000009434649841976686f,-0.0000032749103233886408f,1.8275365906892218f,2.508840244055649e-7f,-0.0000032660240955017717f,-0.000009448287877382861f,0.9317662330956691f,0f,0f,0f,1f], start_interpolation: 0, interpolation_duration: 1 }
$data merge entity $(bone_lefthand1) { transformation: [-0.9983722375609523f,-0.05660997852774147f,-0.0069415847344827045f,1.097094957833471f,-0.05121959908587759f,0.9434649841976684f,-0.32749103233886406f,2.091243668684999f,0.02508840244055649f,-0.32660240955017716f,-0.944828787738286f,0.8710173919860048f,0f,0f,0f,1f], start_interpolation: 0, interpolation_duration: 1 }
$data merge entity $(bone_leftforearm) { transformation: [-0.9983722375609523f,-0.05660997852774147f,-0.0069415847344827045f,0.9950012640950695f,-0.05121959908587759f,0.9434649841976684f,-0.32749103233886406f,2.756533308136412f,0.02508840244055649f,-0.32660240955017716f,-0.944828787738286f,0.657706047731982f,0f,0f,0f,1f], start_interpolation: 0, interpolation_duration: 1 }
$data merge entity $(bone_leftelbow) { transformation: [-0.9983722375609523f,-0.05660997852774147f,-0.0069415847344827045f,0.9843868931211179f,-0.05121959908587759f,0.9434649841976684f,-0.32749103233886406f,2.933432992673475f,0.02508840244055649f,-0.32660240955017716f,-0.944828787738286f,0.5964680959413238f,0f,0f,0f,1f], start_interpolation: 0, interpolation_duration: 1 }
$data merge entity $(bone_leftarm) { transformation: [-0.9983722375609523f,-0.05393615335186579f,-0.01854094466690872f,0.7396042939995676f,-0.05121959908587759f,0.9908938185515099f,-0.12452306222499121f,3.421566960343725f,0.02508840244055649f,-0.12337070850899368f,-0.9920434669635044f,0.5712721880633082f,0f,0f,0f,1f], start_interpolation: 0, interpolation_duration: 1 }
$data merge entity $(bone_rightthumb2) { transformation: [-0.9998305139673431f,0.011183472232922377f,0.014624407291032527f,-0.9784866667376911f,-0.002457725047809631f,0.7061659581262767f,-0.7080420885591384f,2.2499407426362623f,-0.018245627623842384f,-0.7079580280867029f,-0.7060187869598082f,1.5333823319517368f,0f,0f,0f,1f], start_interpolation: 0, interpolation_duration: 1 }
$data merge entity $(bone_rightthumb) { transformation: [-0.9998305139673431f,0.011183472232922377f,0.014624407291032527f,-0.9744942387625353f,-0.002457725047809631f,0.7061659581262767f,-0.7080420885591384f,2.362615140839003f,-0.018245627623842384f,-0.7079580280867029f,-0.7060187869598082f,1.2994263347620658f,0f,0f,0f,1f], start_interpolation: 0, interpolation_duration: 1 }
$data merge entity $(bone_rightpointerfinger) { transformation: [-0.9998305139673431f,0.011183472232922377f,0.014624407291032527f,-1.086834758962374f,-0.002457725047809631f,0.7061659581262767f,-0.7080420885591384f,2.0974461492505045f,-0.018245627623842384f,-0.7079580280867029f,-0.7060187869598082f,1.4966348165679164f,0f,0f,0f,1f], start_interpolation: 0, interpolation_duration: 1 }
$data merge entity $(bone_rightmidfinger) { transformation: [-0.9998305139673431f,0.011183472232922377f,0.014624407291032527f,-1.0845496953231502f,-0.002457725047809631f,0.7061659581262767f,-0.7080420885591384f,1.9868145729131392f,-0.018245627623842384f,-0.7079580280867029f,-0.7060187869598082f,1.3863193811054464f,0f,0f,0f,1f], start_interpolation: 0, interpolation_duration: 1 }
$data merge entity $(bone_rightringfinger) { transformation: [-0.9998305139673431f,0.011183472232922377f,0.014624407291032527f,-1.0822646316839262f,-0.002457725047809631f,0.7061659581262767f,-0.7080420885591384f,1.876182996575774f,-0.018245627623842384f,-0.7079580280867029f,-0.7060187869598082f,1.2760039456429764f,0f,0f,0f,1f], start_interpolation: 0, interpolation_duration: 1 }
$data merge entity $(bone_hugeasssword) { transformation: [-3.9160028463720944f,0.043801932912279316f,0.05727892855654407f,-0.8169265786171847f,-0.009626089770587721f,2.765816669327917f,-2.7731648468566257f,2.1419705240071f,-0.07146204152671601f,-2.7728356100062532f,-2.765240248925916f,1.258393445034165f,0f,0f,0f,1f], start_interpolation: 0, interpolation_duration: 1 }
$data merge entity $(bone_ice) { transformation: [-0.9998305139673431f,0.011183472232922377f,0.014624407291032527f,-0.8014789685900843f,-0.002457725047809631f,0.7061659581262767f,-0.7080420885591384f,2.130975082865249f,-0.018245627623842384f,-0.7079580280867029f,-0.7060187869598082f,1.2697403771546423f,0f,0f,0f,1f], start_interpolation: 0, interpolation_duration: 1 }
$data merge entity $(bone_righthand1) { transformation: [-0.9998305139673431f,0.011183472232922377f,0.014624407291032527f,-1.0481837162958447f,-0.002457725047809631f,0.7061659581262767f,-0.7080420885591384f,2.284775825867393f,-0.018245627623842384f,-0.7079580280867029f,-0.7060187869598082f,1.0661263761345119f,0f,0f,0f,1f], start_interpolation: 0, interpolation_duration: 1 }
$data merge entity $(bone_rightforearm) { transformation: [-0.9998305139673431f,0.011183472232922377f,0.014624407291032527f,-0.9780594366230346f,-0.002457725047809631f,0.7061659581262767f,-0.7080420885591384f,2.792515530624156f,-0.018245627623842384f,-0.7079580280867029f,-0.7060187869598082f,0.580515282908786f,0f,0f,0f,1f], start_interpolation: 0, interpolation_duration: 1 }
$data merge entity $(bone_rightelbow) { transformation: [-0.9998305139673431f,0.011183472232922377f,0.014624407291032527f,-0.9759625355793616f,-0.002457725047809631f,0.7061659581262767f,-0.7080420885591384f,2.924921647772833f,-0.018245627623842384f,-0.7079580280867029f,-0.7060187869598082f,0.44777315264252915f,0f,0f,0f,1f], start_interpolation: 0, interpolation_duration: 1 }
$data merge entity $(bone_rightarm) { transformation: [-0.9998305139673431f,-0.004670727729495087f,0.017808078006216078f,-0.7601414769514471f,-0.002457725047809631f,0.9924873553733747f,0.1223225613349953f,3.4178803727720104f,-0.018245627623842384f,0.12225806201000095f,-0.9923306219935827f,0.5439037466275446f,0f,0f,0f,1f], start_interpolation: 0, interpolation_duration: 1 }
$data merge entity $(bone_chest1) { transformation: [-1.0831497234646217f,-0.011698920273127215f,0.01615310911458539f,-0.009219039486863097f,-0.0026625354684604334f,0.9543526368325552f,0.512654919596739f,3.3305896022809334f,-0.019766096592495914f,0.5125283318474237f,-0.9542196401197705f,0.38475576078616114f,0f,0f,0f,1f], start_interpolation: 0, interpolation_duration: 1 }
$data merge entity $(bone_chest1lid) { transformation: [-0.9998305139673431f,-0.010799003329040506f,0.014910562259617281f,-0.34904226722885334f,-0.002457725047809631f,0.8809408955377434f,0.4732199257816053f,2.5424918388366353f,-0.018245627623842384f,0.4731030755514681f,-0.8808181293413266f,0.3998654117304275f,0f,0f,0f,1f], start_interpolation: 0, interpolation_duration: 1 }
$data merge entity $(bone_chest2) { transformation: [-0.9998305139673431f,-0.010799003329040506f,0.014910562259617281f,-0.34735492295869075f,-0.002457725047809631f,0.8809408955377434f,0.4732199257816053f,2.404844823908863f,-0.018245627623842384f,0.4731030755514681f,-0.8808181293413266f,0.3259430561755106f,0f,0f,0f,1f], start_interpolation: 0, interpolation_duration: 1 }
$data merge entity $(bone_chest1lid3) { transformation: [-0.9998305139673431f,-0.010799003329040506f,0.014910562259617281f,-0.2770007811583271f,-0.002457725047809631f,0.8809408955377434f,0.4732199257816053f,2.8458019616059644f,-0.018245627623842384f,0.4731030755514681f,-0.8808181293413266f,-0.16326835065236972f,0f,0f,0f,1f], start_interpolation: 0, interpolation_duration: 1 }
$data merge entity $(bone_chest3) { transformation: [-0.9998305139673431f,-0.010799003329040506f,0.014910562259617281f,-0.2753134368881645f,-0.002457725047809631f,0.8809408955377434f,0.4732199257816053f,2.7081549466781922f,-0.018245627623842384f,0.4731030755514681f,-0.8808181293413266f,-0.2371907062072866f,0f,0f,0f,1f], start_interpolation: 0, interpolation_duration: 1 }
$data merge entity $(bone_hugeasssword2) { transformation: [-0.05839970218350189f,2.8586053209847404f,-2.676797129294707f,-1.2496419246360628f,-1.8534447093112874f,2.338121014341044f,2.537362924297702f,4.475088279907823f,3.449871006586863f,1.3045472467152417f,1.3178862988804485f,0.6778622977957165f,0f,0f,0f,1f], start_interpolation: 0, interpolation_duration: 1 }
$data merge entity $(bone_belt) { transformation: [-0.9998305139673431f,-0.010799003329040506f,0.014910562259617281f,0.0251540192072356f,-0.002457725047809631f,0.8809408955377434f,0.4732199257816053f,2.9178174618878825f,-0.018245627623842384f,0.4731030755514681f,-0.8808181293413266f,0.31219029252360503f,0f,0f,0f,1f], start_interpolation: 0, interpolation_duration: 1 }
$data merge entity $(bone_torn_part) { transformation: [-0.9998305139673431f,-0.012986125451247329f,0.013050053086597676f,-0.09556536074844993f,-0.002457725047809631f,0.7966444352439906f,0.6044432176659545f,2.67093361041363f,-0.018245627623842384f,0.6043086995406798f,-0.7965413314650185f,0.19435753216349785f,0f,0f,0f,1f], start_interpolation: 0, interpolation_duration: 1 }
$data merge entity $(bone_lowerbody) { transformation: [-0.9998305139673431f,-0.008460861320418983f,0.01635106007313254f,0.0039062499999999796f,-0.002457725047809631f,0.9415328826346183f,0.3369121406321467f,2.1640625f,-0.018245627623842384f,0.33681485232017705f,-0.9413941004325178f,0.16406250000000006f,0f,0f,0f,1f], start_interpolation: 0, interpolation_duration: 1 }
$data merge entity $(bone_leftfoot) { transformation: [-0.9961946980917455f,-0.0002376801230484782f,-0.08715541866146394f,0.26786480962670034f,-1.734723475976807e-18f,0.999996281527942f,-0.0027270735760537845f,0.16973338278974293f,0.08715574274765805f,-0.002716696237770877f,-0.9961909937695961f,-0.16217033051512358f,0f,0f,0f,1f], start_interpolation: 0, interpolation_duration: 1 }
$data merge entity $(bone_leftlowerleg) { transformation: [-0.9961946980917455f,0.02711337943612068f,-0.08283108202510031f,0.3106703483058195f,-1.734723475976807e-18f,0.9503800829845611f,0.311091140771091f,1.176263494595003f,0.08715574274765805f,0.30990734505947365f,-0.9467635998412128f,0.3270992154350831f,0f,0f,0f,1f], start_interpolation: 0, interpolation_duration: 1 }
$data merge entity $(bone_leftleg) { transformation: [-0.9961946980917455f,-0.02980901962620912f,-0.08189960831908923f,0.25f,-1.734723475976807e-18f,0.9396926207859084f,-0.3420201433256687f,2.18359375f,0.08715574274765805f,-0.34071865342161006f,-0.9361168066628591f,-0.007812499999999927f,0f,0f,0f,1f], start_interpolation: 0, interpolation_duration: 1 }
$data merge entity $(bone_rightfoot) { transformation: [-0.9990520108214799f,0.04204895337235743f,0.011267883290439488f,-0.3644509563845001f,0.041518506935354346f,0.9981784750777457f,-0.04377151440520577f,0.14359682122569972f,-0.013087904928466869f,-0.04326219379268126f,-0.9989780224473549f,-0.13045768483395082f,0f,0f,0f,1f], start_interpolation: 0, interpolation_duration: 1 }
$data merge entity $(bone_rightlowerleg) { transformation: [-0.9990520108214799f,0.03658635961411363f,0.023590632966167098f,-0.32748756123382516f,0.041518506935354346f,0.9637183102696724f,0.26367258490944095f,1.172209682577341f,-0.013087904928466869f,0.26440207401068966f,-0.9643237267657729f,0.31102748772291444f,0f,0f,0f,1f], start_interpolation: 0, interpolation_duration: 1 }
$data merge entity $(bone_rightleg) { transformation: [-0.9990520108214799f,0.043519422984424155f,-0.0010674720888289306f,-0.25f,0.041518506935354346f,0.9451727184169225f,-0.32392089457493123f,2.18359375f,-0.013087904928466869f,-0.32365814091950096f,-0.9460835663730323f,-0.00781249999999999f,0f,0f,0f,1f], start_interpolation: 0, interpolation_duration: 1 }
data modify entity @s data merge value {"locators":{"lefthand":{"posx":0.9595659826575111,"posy":1.7685491110076759,"posz":0.9673409206925829,"roty":359.57905987010565,"rotx":-19.116561924179372},"righthand":{"posx":-0.8956163273920845,"posy":2.1307739856800305,"posz":1.2901232373000087,"roty":1.1866497343317803,"rotx":-45.0758367348492},"chest":{"posx":-0.381941808435333,"posy":2.4134156155544066,"posz":0.5073541263547979,"roty":0.9698150722705918,"rotx":28.243512716865496},"sack":{"posx":0,"posy":-0.4375,"posz":0,"roty":0,"rotx":0}},"cameras":{}}