# This file was generated by Animated Java via MC-Build. It is not recommended to edit this file directly.
$data merge entity $(bone_nose) { transformation: [-0.9778356323760897f,-0.06961052672208777f,0.19746354252146558f,-0.3413062861456494f,-0.04700371967959305f,0.9920248148981474f,0.11695048936442536f,4.379233061253892f,-0.20402971938405295f,0.10507683472473761f,-0.9733091658934971f,1.6493729155244896f,0f,0f,0f,1f], start_interpolation: 0, interpolation_duration: 1 }
$data merge entity $(bone_glowing_eye) { transformation: [-0.9778356323760897f,-0.06961052672208777f,0.19746354252146558f,-0.4751395521682762f,-0.04700371967959305f,0.9920248148981474f,0.11695048936442536f,4.436444676043741f,-0.20402971938405295f,0.10507683472473761f,-0.9733091658934971f,1.664947987723712f,0f,0f,0f,1f], start_interpolation: 0, interpolation_duration: 1 }
$data merge entity $(bone_head) { transformation: [-0.9778356323760897f,-0.06961052672208777f,0.19746354252146558f,-0.295734960184045f,-0.04700371967959305f,0.9920248148981474f,0.11695048936442536f,4.278640501073751f,-0.20402971938405295f,0.10507683472473761f,-0.9733091658934971f,1.4541413484784007f,0f,0f,0f,1f], start_interpolation: 0, interpolation_duration: 1 }
$data merge entity $(bone_leftthumb2) { transformation: [-0.14745538115627008f,0.0472636526250621f,0.9879387924910109f,0.035026585645232394f,-0.9751699584841702f,-0.17381108332828735f,-0.13723432290148385f,3.8573413069211817f,0.1652285164190513f,-0.9836441706495211f,0.07171947370954894f,3.7442667232506404f,0f,0f,0f,1f], start_interpolation: 0, interpolation_duration: 1 }
$data merge entity $(bone_leftthumb) { transformation: [-0.14745538115627008f,0.0472636526250621f,0.9879387924910109f,0.13104442133343475f,-0.9751699584841702f,-0.17381108332828735f,-0.13723432290148385f,3.8029877401686907f,0.1652285164190513f,-0.9836441706495211f,0.07171947370954894f,3.509164334654659f,0f,0f,0f,1f], start_interpolation: 0, interpolation_duration: 1 }
$data merge entity $(bone_leftpointerfinger) { transformation: [-0.14745538115627008f,0.0472636526250621f,0.9879387924910109f,0.17797359852781944f,-0.9751699584841702f,-0.17381108332828735f,-0.13723432290148385f,3.9602458572089843f,0.1652285164190513f,-0.9836441706495211f,0.07171947370954894f,3.8172125594958346f,0f,0f,0f,1f], start_interpolation: 0, interpolation_duration: 1 }
$data merge entity $(bone_leftmidfinger) { transformation: [-0.14745538115627008f,0.0472636526250621f,0.9879387924910109f,0.33233903485453986f,-0.9751699584841702f,-0.17381108332828735f,-0.13723432290148385f,3.938802994255627f,0.1652285164190513f,-0.9836441706495211f,0.07171947370954894f,3.8284187272629517f,0f,0f,0f,1f], start_interpolation: 0, interpolation_duration: 1 }
$data merge entity $(bone_leftringfinger) { transformation: [-0.14745538115627008f,0.0472636526250621f,0.9879387924910109f,0.48670447118126037f,-0.9751699584841702f,-0.17381108332828735f,-0.13723432290148385f,3.9173601313022703f,0.1652285164190513f,-0.9836441706495211f,0.07171947370954894f,3.839624895030069f,0f,0f,0f,1f], start_interpolation: 0, interpolation_duration: 1 }
$data merge entity $(bone_invisibility) { transformation: [0.13318833940631533f,-0.9800600883692014f,0.14745538115627027f,0.12462208930154087f,-0.1851104390241734f,0.12156347080541684f,0.97516995848417f,3.762679475344842f,-0.973650343609278f,-0.1571767977517463f,-0.1652285164190513f,3.7383655916061915f,0f,0f,0f,1f], start_interpolation: 0, interpolation_duration: 1 }
$data merge entity $(bone_swiftness) { transformation: [0.9879387924910109f,0.0472636526250621f,0.1474553811562703f,0.2957803797053493f,-0.13723432290148407f,-0.17381108332828735f,0.9751699584841702f,3.709695094701519f,0.07171947370954898f,-0.9836441706495211f,-0.16522851641905129f,3.893620630102275f,0f,0f,0f,1f], start_interpolation: 0, interpolation_duration: 1 }
$data merge entity $(bone_suspicious_stew) { transformation: [0.46035639160664565f,-0.8754021380342683f,0.1474553811562701f,0.30764512917680564f,-0.21552406928948986f,0.05092079758684835f,0.9751699584841704f,3.745095434331827f,-0.8611744122207811f,-0.480705907076407f,-0.16522851641905145f,3.7979213134259284f,0f,0f,0f,1f], start_interpolation: 0, interpolation_duration: 1 }
$data merge entity $(bone_log) { transformation: [-0.14745538115627008f,0.0472636526250621f,0.9879387924910109f,0.34603877466955424f,-0.9751699584841702f,-0.17381108332828735f,-0.13723432290148385f,3.625514006421893f,0.1652285164190513f,-0.9836441706495211f,0.07171947370954894f,3.6938178158391595f,0f,0f,0f,1f], start_interpolation: 0, interpolation_duration: 1 }
$data merge entity $(bone_planks) { transformation: [-0.14745538115627008f,0.0472636526250621f,0.9879387924910109f,0.3322148326861539f,-0.9751699584841702f,-0.17381108332828735f,-0.13723432290148385f,3.5340918228140024f,0.1652285164190513f,-0.9836441706495211f,0.07171947370954894f,3.7093079892534453f,0f,0f,0f,1f], start_interpolation: 0, interpolation_duration: 1 }
$data merge entity $(bone_lefthand) { transformation: [-0.14745538115627008f,0.0472636526250621f,0.9879387924910109f,0.36384544584954315f,-0.9751699584841702f,-0.17381108332828735f,-0.13723432290148385f,3.8301422978015354f,0.1652285164190513f,-0.9836441706495211f,0.07171947370954894f,3.404358410518593f,0f,0f,0f,1f], start_interpolation: 0, interpolation_duration: 1 }
$data merge entity $(bone_leftforearm) { transformation: [-0.980591150782409f,0.0472636526250621f,0.19028174412635707f,0.33281760242566505f,-0.19566211276466872f,-0.17381108332828735f,-0.965145608154911f,3.710782897915962f,-0.012543230672239985f,-0.9836441706495211f,0.1796853163492175f,2.709142068045677f,0f,0f,0f,1f], start_interpolation: 0, interpolation_duration: 1 }
$data merge entity $(bone_leftelbow) { transformation: [-0.9976987515866869f,0.039726672392090046f,0.05494535997714636f,0.34026635349918194f,-0.05529213325643584f,-0.007682766431066773f,-0.9984406617821202f,3.709342379210137f,-0.03924259270638464f,-0.9991810479590858f,0.009861658940745671f,2.5217956215533484f,0f,0f,0f,1f], start_interpolation: 0, interpolation_duration: 1 }
$data merge entity $(bone_leftarm) { transformation: [-0.9976987515866869f,0.039726672392090046f,0.05494535997714636f,0.14016604528635337f,-0.05529213325643584f,-0.007682766431066773f,-0.9984406617821202f,3.7246071125254496f,-0.03924259270638464f,-0.9991810479590858f,0.009861658940745671f,2.0133126035773854f,0f,0f,0f,1f], start_interpolation: 0, interpolation_duration: 1 }
$data merge entity $(bone_rightthumb2) { transformation: [0.7665998429641768f,-0.6383956180870435f,-0.06910655232727123f,-0.3145592856719378f,0.20707728157721034f,0.14391113833381086f,0.9676820674777744f,4.593146712759287f,-0.6078187889674788f,-0.7561353179628161f,0.24251948521176284f,-0.16390791432698087f,0f,0f,0f,1f], start_interpolation: 0, interpolation_duration: 1 }
$data merge entity $(bone_rightthumb) { transformation: [0.7665998429641768f,-0.6383956180870435f,-0.06910655232727123f,-0.47702669623615734f,0.20707728157721034f,0.14391113833381086f,0.9676820674777744f,4.711135530383599f,-0.6078187889674788f,-0.7561353179628161f,0.24251948521176284f,-0.3286193211349926f,0f,0f,0f,1f], start_interpolation: 0, interpolation_duration: 1 }
$data merge entity $(bone_rightpointerfinger) { transformation: [-0.01371343312468895f,-0.7324254267673418f,-0.6807091419810757f,-0.5178110175270584f,0.9311038421480777f,0.2388088266961785f,-0.27570995525929476f,5.021561237747164f,0.3644963331626565f,-0.6375918275171601f,0.6786892400755338f,-0.17435107676930733f,0f,0f,0f,1f], start_interpolation: 0, interpolation_duration: 1 }
$data merge entity $(bone_rightmidfinger) { transformation: [0.08200458923782104f,-0.7279493879160309f,-0.6807091419810757f,-0.6241718209616014f,0.8919673128859326f,0.3582992231556834f,-0.27570995525929476f,4.978481557237899f,0.44460044994015085f,-0.5845608225999324f,0.6786892400755338f,-0.06830588300750516f,0f,0f,0f,1f], start_interpolation: 0, interpolation_duration: 1 }
$data merge entity $(bone_rightringfinger) { transformation: [0.01824756743138406f,-0.7323264916048203f,-0.6807091419810757f,-0.7305326243961445f,0.9198009428881497f,0.27919571277687694f,-0.27570995525929476f,4.935401876728634f,0.3919607783247039f,-0.6210858746266789f,0.6786892400755338f,0.037739310754296984f,0f,0f,0f,1f], start_interpolation: 0, interpolation_duration: 1 }
$data merge entity $(bone_hugeasssword) { transformation: [-2.5005287748257223f,3.0009533675752897f,0.28620361577884273f,-0.46897482825351267f,2.754274747919023f,2.425452624465652f,-1.36800144635379f,4.682129648634883f,-1.2253996233971813f,-0.6721132567424876f,-3.6588163811356855f,-0.05605898149261246f,0f,0f,0f,1f], start_interpolation: 0, interpolation_duration: 1 }
$data merge entity $(bone_ice) { transformation: [-0.7026502535387259f,-0.20716583990936394f,-0.6807091419810757f,-0.4547589517933862f,0.5077443512830794f,-0.8161983180030712f,-0.27570995525929476f,4.686949241864883f,-0.49847597228160284f,-0.5393538916737368f,0.6786892400755338f,-0.03984288986831028f,0f,0f,0f,1f], start_interpolation: 0, interpolation_duration: 1 }
$data merge entity $(bone_righthand) { transformation: [-0.7026502535387259f,-0.20716583990936394f,-0.6807091419810757f,-0.7034851358423173f,0.5077443512830794f,-0.8161983180030712f,-0.27570995525929476f,4.6012198140830325f,-0.49847597228160284f,-0.5393538916737368f,0.6786892400755338f,-0.27809131710478474f,0f,0f,0f,1f], start_interpolation: 0, interpolation_duration: 1 }
$data merge entity $(bone_rightforearm) { transformation: [0.9774029321294839f,0.2058253207864346f,0.04816062279341127f,-0.6206044001535953f,0.2072124970031267f,-0.8878698928192628f,-0.4107919601341292f,3.9704041390088887f,-0.04179101997340032f,0.4114887492365645f,-0.9104562152576645f,0.028074526813913175f,0f,0f,0f,1f], start_interpolation: 0, interpolation_duration: 1 }
$data merge entity $(bone_rightelbow) { transformation: [0.8814483669591713f,0.36379538213490425f,0.30116722318726763f,-0.5523927660033008f,0.41054447579747544f,-0.2750004301835088f,-0.8693836879025632f,3.918841558349481f,-0.23345665502869384f,0.8899593717334541f,-0.39175286455443975f,0.19494190901393582f,0f,0f,0f,1f], start_interpolation: 0, interpolation_duration: 1 }
$data merge entity $(bone_rightarm) { transformation: [0.8814483669591713f,0.2563950919129777f,0.3966236670043105f,-0.6294065399130153f,0.41054447579747544f,-0.0008438547823529791f,-0.9118401840790318f,3.8571080326300766f,-0.23345665502869384f,0.9665716966433696f,-0.10600540302631459f,0.7326090694677198f,0f,0f,0f,1f], start_interpolation: 0, interpolation_duration: 1 }
$data merge entity $(bone_chest) { transformation: [-0.5558024226439885f,-0.16394831970925053f,0.915322744477978f,-0.12855364236997993f,0.09569510896445292f,1.0506165037401924f,0.2462895030246452f,3.6606268905920354f,-0.9249525524125363f,0.207212503590779f,-0.5245349037502525f,1.287022095058046f,0f,0f,0f,1f], start_interpolation: 0, interpolation_duration: 1 }
$data merge entity $(bone_chest1lid) { transformation: [-0.5130483901329125f,-0.15133691050084666f,0.8449133025950567f,-0.53092197954129f,0.08833394673641809f,0.9697998496063316f,0.22734415663813404f,2.9390131996085893f,-0.8538023560731105f,0.19127308023764217f,-0.4841860650002331f,1.0542569459532258f,0f,0f,0f,1f], start_interpolation: 0, interpolation_duration: 1 }
$data merge entity $(bone_chest1) { transformation: [-0.5130483901329125f,-0.15133691050084666f,0.8449133025950567f,-0.5072755872755327f,0.08833394673641809f,0.9697998496063316f,0.22734415663813404f,2.7874819731076f,-0.8538023560731105f,0.19127308023764217f,-0.4841860650002331f,1.0243705271660943f,0f,0f,0f,1f], start_interpolation: 0, interpolation_duration: 1 }
$data merge entity $(bone_chest1lid3) { transformation: [-0.5130483901329125f,-0.15133691050084666f,0.8449133025950567f,0.042416129316975304f,0.08833394673641809f,0.9697998496063316f,0.22734415663813404f,3.079134678283868f,-0.8538023560731105f,0.19127308023764217f,-0.4841860650002331f,0.797437895317021f,0f,0f,0f,1f], start_interpolation: 0, interpolation_duration: 1 }
$data merge entity $(bone_chest3) { transformation: [-0.5130483901329125f,-0.15133691050084666f,0.8449133025950567f,0.0660625215827326f,0.08833394673641809f,0.9697998496063316f,0.22734415663813404f,2.9276034517828786f,-0.8538023560731105f,0.19127308023764217f,-0.4841860650002331f,0.7675514765298894f,0f,0f,0f,1f], start_interpolation: 0, interpolation_duration: 1 }
$data merge entity $(bone_hugeasssword2) { transformation: [-3.309243768497306f,1.0810674291247142f,-1.7945686590724836f,-0.7124087759113453f,-0.8904312801660247f,2.311070936903911f,3.034198582439481f,4.954948696426161f,1.8963954212509124f,2.9716194433442413f,-1.7068802148876208f,0.3287518591073615f,0f,0f,0f,1f], start_interpolation: 0, interpolation_duration: 1 }
$data merge entity $(bone_belt) { transformation: [-0.5130483901329125f,-0.15133691050084666f,0.8449133025950567f,-0.16244057577765755f,0.08833394673641809f,0.9697998496063316f,0.22734415663813404f,3.241737372137488f,-0.8538023560731105f,0.19127308023764217f,-0.4841860650002331f,1.3015596775927558f,0f,0f,0f,1f], start_interpolation: 0, interpolation_duration: 1 }
$data merge entity $(bone_torn_part) { transformation: [-0.5130483901329125f,-0.36339973714364293f,0.7776387210176446f,-0.1841270317881668f,0.08833394673641809f,0.878796193647949f,0.46895027869044326f,2.979470126233598f,-0.8538023560731105f,0.3092860828970614f,-0.41876443938113644f,1.1428619138506997f,0f,0f,0f,1f], start_interpolation: 0, interpolation_duration: 1 }
$data merge entity $(bone_lowerbody) { transformation: [-0.5130483901329125f,-0.11274001588225108f,0.8509236382901211f,-0.19863695069379245f,0.08833394673641809f,0.9791388946164317f,0.18298671783296225f,2.4670160936654297f,-0.8538023560731105f,0.16904648434138542f,-0.4923868630414739f,1.2129407241188546f,0f,0f,0f,1f], start_interpolation: 0, interpolation_duration: 1 }
$data merge entity $(bone_leftfoot) { transformation: [-0.8927715549864936f,-0.05162636466026237f,0.4475418070738909f,0.1342311422571804f,-0.0701557384360518f,0.9972248876822046f,-0.024913766309139773f,0.41852420360385434f,-0.4450136211078156f,-0.0536399278446546f,-0.8939158993827829f,1.5393157887539282f,0f,0f,0f,1f], start_interpolation: 0, interpolation_duration: 1 }
$data merge entity $(bone_leftlowerleg) { transformation: [-0.8927715549864936f,-0.05162636466026237f,0.4475418070738909f,0.008195303300704462f,-0.0701557384360518f,0.9972248876822046f,-0.024913766309139773f,1.5286484545719718f,-0.4450136211078156f,-0.0536399278446546f,-0.8939158993827829f,1.6171552608593693f,0f,0f,0f,1f], start_interpolation: 0, interpolation_duration: 1 }
$data merge entity $(bone_leftleg) { transformation: [-0.8927715549864936f,0.1228700106676566f,0.4334303993555691f,0.09955823826054387f,-0.0701557384360518f,0.9124343012376495f,-0.4031647532826431f,2.50641669892024f,-0.4450136211078156f,-0.3903416534313141f,-0.8059753536089161f,1.2094996878407431f,0f,0f,0f,1f], start_interpolation: 0, interpolation_duration: 1 }
$data merge entity $(bone_rightfoot) { transformation: [-0.587172641607093f,-0.029444103216979906f,0.8089260372456161f,-0.42218612019496354f,0.17433806599956578f,0.9712850328832932f,0.1619000421260948f,0.4259438840579335f,-0.7904647542374545f,0.23608987628157224f,-0.5651787705015756f,0.5121568858480283f,0f,0f,0f,1f], start_interpolation: 0, interpolation_duration: 1 }
$data merge entity $(bone_rightlowerleg) { transformation: [-0.587172641607093f,-0.029444103216979906f,0.8089260372456161f,-0.5791386187726766f,0.17433806599956578f,0.9712850328832932f,0.1619000421260948f,1.4785879842528467f,-0.7904647542374545f,0.23608987628157224f,-0.5651787705015756f,0.8609063377783437f,0f,0f,0f,1f], start_interpolation: 0, interpolation_duration: 1 }
$data merge entity $(bone_rightleg) { transformation: [-0.587172641607093f,0.24900059267995614f,0.7702123043636596f,-0.3162841165537019f,0.17433806599956578f,0.9680824536926277f,-0.1800627712660017f,2.50641669892024f,-0.7904647542374545f,0.0285493904924774f,-0.6118418133887458f,0.9318755967705644f,0f,0f,0f,1f], start_interpolation: 0, interpolation_duration: 1 }
data modify entity @s data merge value {"locators":{"lefthand":{"posx":0.3407337001589495,"posy":3.7326594672101425,"posz":3.7540542264801555,"roty":94.15210671957453,"rotx":-7.8878398727031005},"righthand":{"posx":-0.5067593664706036,"posy":4.751611341567396,"posz":-0.08875212708848856,"roty":225.0851345496459,"rotx":-16.004327319711855},"chest":{"posx":-0.6695138883571182,"posy":2.845638620368998,"posz":1.091275127467375,"roty":60.1847007894103,"rotx":13.140761400721379},"sack":{"posx":0,"posy":-0.4375,"posz":0,"roty":0,"rotx":0}},"cameras":{}}