# This file was generated by Animated Java via MC-Build. It is not recommended to edit this file directly.
$data merge entity $(bone_nose) { transformation: [-0.9905844383148166f,-0.08322774176583878f,-0.1086996484312539f,-0.032464277680659334f,-0.040358781593282184f,0.9362338208585417f,-0.3490521471484191f,4.258352270882681f,0.13081910914245315f,-0.34137863975529387f,-0.9307776238189228f,2.6048919095864047f,0f,0f,0f,1f], start_interpolation: 0, interpolation_duration: 1 }
$data merge entity $(bone_glowing_eye) { transformation: [-0.9905844383148166f,-0.08322774176583878f,-0.1086996484312539f,-0.1581293846436717f,-0.040358781593282184f,0.9362338208585417f,-0.3490521471484191f,4.328878452587775f,0.13081910914245315f,-0.34137863975529387f,-0.9307776238189228f,2.6306102575355057f,0f,0f,0f,1f], start_interpolation: 0, interpolation_duration: 1 }
$data merge entity $(bone_head) { transformation: [-0.9905844383148166f,-0.08322774176583878f,-0.1086996484312539f,-0.04254212888110105f,-0.040358781593282184f,0.9362338208585417f,-0.3490521471484191f,4.077387284599482f,0.13081910914245315f,-0.34137863975529387f,-0.9307776238189228f,2.4727515132669264f,0f,0f,0f,1f], start_interpolation: 0, interpolation_duration: 1 }
$data merge entity $(bone_leftthumb2) { transformation: [-0.7919173629958067f,-0.3650678719049673f,0.4894817045493588f,1.3300474287637567f,-0.5608754027476384f,0.7518067589639533f,-0.34670647494500306f,2.309197508276498f,-0.2414242588855597f,-0.549101125548741f,-0.80012641572608f,3.1598608896207474f,0f,0f,0f,1f], start_interpolation: 0, interpolation_duration: 1 }
$data merge entity $(bone_leftthumb) { transformation: [-0.7919173629958067f,-0.3650678719049673f,0.4894817045493588f,1.2823471539546296f,-0.5608754027476384f,0.7518067589639533f,-0.34670647494500306f,2.463943808779103f,-0.2414242588855597f,-0.549101125548741f,-0.80012641572608f,2.9568211536664486f,0f,0f,0f,1f], start_interpolation: 0, interpolation_duration: 1 }
$data merge entity $(bone_leftpointerfinger) { transformation: [-0.7919173629958067f,-0.3650678719049673f,0.4894817045493588f,1.5116954659018644f,-0.5608754027476384f,0.7518067589639533f,-0.34670647494500306f,2.2623510971565315f,-0.2414242588855597f,-0.549101125548741f,-0.80012641572608f,3.1258948130655773f,0f,0f,0f,1f], start_interpolation: 0, interpolation_duration: 1 }
$data merge entity $(bone_leftmidfinger) { transformation: [-0.7919173629958067f,-0.3650678719049673f,0.4894817045493588f,1.5881769822377019f,-0.5608754027476384f,0.7518067589639533f,-0.34670647494500306f,2.2081782104463747f,-0.2414242588855597f,-0.549101125548741f,-0.80012641572608f,3.000875060608377f,0f,0f,0f,1f], start_interpolation: 0, interpolation_duration: 1 }
$data merge entity $(bone_leftringfinger) { transformation: [-0.7919173629958067f,-0.3650678719049673f,0.4894817045493588f,1.664658498573539f,-0.5608754027476384f,0.7518067589639533f,-0.34670647494500306f,2.154005323736218f,-0.2414242588855597f,-0.549101125548741f,-0.80012641572608f,2.875855308151177f,0f,0f,0f,1f], start_interpolation: 0, interpolation_duration: 1 }
$data merge entity $(bone_invisibility) { transformation: [-0.32101753691397594f,-0.5194368404141657f,0.7919173629958066f,1.3079853585833776f,0.7187284469301748f,0.4109114286145037f,0.5608754027476381f,2.250250400745063f,-0.6167472420424935f,0.749224376708697f,0.24142425888555946f,3.045573779409081f,0f,0f,0f,1f], start_interpolation: 0, interpolation_duration: 1 }
$data merge entity $(bone_swiftness) { transformation: [0.48948170454935863f,-0.3650678719049673f,0.7919173629958068f,1.4079539975560722f,-0.3467064749450032f,0.7518067589639533f,0.5608754027476383f,2.054223471079368f,-0.80012641572608f,-0.549101125548741f,0.24142425888555955f,2.9573335050876652f,0f,0f,0f,1f], start_interpolation: 0, interpolation_duration: 1 }
$data merge entity $(bone_suspicious_stew) { transformation: [-0.12399994797384548f,-0.5979054298869102f,0.791917362995807f,1.4168757346819276f,0.5348438322203142f,0.6319500436969385f,0.5608754027476386f,2.15000199486644f,-0.8358026609423854f,0.49310063798699977f,0.2414242588855597f,2.9212891917205384f,0f,0f,0f,1f], start_interpolation: 0, interpolation_duration: 1 }
$data merge entity $(bone_log) { transformation: [-0.7919173629958067f,-0.3650678719049673f,0.4894817045493588f,1.319944452813701f,-0.5608754027476384f,0.7518067589639533f,-0.34670647494500306f,2.175143904716296f,-0.2414242588855597f,-0.549101125548741f,-0.80012641572608f,2.7925121010192644f,0f,0f,0f,1f], start_interpolation: 0, interpolation_duration: 1 }
$data merge entity $(bone_planks) { transformation: [-0.7919173629958067f,-0.3650678719049673f,0.4894817045493588f,1.2457022000328442f,-0.5608754027476384f,0.7518067589639533f,-0.34670647494500306f,2.122561835708705f,-0.2414242588855597f,-0.549101125548741f,-0.80012641572608f,2.7698785767487433f,0f,0f,0f,1f], start_interpolation: 0, interpolation_duration: 1 }
$data merge entity $(bone_lefthand) { transformation: [-0.7919173629958067f,-0.3650678719049673f,0.4894817045493588f,1.4113605223192434f,-0.5608754027476384f,0.7518067589639533f,-0.34670647494500306f,2.514149022486225f,-0.2414242588855597f,-0.549101125548741f,-0.80012641572608f,2.7405968348449092f,0f,0f,0f,1f], start_interpolation: 0, interpolation_duration: 1 }
$data merge entity $(bone_leftforearm) { transformation: [-0.9303068397662466f,-0.3650678719049673f,-0.035420795966737695f,1.0970814473376531f,-0.27215408961092397f,0.7518067589639533f,-0.6005986585767278f,3.0351378733223333f,0.24588886797126064f,-0.549101125548741f,-0.7987656843711537f,2.3823588740099537f,0f,0f,0f,1f], start_interpolation: 0, interpolation_duration: 1 }
$data merge entity $(bone_leftelbow) { transformation: [-0.9162694787743967f,-0.3294661943773398f,-0.22782069490941378f,1.0353065358919018f,-0.1932299974627116f,0.8617534209592334f,-0.46908763525125935f,3.1967166397521893f,0.35087378121919527f,-0.38578889075188666f,-0.8532611097579527f,2.310023456993975f,0f,0f,0f,1f], start_interpolation: 0, interpolation_duration: 1 }
$data merge entity $(bone_leftarm) { transformation: [-0.9162694787743967f,-0.3294661943773398f,-0.22782069490941378f,0.6772588869372517f,-0.1932299974627116f,0.8617534209592334f,-0.46908763525125935f,3.5999832768884397f,0.35087378121919527f,-0.38578889075188666f,-0.8532611097579527f,2.2205470609396665f,0f,0f,0f,1f], start_interpolation: 0, interpolation_duration: 1 }
$data merge entity $(bone_rightthumb2) { transformation: [-0.9095706084741566f,-0.413751167318293f,0.03861709132886981f,-0.6487285540269392f,-0.3682832685470779f,0.7595794824257349f,-0.5361030162068978f,2.1696547413923426f,0.19248049851409121f,-0.5018455752725162f,-0.8432688042796107f,3.5307081612586724f,0f,0f,0f,1f], start_interpolation: 0, interpolation_duration: 1 }
$data merge entity $(bone_rightthumb) { transformation: [-0.9095706084741566f,-0.413751167318293f,0.03861709132886981f,-0.7468978045957587f,-0.3682832685470779f,0.7595794824257349f,-0.5361030162068978f,2.310121889103635f,0.19248049851409121f,-0.5018455752725162f,-0.8432688042796107f,3.3355706539231775f,0f,0f,0f,1f], start_interpolation: 0, interpolation_duration: 1 }
$data merge entity $(bone_rightpointerfinger) { transformation: [-0.9095706084741566f,-0.413751167318293f,0.03861709132886981f,-0.7088098119652639f,-0.3682832685470779f,0.7595794824257349f,-0.5361030162068978f,1.9954740600506558f,0.19248049851409121f,-0.5018455752725162f,-0.8432688042796107f,3.4817630626338434f,0f,0f,0f,1f], start_interpolation: 0, interpolation_duration: 1 }
$data merge entity $(bone_rightmidfinger) { transformation: [-0.9095706084741566f,-0.413751167318293f,0.03861709132886981f,-0.702775891445128f,-0.3682832685470779f,0.7595794824257349f,-0.5361030162068978f,1.9117079637683279f,0.19248049851409121f,-0.5018455752725162f,-0.8432688042796107f,3.350002311965154f,0f,0f,0f,1f], start_interpolation: 0, interpolation_duration: 1 }
$data merge entity $(bone_rightringfinger) { transformation: [-0.9095706084741566f,-0.413751167318293f,0.03861709132886981f,-0.6967419709249921f,-0.3682832685470779f,0.7595794824257349f,-0.5361030162068978f,1.8279418674860002f,0.19248049851409121f,-0.5018455752725162f,-0.8432688042796107f,3.218241561296465f,0f,0f,0f,1f], start_interpolation: 0, interpolation_duration: 1 }
$data merge entity $(bone_hugeasssword) { transformation: [-2.6619306104893825f,2.8566520748461226f,-0.3064997977075109f,-0.545817796482722f,-2.554483249977368f,-2.1620362124439096f,2.034820021388631f,2.1721993989721056f,1.314921491307547f,1.582850630077366f,3.3325430428336555f,3.210113372136988f,0f,0f,0f,1f], start_interpolation: 0, interpolation_duration: 1 }
$data merge entity $(bone_ice) { transformation: [-0.9095706084741566f,-0.413751167318293f,0.03861709132886981f,-0.525140893735965f,-0.3682832685470779f,0.7595794824257349f,-0.5361030162068978f,2.166085395630252f,0.19248049851409121f,-0.5018455752725162f,-0.8432688042796107f,3.2149472014613383f,0f,0f,0f,1f], start_interpolation: 0, interpolation_duration: 1 }
$data merge entity $(bone_righthand) { transformation: [-0.9095706084741566f,-0.413751167318293f,0.03861709132886981f,-0.8547645535800502f,-0.3682832685470779f,0.7595794824257349f,-0.5361030162068978f,2.2471562298434504f,0.19248049851409121f,-0.5018455752725162f,-0.8432688042796107f,3.1112537821379944f,0f,0f,0f,1f], start_interpolation: 0, interpolation_duration: 1 }
$data merge entity $(bone_rightforearm) { transformation: [-0.743631637676595f,-0.18210075090482455f,-0.6433127575031637f,-0.9262754048692309f,0.06759072197881727f,0.9367887297150908f,-0.34330506867969257f,2.9069755269988176f,0.6651642517069054f,-0.29877448418277847f,-0.6843174160084685f,2.870297666840429f,0f,0f,0f,1f], start_interpolation: 0, interpolation_duration: 1 }
$data merge entity $(bone_rightelbow) { transformation: [-0.724296120041144f,-0.14694818550720967f,-0.6736478020965284f,-0.9538281896518327f,0.09099056682199987f,0.9481081274583285f,-0.30465011964033867f,3.084745800897254f,0.6834587385078603f,-0.2819524949767252f,-0.6733401394047765f,2.817431574032293f,0f,0f,0f,1f], start_interpolation: 0, interpolation_duration: 1 }
$data merge entity $(bone_rightarm) { transformation: [-0.724296120041144f,0.062422825513812105f,-0.6866574993023938f,-0.7427189537827266f,0.09099056682199987f,0.9958368500946889f,-0.00544837066461043f,3.5629303010355553f,0.6834587385078603f,-0.06642558880702513f,-0.7269606549937102f,2.657429701048739f,0f,0f,0f,1f], start_interpolation: 0, interpolation_duration: 1 }
$data merge entity $(bone_chest) { transformation: [-1.0351122699031599f,0.011326135565832396f,-0.3194141801175763f,-0.07570622389453785f,-0.02701027357039567f,1.075680099053399f,0.12567370740625275f,3.4348265207317312f,0.31847157632776496f,0.12804356393323496f,-1.0275173049237152f,2.3183654123054054f,0f,0f,0f,1f], start_interpolation: 0, interpolation_duration: 1 }
$data merge entity $(bone_chest1lid) { transformation: [-0.9554882491413783f,0.010454894368460674f,-0.29484385857007045f,-0.2937028674616872f,-0.024932560218826772f,0.9929354760492916f,0.11600649914423332f,2.7022971533481925f,0.29397376276409076f,0.11819405901529383f,-0.9484775122372756f,2.7091139269854705f,0f,0f,0f,1f], start_interpolation: 0, interpolation_duration: 1 }
$data merge entity $(bone_chest1) { transformation: [-0.9554882491413783f,0.010454894368460674f,-0.29484385857007045f,-0.2953364447067592f,-0.024932560218826772f,0.9929354760492916f,0.11600649914423332f,2.5471509852154908f,0.29397376276409076f,0.11819405901529383f,-0.9484775122372756f,2.6906461052643307f,0f,0f,0f,1f], start_interpolation: 0, interpolation_duration: 1 }
$data merge entity $(bone_chest1lid3) { transformation: [-0.9554882491413783f,0.010454894368460674f,-0.29484385857007045f,-0.42286919878680246f,-0.024932560218826772f,0.9929354760492916f,0.11600649914423332f,2.7781721018761436f,0.29397376276409076f,0.11819405901529383f,-0.9484775122372756f,2.08312216053571f,0f,0f,0f,1f], start_interpolation: 0, interpolation_duration: 1 }
$data merge entity $(bone_chest3) { transformation: [-0.9554882491413783f,0.010454894368460674f,-0.29484385857007045f,-0.4245027760318744f,-0.024932560218826772f,0.9929354760492916f,0.11600649914423332f,2.623025933743442f,0.29397376276409076f,0.11819405901529383f,-0.9484775122372756f,2.06465433881457f,0f,0f,0f,1f], start_interpolation: 0, interpolation_duration: 1 }
$data merge entity $(bone_hugeasssword2) { transformation: [1.1548051127327752f,2.7867986357544714f,-2.4980905294126226f,-1.3188996600479868f,-0.45435878831491366f,2.699365476043436f,2.801296466995875f,4.586945640932584f,3.7148702562626634f,-0.5361503224652469f,1.1191780862012823f,2.5664162383509748f,0f,0f,0f,1f], start_interpolation: 0, interpolation_duration: 1 }
$data merge entity $(bone_belt) { transformation: [-0.9554882491413783f,0.010454894368460674f,-0.29484385857007045f,-0.010671829512171216f,-0.024932560218826772f,0.9929354760492916f,0.11600649914423332f,3.0249235505408976f,0.29397376276409076f,0.11819405901529383f,-0.9484775122372756f,2.3860276381693533f,0f,0f,0f,1f], start_interpolation: 0, interpolation_duration: 1 }
$data merge entity $(bone_torn_part) { transformation: [-0.9554882491413783f,0.08830555842680834f,-0.2815037017583835f,-0.13160338363115626f,-0.024932560218826772f,0.9265737107827683f,0.3752859255650087f,2.741706115117716f,0.29397376276409076f,0.3655998999414254f,-0.8831286089631236f,2.388904120469148f,0f,0f,0f,1f], start_interpolation: 0, interpolation_duration: 1 }
$data merge entity $(bone_lowerbody) { transformation: [-0.9554882491413783f,-0.00043128778373210247f,-0.2950288456127485f,0.003405036851499686f,-0.024932560218826772f,0.9965397083809383f,0.0792904600880128f,2.246399060018829f,0.29397376276409076f,0.08311692734264048f,-0.9521927342694021f,2.453513411276828f,0f,0f,0f,1f], start_interpolation: 0, interpolation_duration: 1 }
$data merge entity $(bone_leftfoot) { transformation: [-0.9878168097667344f,0.13081887876478704f,0.08428743263972031f,0.005001316558455038f,0.09600250424303425f,0.9385392828634127f,-0.3315532139812512f,0.19577781160450414f,-0.12248048628797013f,-0.31942203349323783f,-0.9396638202025803f,2.8961840100435867f,0f,0f,0f,1f], start_interpolation: 0, interpolation_duration: 1 }
$data merge entity $(bone_leftlowerleg) { transformation: [-0.9878168097667344f,0.13081887876478704f,0.08428743263972031f,0.13717811492056545f,0.09600250424303425f,0.9385392828634127f,-0.3315532139812512f,1.2879115293140107f,-0.12248048628797013f,-0.31942203349323783f,-0.9396638202025803f,2.686200426581939f,0f,0f,0f,1f], start_interpolation: 0, interpolation_duration: 1 }
$data merge entity $(bone_leftleg) { transformation: [-0.9878168097667344f,0.13750995765405963f,0.07286262339670575f,0.2505156902921243f,0.09600250424303425f,0.9069601504571889f,-0.41013022890508755f,2.2652373275872364f,-0.12248048628797013f,-0.39813853999412324f,-0.9091117827033209f,2.283025688047871f,0f,0f,0f,1f], start_interpolation: 0, interpolation_duration: 1 }
$data merge entity $(bone_rightfoot) { transformation: [-0.9876381341148415f,-0.009084178850562952f,0.15648767918518622f,-0.3132321332990556f,0.07958871716782975f,0.8310015994359728f,0.5505469805878823f,0.4133925878688489f,-0.13504277893221087f,0.5561958462892957f,-0.8200058709721536f,1.2342383074306174f,0f,0f,0f,1f], start_interpolation: 0, interpolation_duration: 1 }
$data merge entity $(bone_rightlowerleg) { transformation: [-0.9876381341148415f,-0.009084178850562952f,0.15648767918518622f,-0.3473535414846063f,0.07958871716782975f,0.8310015994359728f,0.5505469805878823f,1.2506958523188432f,-0.13504277893221087f,0.5561958462892957f,-0.8200058709721536f,1.9772583889569908f,0f,0f,0f,1f], start_interpolation: 0, interpolation_duration: 1 }
$data merge entity $(bone_rightleg) { transformation: [-0.9702219568146752f,0.06927335658341313f,0.23210031577395607f,-0.24947549137511713f,0.12476402645613684f,0.9642610698504741f,0.23374029792329631f,2.2652373275872364f,-0.20761332379487402f,0.25573773917528525f,-0.9441900849640175f,2.2800561333681935f,0f,0f,0f,1f], start_interpolation: 0, interpolation_duration: 1 }
data modify entity @s data merge value {"locators":{"lefthand":{"posx":1.4150594814535498,"posy":2.174408359350844,"posz":2.870546125969001,"roty":31.456437928773767,"rotx":-20.286000197018957},"righthand":{"posx":-0.6045516683430825,"posy":2.128067019419294,"posz":3.2540096603775366,"roty":2.622000927234467,"rotx":-32.418746216496736},"chest":{"posx":-0.2781459532438106,"posy":2.621333528096987,"posz":2.8591130896704664,"roty":342.7316128207895,"rotx":6.661681772063336},"sack":{"posx":0,"posy":-0.4375,"posz":0,"roty":0,"rotx":0}},"cameras":{}}