# This file was generated by Animated Java via MC-Build. It is not recommended to edit this file directly.
$data merge entity $(bone_nose) { transformation: [-0.9936927387059958f,-0.02932259365397931f,-0.10823551424731684f,0.06076448533846679f,-0.00978995809181711f,0.9842060335121637f,-0.17675587774898482f,3.943961380850239f,0.1117089869416869f,-0.17458141109424336f,-0.978285455854683f,2.770500715352423f,0f,0f,0f,1f], start_interpolation: 0, interpolation_duration: 1 }
$data merge entity $(bone_glowing_eye) { transformation: [-0.9936927387059958f,-0.02932259365397931f,-0.10823551424731684f,-0.06165553891937402f,-0.00978995809181711f,0.9842060335121637f,-0.17675587774898482f,4.015544388058032f,0.1117089869416869f,-0.17458141109424336f,-0.978285455854683f,2.8067816411255473f,0f,0f,0f,1f], start_interpolation: 0, interpolation_duration: 1 }
$data merge entity $(bone_head) { transformation: [-0.9936927387059958f,-0.02932259365397931f,-0.10823551424731684f,0.044117506349373656f,-0.00978995809181711f,0.9842060335121637f,-0.17675587774898482f,3.789336273588126f,0.1117089869416869f,-0.17458141109424336f,-0.978285455854683f,2.6088686393913614f,0f,0f,0f,1f], start_interpolation: 0, interpolation_duration: 1 }
$data merge entity $(bone_leftthumb2) { transformation: [-0.9201281009343562f,-0.22260756327467027f,0.32219582654629303f,1.2384565697683776f,-0.32324001888342396f,0.8961817061631404f,-0.3039313075857213f,1.826928738063621f,-0.22108859776835843f,-0.38380232192032937f,-0.896557644340499f,3.020279338015106f,0f,0f,0f,1f], start_interpolation: 0, interpolation_duration: 1 }
$data merge entity $(bone_leftthumb) { transformation: [-0.9201281009343562f,-0.22260756327467027f,0.32219582654629303f,1.211397784279069f,-0.32324001888342396f,0.8961817061631404f,-0.3039313075857213f,2.020737370419328f,-0.22108859776835843f,-0.38380232192032937f,-0.896557644340499f,2.8495371221903314f,0f,0f,0f,1f], start_interpolation: 0, interpolation_duration: 1 }
$data merge entity $(bone_leftpointerfinger) { transformation: [-0.9201281009343562f,-0.22260756327467027f,0.32219582654629303f,1.4001828313876228f,-0.32324001888342396f,0.8961817061631404f,-0.3039313075857213f,1.7477853451068412f,-0.22108859776835843f,-0.38380232192032937f,-0.896557644340499f,2.957627684872893f,0f,0f,0f,1f], start_interpolation: 0, interpolation_duration: 1 }
$data merge entity $(bone_leftmidfinger) { transformation: [-0.9201281009343562f,-0.22260756327467027f,0.32219582654629303f,1.450525929285481f,-0.32324001888342396f,0.8961817061631404f,-0.3039313075857213f,1.7002960782965724f,-0.22108859776835843f,-0.38380232192032937f,-0.896557644340499f,2.81754055294469f,0f,0f,0f,1f], start_interpolation: 0, interpolation_duration: 1 }
$data merge entity $(bone_leftringfinger) { transformation: [-0.9201281009343562f,-0.22260756327467027f,0.32219582654629303f,1.5008690271833394f,-0.32324001888342396f,0.8961817061631404f,-0.3039313075857213f,1.6528068114863033f,-0.22108859776835843f,-0.38380232192032937f,-0.896557644340499f,2.677453421016487f,0f,0f,0f,1f], start_interpolation: 0, interpolation_duration: 1 }
$data merge entity $(bone_invisibility) { transformation: [-0.19367925771651168f,-0.34037130167115487f,0.920128100934356f,1.1932424906496923f,0.8662821053496342f,0.38088213943849913f,0.3232400188834239f,1.7946955690398465f,-0.4604819856209203f,0.8596953953903876f,0.22108859776835815f,2.9022126202169303f,0f,0f,0f,1f], start_interpolation: 0, interpolation_duration: 1 }
$data merge entity $(bone_swiftness) { transformation: [0.3221958265462928f,-0.22260756327467027f,0.9201281009343563f,1.2358758818001663f,-0.30393130758572134f,0.8961817061631404f,0.3232400188834239f,1.5995149724782354f,-0.896557644340499f,-0.38380232192032937f,0.22108859776835824f,2.7745663878816376f,0f,0f,0f,1f], start_interpolation: 0, interpolation_duration: 1 }
$data merge entity $(bone_suspicious_stew) { transformation: [-0.06558512789398516f,-0.386086607991089f,0.9201281009343564f,1.2640889376556226f,0.6837695379949897f,0.6541980656516511f,0.32324001888342413f,1.6956999313911265f,-0.7267446662406597f,0.6503553044510156f,0.22108859776835843f,2.7520987957431022f,0f,0f,0f,1f], start_interpolation: 0, interpolation_duration: 1 }
$data merge entity $(bone_log) { transformation: [-0.9201281009343562f,-0.22260756327467027f,0.32219582654629303f,1.1651039121530502f,-0.32324001888342396f,0.8961817061631404f,-0.3039313075857213f,1.7631721128481175f,-0.22108859776835843f,-0.38380232192032937f,-0.896557644340499f,2.6413703098838166f,0f,0f,0f,1f], start_interpolation: 0, interpolation_duration: 1 }
$data merge entity $(bone_planks) { transformation: [-0.9201281009343562f,-0.22260756327467027f,0.32219582654629303f,1.0788419026904543f,-0.32324001888342396f,0.8961817061631404f,-0.3039313075857213f,1.7328683610777964f,-0.22108859776835843f,-0.38380232192032937f,-0.896557644340499f,2.620643253843033f,0f,0f,0f,1f], start_interpolation: 0, interpolation_duration: 1 }
$data merge entity $(bone_lefthand) { transformation: [-0.9201281009343562f,-0.22260756327467027f,0.32219582654629303f,1.3294154269884002f,-0.32324001888342396f,0.8961817061631404f,-0.3039313075857213f,2.0775253974718124f,-0.22108859776835843f,-0.38380232192032937f,-0.896557644340499f,2.6287093052314643f,0f,0f,0f,1f], start_interpolation: 0, interpolation_duration: 1 }
$data merge entity $(bone_leftforearm) { transformation: [-0.9744458675871028f,-0.22260756327467027f,0.030018726077768176f,1.1115225747417385f,-0.2166563296500984f,0.8961817061631404f,-0.387192954947621f,2.700162028935696f,0.05928984706479082f,-0.38380232192032937f,-0.9215098977892735f,2.3769525052257396f,0f,0f,0f,1f], start_interpolation: 0, interpolation_duration: 1 }
$data merge entity $(bone_leftelbow) { transformation: [-0.968525938543533f,-0.20143347852779958f,-0.14622605819948517f,1.0737537975177762f,-0.16916277953528677f,0.963610841514369f,-0.20697367015121876f,2.88083906171964f,0.18259644133516034f,-0.17572336169149505f,-0.9673571417876519f,2.344004374908584f,0f,0f,0f,1f], start_interpolation: 0, interpolation_duration: 1 }
$data merge entity $(bone_leftarm) { transformation: [-0.968525938543533f,-0.20143347852779958f,-0.14622605819948517f,0.7657415735162124f,-0.16916277953528677f,0.963610841514369f,-0.20697367015121876f,3.3321080516457062f,0.18259644133516034f,-0.17572336169149505f,-0.9673571417876519f,2.3263155762857672f,0f,0f,0f,1f], start_interpolation: 0, interpolation_duration: 1 }
$data merge entity $(bone_rightthumb2) { transformation: [-0.9199692793221567f,-0.1230094403584861f,0.3721897401677859f,-1.0043570388574772f,-0.2150665339604605f,0.9522109946008326f,-0.21688846841528267f,1.6974211036249953f,-0.32772383354541973f,-0.2795762853748239f,-0.9024600764478776f,2.7735186406365884f,0f,0f,0f,1f], start_interpolation: 0, interpolation_duration: 1 }
$data merge entity $(bone_rightthumb) { transformation: [-0.9199692793221567f,-0.1230094403584861f,0.3721897401677859f,-1.0027177768142046f,-0.2150665339604605f,0.9522109946008326f,-0.21688846841528267f,1.912408962178791f,-0.32772383354541973f,-0.2795762853748239f,-0.9024600764478776f,2.6278326714875084f,0f,0f,0f,1f], start_interpolation: 0, interpolation_duration: 1 }
$data merge entity $(bone_rightpointerfinger) { transformation: [-0.9199692793221567f,-0.1230094403584861f,0.3721897401677859f,-1.0455305500520722f,-0.2150665339604605f,0.9522109946008326f,-0.21688846841528267f,1.5662751804665012f,-0.32772383354541973f,-0.2795762853748239f,-0.9024600764478776f,2.641421029748598f,0f,0f,0f,1f], start_interpolation: 0, interpolation_duration: 1 }
$data merge entity $(bone_rightmidfinger) { transformation: [-0.9199692793221567f,-0.1230094403584861f,0.3721897401677859f,-0.9873759031508557f,-0.2150665339604605f,0.9522109946008326f,-0.21688846841528267f,1.5323863572766132f,-0.32772383354541973f,-0.2795762853748239f,-0.9024600764478776f,2.500411642803617f,0f,0f,0f,1f], start_interpolation: 0, interpolation_duration: 1 }
$data merge entity $(bone_rightringfinger) { transformation: [-0.9199692793221567f,-0.1230094403584861f,0.3721897401677859f,-0.9292212562496391f,-0.2150665339604605f,0.9522109946008326f,-0.21688846841528267f,1.4984975340867253f,-0.32772383354541973f,-0.2795762853748239f,-0.9024600764478776f,2.3594022558586363f,0f,0f,0f,1f], start_interpolation: 0, interpolation_duration: 1 }
$data merge entity $(bone_hugeasssword) { transformation: [-3.0826486840605467f,1.7983575352779064f,-1.6135256563645757f,-0.773810820593847f,-2.238932259278651f,-3.109377980656732f,0.811928992921321f,1.7863201459571434f,-0.908150431811248f,1.5613956982437243f,3.4752818654729016f,2.544775291816856f,0f,0f,0f,1f], start_interpolation: 0, interpolation_duration: 1 }
$data merge entity $(bone_ice) { transformation: [-0.9199692793221567f,-0.1230094403584861f,0.3721897401677859f,-0.757514278098837f,-0.2150665339604605f,0.9522109946008326f,-0.21688846841528267f,1.7748022637596375f,-0.32772383354541973f,-0.2795762853748239f,-0.9024600764478776f,2.554264356174985f,0f,0f,0f,1f], start_interpolation: 0, interpolation_duration: 1 }
$data merge entity $(bone_righthand) { transformation: [-0.9199692793221567f,-0.1230094403584861f,0.3721897401677859f,-1.0066280286387543f,-0.2150665339604605f,0.9522109946008326f,-0.21688846841528267f,1.952310614281753f,-0.32772383354541973f,-0.2795762853748239f,-0.9024600764478776f,2.374237449055928f,0f,0f,0f,1f], start_interpolation: 0, interpolation_duration: 1 }
$data merge entity $(bone_rightforearm) { transformation: [-0.9780494470250929f,-0.007504783470262188f,-0.2082377424939455f,-0.9475230243507463f,-0.017876975882595736f,0.9986886807688252f,0.04797220692772492f,2.6548813382067498f,0.20760465531197356f,0.05064185155864527f,-0.9769010748092709f,2.4121337892699968f,0f,0f,0f,1f], start_interpolation: 0, interpolation_duration: 1 }
$data merge entity $(bone_rightelbow) { transformation: [-0.9774286030021185f,-0.006205386005654047f,-0.21117485460595903f,-0.9486865342268065f,-0.01742155537583252f,0.9985316174093182f,0.0512942340055646f,2.842106016470997f,0.21054646860399698f,0.053815445909624005f,-0.9761014713337617f,2.422224185378051f,0f,0f,0f,1f], start_interpolation: 0, interpolation_duration: 1 }
$data merge entity $(bone_rightarm) { transformation: [-0.9774286030021185f,0.057583321669955424f,-0.20326703396955823f,-0.6997302716735666f,-0.01742155537583252f,0.9368920557347076f,0.3491844287901171f,3.303450996177123f,0.21054646860399698f,0.34484407631079883f,-0.9147419021733606f,2.5771748679692434f,0f,0f,0f,1f], start_interpolation: 0, interpolation_duration: 1 }
$data merge entity $(bone_chest) { transformation: [-1.0676033438746375f,0.0483234183539988f,-0.1774797410900416f,-0.0008406193441957369f,-0.02087680383917479f,1.0066933892721548f,0.3996794842974974f,3.2092583186447396f,0.18275221016519716f,0.3972963356808584f,-0.9911449754931966f,2.2937375654661f,0f,0f,0f,1f], start_interpolation: 0, interpolation_duration: 1 }
$data merge entity $(bone_chest1lid) { transformation: [-0.9854800097304346f,0.04460623232676813f,-0.16382745331388457f,-0.30368722440763113f,-0.019270895851545962f,0.9292554362512199f,0.3689349085823053f,2.423208291932337f,0.1686943478447974f,0.3667350790900232f,-0.9149030543014123f,2.45870878028108f,0f,0f,0f,1f], start_interpolation: 0, interpolation_duration: 1 }
$data merge entity $(bone_chest1) { transformation: [-0.9854800097304346f,0.04460623232676813f,-0.16382745331388457f,-0.31065694820868867f,-0.019270895851545962f,0.9292554362512199f,0.3689349085823053f,2.2780121300180842f,0.1686943478447974f,0.3667350790900232f,-0.9149030543014123f,2.4014064241732638f,0f,0f,0f,1f], start_interpolation: 0, interpolation_duration: 1 }
$data merge entity $(bone_chest1lid3) { transformation: [-0.9854800097304346f,0.04460623232676813f,-0.16382745331388457f,-0.3470466860786862f,-0.019270895851545962f,0.9292554362512199f,0.3689349085823053f,2.660761648733598f,0.1686943478447974f,0.3667350790900232f,-0.9149030543014123f,1.8620556143789377f,0f,0f,0f,1f], start_interpolation: 0, interpolation_duration: 1 }
$data merge entity $(bone_chest3) { transformation: [-0.9854800097304346f,0.04460623232676813f,-0.16382745331388457f,-0.35401640987974375f,-0.019270895851545962f,0.9292554362512199f,0.3689349085823053f,2.515565486819345f,0.1686943478447974f,0.3667350790900232f,-0.9149030543014123f,1.8047532582711217f,0f,0f,0f,1f], start_interpolation: 0, interpolation_duration: 1 }
$data merge entity $(bone_hugeasssword2) { transformation: [0.6416575254793804f,2.963771475681366f,-2.4788327974494275f,-1.2066493834585574f,-1.444995058614029f,2.514515149182236f,2.6323906668448465f,4.361473394659878f,3.5833702960138654f,0.48327009244139585f,1.5053853716490562f,2.684714856517281f,0f,0f,0f,1f], start_interpolation: 0, interpolation_duration: 1 }
$data merge entity $(bone_belt) { transformation: [-0.9854800097304346f,0.04460623232676813f,-0.16382745331388457f,0.03440049620215715f,-0.019270895851545962f,0.9292554362512199f,0.3689349085823053f,2.791430721557601f,0.1686943478447974f,0.3667350790900232f,-0.9149030543014123f,2.2620160093843276f,0f,0f,0f,1f], start_interpolation: 0, interpolation_duration: 1 }
$data merge entity $(bone_torn_part) { transformation: [-0.9854800097304346f,0.08959540953307031f,-0.14422833637085347f,-0.1004262659132009f,-0.019270895851545962f,0.7849343802361493f,0.6192791384314273f,2.526362250117453f,0.1686943478447974f,0.6130666206163027f,-0.7718105568669846f,2.1759339270055045f,0f,0f,0f,1f], start_interpolation: 0, interpolation_duration: 1 }
$data merge entity $(bone_lowerbody) { transformation: [-0.9854800097304346f,0.04207836358134972f,-0.16449486843065464f,-0.0016019688073582606f,-0.019270895851545962f,0.9348260520946094f,0.3545826911995077f,2.021922949341204f,0.1686943478447974f,0.3526041174511754f,-0.9204414991522797f,2.1167269761928686f,0f,0f,0f,1f], start_interpolation: 0, interpolation_duration: 1 }
$data merge entity $(bone_leftfoot) { transformation: [-0.9915331404238994f,0.08500797032207116f,0.09816148136026481f,0.08784988554478307f,0.03736235431922804f,0.9107345770336936f,-0.41129865630097023f,0.20319056512474964f,-0.12436271917598218f,-0.40414870428714844f,-0.9061996131659816f,3.0071760950326607f,0f,0f,0f,1f], start_interpolation: 0, interpolation_duration: 1 }
$data merge entity $(bone_leftlowerleg) { transformation: [-0.9915331404238994f,0.08500797032207116f,0.09816148136026481f,0.16707352046630702f,0.03736235431922804f,0.9107345770336936f,-0.41129865630097023f,1.2767309756305263f,-0.12436271917598218f,-0.40414870428714844f,-0.9061996131659816f,2.698057232153751f,0f,0f,0f,1f], start_interpolation: 0, interpolation_duration: 1 }
$data merge entity $(bone_leftleg) { transformation: [-0.9915331404238994f,0.11479777916081316f,0.06069185563866804f,0.25648022046836394f,0.03736235431922804f,0.699832888070615f,-0.7133288044474767f,2.0400474123373513f,-0.12436271917598218f,-0.7050215590139688f,-0.698196616580651f,1.9632678397415757f,0f,0f,0f,1f], start_interpolation: 0, interpolation_duration: 1 }
$data merge entity $(bone_rightfoot) { transformation: [-0.9834733504219457f,-0.06270090721531861f,0.16984924269542268f,-0.3434516216796081f,0.08559162805511565f,0.6656592778503092f,0.7413310994546763f,0.4224977795464965f,-0.15954385671879479f,0.743617053358905f,-0.6492914874978049f,1.326971968557313f,0f,0f,0f,1f], start_interpolation: 0, interpolation_duration: 1 }
$data merge entity $(bone_rightlowerleg) { transformation: [-0.9834733504219457f,-0.06270090721531861f,0.16984924269542268f,-0.4391070336713171f,0.08559162805511565f,0.6656592778503092f,0.7413310994546763f,1.0470612608040324f,-0.15954385671879479f,0.743617053358905f,-0.6492914874978049f,2.251682933531128f,0f,0f,0f,1f], start_interpolation: 0, interpolation_duration: 1 }
$data merge entity $(bone_rightleg) { transformation: [-0.9662494655347357f,0.16185028774912188f,0.20041570474731762f,-0.24216500787098114f,0.07997149161870278f,0.9280087513873907f,-0.3638740412240144f,2.0400474123373513f,-0.24488064619752475f,-0.33556555500221186f,-0.9096313689698373f,1.926485557941742f,0f,0f,0f,1f], start_interpolation: 0, interpolation_duration: 1 }
data modify entity @s data merge value {"locators":{"lefthand":{"posx":1.263722827706694,"posy":1.72821059550547,"posz":2.706090635517446,"roty":19.766909638676964,"rotx":-17.69388036812206},"righthand":{"posx":-0.8476548402198094,"posy":1.7431503617291952,"posz":2.5420095649335814,"roty":22.412075887425004,"rotx":-12.526343218278354},"chest":{"posx":-0.3116733246518358,"posy":2.3068815322052902,"posz":2.584013138442699,"roty":349.84790452912154,"rotx":21.64994532890596},"sack":{"posx":0,"posy":-0.4375,"posz":0,"roty":0,"rotx":0}},"cameras":{}}