# This file was generated by Animated Java via MC-Build. It is not recommended to edit this file directly.
$data merge entity $(bone_nose) { transformation: [-1f,-1.8650190876276044e-17f,1.2103622683683198e-16f,-5.1386144608100274e-17f,0f,0.9883357954399759f,0.1522903655916223f,3.8619522460864686f,-1.2246467991473532e-16f,0.1522903655916223f,-0.9883357954399759f,0.417239471687962f,0f,0f,0f,1f], start_interpolation: 0, interpolation_duration: 1 }
$data merge entity $(bone_glowing_eye) { transformation: [-1f,-1.8650190876276044e-17f,1.2103622683683198e-16f,-0.12500000000000006f,0f,0.9883357954399759f,0.1522903655916223f,3.923556342177295f,-1.2246467991473532e-16f,0.1522903655916223f,-0.9883357954399759f,0.4620393620894854f,0f,0f,0f,1f], start_interpolation: 0, interpolation_duration: 1 }
$data merge entity $(bone_head) { transformation: [-1f,-1.8650190876276044e-17f,1.2103622683683198e-16f,-2.6418638664213224e-17f,0f,0.9883357954399759f,0.1522903655916223f,3.768432763023761f,-1.2246467991473532e-16f,0.1522903655916223f,-0.9883357954399759f,0.2133643138769883f,0f,0f,0f,1f], start_interpolation: 0, interpolation_duration: 1 }
$data merge entity $(bone_leftthumb2) { transformation: [-0.973037996626607f,-0.07972384487411652f,-0.2164281998247156f,0.9183599306392128f,-0.0009313565747355044f,0.9397116983407046f,-0.3419664553381796f,1.8017161189082789f,0.23064299186363746f,-0.33254478278889943f,-0.9144494396871123f,0.2072403939559859f,0f,0f,0f,1f], start_interpolation: 0, interpolation_duration: 1 }
$data merge entity $(bone_leftthumb) { transformation: [-0.973037996626607f,-0.07972384487411652f,-0.2164281998247156f,0.8803128427261517f,-0.0009313565747355044f,0.9397116983407046f,-0.3419664553381796f,2.0029497667315366f,0.23064299186363746f,-0.33254478278889943f,-0.9144494396871123f,0.047539717070817805f,0f,0f,0f,1f], start_interpolation: 0, interpolation_duration: 1 }
$data merge entity $(bone_leftpointerfinger) { transformation: [-0.973037996626607f,-0.07972384487411652f,-0.2164281998247156f,1.0027531883397227f,-0.0009313565747355044f,0.9397116983407046f,-0.3419664553381796f,1.6786790552448774f,0.23064299186363746f,-0.33254478278889943f,-0.9144494396871123f,0.08856457920300673f,0f,0f,0f,1f], start_interpolation: 0, interpolation_duration: 1 }
$data merge entity $(bone_leftmidfinger) { transformation: [-0.973037996626607f,-0.07972384487411652f,-0.2164281998247156f,0.968936282117111f,-0.0009313565747355044f,0.9397116983407046f,-0.3419664553381796f,1.6252467965982866f,0.23064299186363746f,-0.33254478278889943f,-0.9144494396871123f,-0.0543181457481046f,0f,0f,0f,1f], start_interpolation: 0, interpolation_duration: 1 }
$data merge entity $(bone_leftringfinger) { transformation: [-0.973037996626607f,-0.07972384487411652f,-0.2164281998247156f,0.9351193758944992f,-0.0009313565747355044f,0.9397116983407046f,-0.3419664553381796f,1.5718145379516961f,0.23064299186363746f,-0.33254478278889943f,-0.9144494396871123f,-0.1972008706992159f,0f,0f,0f,1f], start_interpolation: 0, interpolation_duration: 1 }
$data merge entity $(bone_invisibility) { transformation: [-0.09828343208234551f,0.20865623426821983f,0.9730379966266067f,0.8183521496836499f,0.9063314712120166f,0.42256644077066957f,0.0009313565747354804f,1.791971844622447f,-0.4109788696134827f,0.8819864959484434f,-0.23064299186363763f,0.12401459955012512f,0f,0f,0f,1f], start_interpolation: 0, interpolation_duration: 1 }
$data merge entity $(bone_swiftness) { transformation: [-0.2164281998247158f,-0.07972384487411652f,0.973037996626607f,0.7378889565443002f,-0.3419664553381796f,0.9397116983407046f,0.0009313565747354285f,1.600551804695396f,-0.9144494396871123f,-0.33254478278889943f,-0.23064299186363765f,0.009600112667225907f,0f,0f,0f,1f], start_interpolation: 0, interpolation_duration: 1 }
$data merge entity $(bone_suspicious_stew) { transformation: [-0.1637208510235038f,0.1624578100954797f,0.9730379966266072f,0.78150891744499f,0.7071467608469659f,0.707066185868462f,0.0009313565747356089f,1.6838041483868178f,-0.687850958830315f,0.6882331499865483f,-0.23064299186363754f,-0.03185663369797878f,0f,0f,0f,1f], start_interpolation: 0, interpolation_duration: 1 }
$data merge entity $(bone_log) { transformation: [-0.973037996626607f,-0.07972384487411652f,-0.2164281998247156f,0.6701760527851974f,-0.0009313565747355044f,0.9397116983407046f,-0.3419664553381796f,1.7851511184065474f,0.23064299186363746f,-0.33254478278889943f,-0.9144494396871123f,-0.0946667685447086f,0f,0f,0f,1f], start_interpolation: 0, interpolation_duration: 1 }
$data merge entity $(bone_planks) { transformation: [-0.973037996626607f,-0.07972384487411652f,-0.2164281998247156f,0.5789537406014531f,-0.0009313565747355044f,0.9397116983407046f,-0.3419664553381796f,1.7850638037276658f,0.23064299186363746f,-0.33254478278889943f,-0.9144494396871123f,-0.0730439880574926f,0f,0f,0f,1f], start_interpolation: 0, interpolation_duration: 1 }
$data merge entity $(bone_lefthand) { transformation: [-0.973037996626607f,-0.07972384487411652f,-0.2164281998247156f,0.9002679719678424f,-0.0009313565747355044f,0.9397116983407046f,-0.3419664553381796f,2.0309983338647255f,0.23064299186363746f,-0.33254478278889943f,-0.9144494396871123f,-0.20688716721762054f,0f,0f,0f,1f], start_interpolation: 0, interpolation_duration: 1 }
$data merge entity $(bone_leftforearm) { transformation: [-0.9725343327166219f,-0.0009791529546082367f,-0.2327574122276806f,0.8424329438179021f,0.04244822885943825f,0.9824752615813868f,-0.1814952017197209f,2.727290128994724f,0.22885611102640832f,-0.18639045479872857f,-0.9554493596239371f,-0.30871055256470203f,0f,0f,0f,1f], start_interpolation: 0, interpolation_duration: 1 }
$data merge entity $(bone_leftelbow) { transformation: [-0.9725343327166219f,0.16765585192570032f,-0.16145738447808017f,0.8738684160539709f,0.04244822885943825f,0.8097857256516438f,0.5851881974181787f,2.879124952554407f,0.22885611102640832f,0.5622620330823596f,-0.7946611143122331f,-0.20328642136175964f,0f,0f,0f,1f], start_interpolation: 0, interpolation_duration: 1 }
$data merge entity $(bone_leftarm) { transformation: [-0.9725343327166219f,0.16765585192570032f,-0.16145738447808017f,0.75f,0.04244822885943825f,0.8097857256516438f,0.5851881974181787f,3.275016234273913f,0.22885611102640832f,0.5622620330823596f,-0.7946611143122331f,0.15274002928870425f,0f,0f,0f,1f], start_interpolation: 0, interpolation_duration: 1 }
$data merge entity $(bone_rightthumb2) { transformation: [-0.9746460317236894f,0.041925079094870976f,0.21978944603450393f,-0.861415660868268f,0.0006182158022984679f,0.9827897216239377f,-0.18472677358619333f,1.8203657460561806f,-0.22375149307767106f,-0.17990733952018706f,-0.9578980209460091f,-0.038205973165740204f,0f,0f,0f,1f], start_interpolation: 0, interpolation_duration: 1 }
$data merge entity $(bone_rightthumb) { transformation: [-0.9746460317236894f,0.041925079094870976f,0.21978944603450393f,-0.8323511930738505f,0.0006182158022984679f,0.9827897216239377f,-0.18472677358619333f,2.045601266107797f,-0.22375149307767106f,-0.17990733952018706f,-0.9578980209460091f,-0.16418646900301326f,0f,0f,0f,1f], start_interpolation: 0, interpolation_duration: 1 }
$data merge entity $(bone_rightpointerfinger) { transformation: [-0.9746460317236894f,0.041925079094870976f,0.21978944603450393f,-0.9424071390887663f,0.0006182158022984679f,0.9827897216239377f,-0.18472677358619333f,1.714531938541466f,-0.22375149307767106f,-0.17990733952018706f,-0.9578980209460091f,-0.1745286625101663f,0f,0f,0f,1f], start_interpolation: 0, interpolation_duration: 1 }
$data merge entity $(bone_rightmidfinger) { transformation: [-0.9746460317236894f,0.041925079094870976f,0.21978944603450393f,-0.908065038145875f,0.0006182158022984679f,0.9827897216239377f,-0.18472677358619333f,1.6856683801686234f,-0.22375149307767106f,-0.17990733952018706f,-0.9578980209460091f,-0.32420022828298023f,0f,0f,0f,1f], start_interpolation: 0, interpolation_duration: 1 }
$data merge entity $(bone_rightringfinger) { transformation: [-0.9746460317236894f,0.041925079094870976f,0.21978944603450393f,-0.8737229372029838f,0.0006182158022984679f,0.9827897216239377f,-0.18472677358619333f,1.6568048217957807f,-0.22375149307767106f,-0.17990733952018706f,-0.9578980209460091f,-0.47387179405579416f,0f,0f,0f,1f], start_interpolation: 0, interpolation_duration: 1 }
$data merge entity $(bone_hugeasssword) { transformation: [-3.817363624251117f,0.16420655978824467f,0.8608419969684737f,-0.6440928643724135f,0.002421345225668999f,3.8492597430270896f,-0.7235131965459239f,1.8880196846382844f,-0.8763600145542118f,-0.7046370797873994f,-3.7517672487052023f,-0.2863427596969805f,0f,0f,0f,1f], start_interpolation: 0, interpolation_duration: 1 }
$data merge entity $(bone_ice) { transformation: [-0.9746460317236894f,0.041925079094870976f,0.21978944603450393f,-0.6295190994875882f,0.0006182158022984679f,0.9827897216239377f,-0.18472677358619333f,1.8726539356159995f,-0.22375149307767106f,-0.17990733952018706f,-0.9578980209460091f,-0.2800355904376389f,0f,0f,0f,1f], start_interpolation: 0, interpolation_duration: 1 }
$data merge entity $(bone_righthand) { transformation: [-0.9746460317236894f,0.041925079094870976f,0.21978944603450393f,-0.8558309174562145f,0.0006182158022984679f,0.9827897216239377f,-0.18472677358619333f,2.11273320829799f,-0.22375149307767106f,-0.17990733952018706f,-0.9578980209460091f,-0.41088461174166624f,0f,0f,0f,1f], start_interpolation: 0, interpolation_duration: 1 }
$data merge entity $(bone_rightforearm) { transformation: [-0.9725343327166219f,-0.03688888924526547f,0.22981771371607895f,-0.8245759236888167f,-0.0424482288594383f,0.9989123962384718f,-0.019291773060321316f,2.8180479351609478f,-0.22885611102640852f,-0.028517266547913367f,-0.9730424687311975f,-0.4014285192700923f,0f,0f,0f,1f], start_interpolation: 0, interpolation_duration: 1 }
$data merge entity $(bone_rightelbow) { transformation: [-0.9725343327166219f,-0.19520624432978853f,0.12677339571887306f,-0.861177094500652f,-0.0424482288594383f,0.6842656503299123f,0.7279963376592488f,2.9463477445978064f,-0.22885611102640852f,0.7026201263508189f,-0.6737579969786089f,-0.2696872455793138f,0f,0f,0f,1f], start_interpolation: 0, interpolation_duration: 1 }
$data merge entity $(bone_rightarm) { transformation: [-0.9725343327166219f,-0.19520624432978853f,0.12677339571887306f,-0.75f,-0.0424482288594383f,0.6842656503299123f,0.7279963376592488f,3.275016234273913f,-0.22885611102640852f,0.7026201263508189f,-0.6737579969786089f,0.1527400292887041f,0f,0f,0f,1f], start_interpolation: 0, interpolation_duration: 1 }
$data merge entity $(bone_chest) { transformation: [-1.0833333333333333f,-2.3675407562151283e-17f,1.3054050147774615e-16f,-0.0023231250000000023f,0f,1.0659440874596129f,0.19332437384097215f,3.136930932334939f,-1.3267006990762992e-16f,0.19332437384097215f,-1.0659440874596129f,0.015831274723104402f,0f,0f,0f,1f], start_interpolation: 0, interpolation_duration: 1 }
$data merge entity $(bone_chest1lid) { transformation: [-1f,-2.1854222365062724e-17f,1.2049892444099646e-16f,-0.34375000000000006f,0f,0.9839483884242581f,0.17845326816089738f,2.3946197998706924f,-1.2246467991473532e-16f,0.17845326816089738f,-0.9839483884242581f,0.27890556852226955f,0f,0f,0f,1f], start_interpolation: 0, interpolation_duration: 1 }
$data merge entity $(bone_chest1) { transformation: [-1f,-2.1854222365062724e-17f,1.2049892444099646e-16f,-0.34375000000000006f,0f,0.9839483884242581f,0.17845326816089738f,2.240877864179402f,-1.2246467991473532e-16f,0.17845326816089738f,-0.9839483884242581f,0.25102224537212936f,0f,0f,0f,1f], start_interpolation: 0, interpolation_duration: 1 }
$data merge entity $(bone_chest1lid3) { transformation: [-1f,-2.1854222365062724e-17f,1.2049892444099646e-16f,-0.28124999999999994f,0f,0.9839483884242581f,0.17845326816089738f,2.5089414247862676f,-1.2246467991473532e-16f,0.17845326816089738f,-0.9839483884242581f,-0.3514363678120208f,0f,0f,0f,1f], start_interpolation: 0, interpolation_duration: 1 }
$data merge entity $(bone_chest3) { transformation: [-1f,-2.1854222365062724e-17f,1.2049892444099646e-16f,-0.28124999999999994f,0f,0.9839483884242581f,0.17845326816089738f,2.3551994890949772f,-1.2246467991473532e-16f,0.17845326816089738f,-0.9839483884242581f,-0.379319690962161f,0f,0f,0f,1f], start_interpolation: 0, interpolation_duration: 1 }
$data merge entity $(bone_hugeasssword2) { transformation: [-1.3416288233502756e-15f,2.887669569172986f,-2.646061646494669f,-1.234375f,-0.6989419669635145f,2.603588092739669f,2.8413178188895314f,4.325884598258507f,3.853797854661678f,0.4721983485721795f,0.5153140719876886f,-0.03778734820949542f,0f,0f,0f,1f], start_interpolation: 0, interpolation_duration: 1 }
$data merge entity $(bone_belt) { transformation: [-1f,-2.1854222365062724e-17f,1.2049892444099646e-16f,0.02970562499999999f,0f,0.9839483884242581f,0.17845326816089738f,2.721634791838472f,-1.2246467991473532e-16f,0.17845326816089738f,-0.9839483884242581f,0.07354928833228058f,0f,0f,0f,1f], start_interpolation: 0, interpolation_duration: 1 }
$data merge entity $(bone_torn_part) { transformation: [-1f,-5.707746772841616e-17f,1.0835017537747778e-16f,-0.09375000000000001f,0f,0.8847463240251423f,0.4660728935735242f,2.442021449225931f,-1.2246467991473532e-16f,0.4660728935735242f,-0.8847463240251423f,0.01754427784707606f,0f,0f,0f,1f], start_interpolation: 0, interpolation_duration: 1 }
$data merge entity $(bone_lowerbody) { transformation: [-1f,-2.1854222365062724e-17f,1.2049892444099646e-16f,0.0039062499999999913f,0f,0.9839483884242581f,0.17845326816089738f,1.9364829093555225f,-1.2246467991473532e-16f,0.17845326816089738f,-0.9839483884242581f,0.0687766351250492f,0f,0f,0f,1f], start_interpolation: 0, interpolation_duration: 1 }
$data merge entity $(bone_leftfoot) { transformation: [-0.9551279598709634f,-0.003062484905221735f,-0.2961776518560041f,0.24408420803430164f,-0.0069933942891724655f,0.9999009549101878f,0.012213631974569206f,0.17604269735866096f,0.2961109128503157f,0.013736868489555298f,-0.955054776300843f,-0.2285325517234365f,0f,0f,0f,1f], start_interpolation: 0, interpolation_duration: 1 }
$data merge entity $(bone_leftlowerleg) { transformation: [-0.9551279598709634f,0.1340431627283421f,-0.2641268838996028f,0.43337028184211307f,-0.0069933942891724655f,0.8812833514837649f,0.4725365031760602f,1.0811132490451625f,0.2961109128503157f,0.45317996968458985f,-0.8408009528822067f,0.4033993650515875f,0f,0f,0f,1f], start_interpolation: 0, interpolation_duration: 1 }
$data merge entity $(bone_leftleg) { transformation: [-0.9551279598709634f,-0.15074101565463047f,-0.254966128087912f,0.25f,-0.0069933942891724655f,0.872046444207826f,-0.48937316189264324f,2.020188247154804f,0.2961109128503157f,-0.46563091107002064f,-0.8339701325269719f,-0.06036186598873622f,0f,0f,0f,1f], start_interpolation: 0, interpolation_duration: 1 }
$data merge entity $(bone_rightfoot) { transformation: [-0.9167303503360666f,0.005065713770424002f,0.39947440883829943f,-0.2321376706203246f,0.007839168351209867f,0.9999551785501506f,0.005309268339184825f,0.17500350659658925f,-0.39942960858238097f,0.00799871456749246f,-0.9167289721357089f,-0.21580766158393577f,0f,0f,0f,1f], start_interpolation: 0, interpolation_duration: 1 }
$data merge entity $(bone_rightlowerleg) { transformation: [-0.9167303503360666f,-0.17996341131182358f,0.3566772145255765f,-0.48658647359342017f,0.007839168351209867f,0.8845195287737353f,0.46643729552582985f,1.084601309035576f,-0.39942960858238097f,0.4303932780689079f,-0.8094551340135074f,0.3860291212487231f,0f,0f,0f,1f], start_interpolation: 0, interpolation_duration: 1 }
$data merge entity $(bone_rightleg) { transformation: [-0.9167303503360666f,0.20412424123263762f,0.34342212933052624f,-0.25f,0.007839168351209867f,0.8686412214398271f,-0.495379628017833f,2.020188247154804f,-0.39942960858238097f,-0.45143739605478544f,-0.797909935538467f,-0.060361865988736274f,0f,0f,0f,1f], start_interpolation: 0, interpolation_duration: 1 }
data modify entity @s data merge value {"locators":{"lefthand":{"posx":0.7710084809719934,"posy":1.7171666825172203,"posz":-0.0760212153814307,"roty":346.6844828261154,"rotx":-19.996726522009002},"righthand":{"posx":-0.7249814544168305,"posy":1.8602421597843752,"posz":-0.2832340841563863,"roty":12.922817024576574,"rotx":-10.645203123955541},"chest":{"posx":-0.37500000000000006,"posy":2.305239702444036,"posz":0.42149417495350383,"roty":0,"rotx":10.279680000000003},"sack":{"posx":0,"posy":-0.4375,"posz":0,"roty":0,"rotx":0}},"cameras":{}}