# This file was generated by Animated Java via MC-Build. It is not recommended to edit this file directly.
$data merge entity $(bone_nose) { transformation: [-1f,4.801514910968304e-17f,1.1265941275629602e-16f,6.772948048212284e-17f,0f,0.919933917556751f,-0.3920734463447997f,4.200576420698813f,-1.2246467991473532e-16f,-0.3920734463447997f,-0.919933917556751f,-0.555308808232553f,0f,0f,0f,1f], start_interpolation: 0, interpolation_duration: 1 }
$data merge entity $(bone_glowing_eye) { transformation: [-1f,4.801514910968304e-17f,1.1265941275629602e-16f,-0.12499999999999992f,0f,0.919933917556751f,-0.3920734463447997f,4.276545069336592f,-1.2246467991473532e-16f,-0.3920734463447997f,-0.919933917556751f,-0.5497536971350063f,0f,0f,0f,1f], start_interpolation: 0, interpolation_duration: 1 }
$data merge entity $(bone_head) { transformation: [-1f,4.801514910968304e-17f,1.1265941275629602e-16f,8.289675825308037e-17f,0f,0.919933917556751f,-0.3920734463447997f,4.013568142157103f,-1.2246467991473532e-16f,-0.3920734463447997f,-0.919933917556751f,-0.6791590300395065f,0f,0f,0f,1f], start_interpolation: 0, interpolation_duration: 1 }
$data merge entity $(bone_leftthumb2) { transformation: [-0.034521640734218505f,0.9492844213993036f,0.3125177492713126f,0.4068790080023345f,0.6597870017857277f,-0.21322667844303883f,0.7205660940363131f,4.401517246330537f,0.7506592892888342f,0.23107027262012392f,-0.6189645874487844f,-0.20422104905665217f,0f,0f,0f,1f], start_interpolation: 0, interpolation_duration: 1 }
$data merge entity $(bone_leftthumb) { transformation: [-0.034521640734218505f,0.9492844213993036f,0.3125177492713126f,0.6663908782757064f,0.6597870017857277f,-0.21322667844303883f,0.7205660940363131f,4.4108027796235785f,0.7506592892888342f,0.23107027262012392f,-0.6189645874487844f,-0.2004479639555159f,0f,0f,0f,1f], start_interpolation: 0, interpolation_duration: 1 }
$data merge entity $(bone_leftpointerfinger) { transformation: [-0.3004103226575396f,0.9491252577758846f,-0.09441865860439602f,0.614167900529263f,-0.8346340383402606f,-0.21366928565021637f,0.5076725897796279f,4.704022688321435f,0.4616705103042872f,0.23131511282574413f,0.856360705832415f,-0.32529667922533567f,0f,0f,0f,1f], start_interpolation: 0, interpolation_duration: 1 }
$data merge entity $(bone_leftmidfinger) { transformation: [-0.3004103226575396f,0.9491252577758846f,-0.09441865860439602f,0.599414985122326f,-0.8346340383402606f,-0.21366928565021637f,0.5076725897796279f,4.7833465304745015f,0.4616705103042872f,0.23131511282574413f,0.856360705832415f,-0.19149031893902083f,0f,0f,0f,1f], start_interpolation: 0, interpolation_duration: 1 }
$data merge entity $(bone_leftringfinger) { transformation: [-0.3004103226575396f,0.9491252577758846f,-0.09441865860439602f,0.5846620697153893f,-0.8346340383402606f,-0.21366928565021637f,0.5076725897796279f,4.862670372627568f,0.4616705103042872f,0.23131511282574413f,0.856360705832415f,-0.057683958652705966f,0f,0f,0f,1f], start_interpolation: 0, interpolation_duration: 1 }
$data merge entity $(bone_invisibility) { transformation: [0.3613773697847257f,0.12639574565230494f,0.9238130287501205f,0.5115824331083945f,-0.7330732403573613f,-0.5737474146632805f,0.3652636423724099f,4.560887173091674f,0.5762031073149738f,-0.8092206248287293f,-0.11468199279908248f,-0.2882445407235955f,0f,0f,0f,1f], start_interpolation: 0, interpolation_duration: 1 }
$data merge entity $(bone_swiftness) { transformation: [-0.09441865860439623f,0.37101833488235486f,0.9238130287501207f,0.39552172168957705f,0.5076725897796278f,-0.780289057431466f,0.36526364237241f,4.742716017485781f,0.856360705832415f,0.5034822559274943f,-0.11468199279908253f,-0.18988390552946546f,0f,0f,0f,1f], start_interpolation: 0, interpolation_duration: 1 }
$data merge entity $(bone_suspicious_stew) { transformation: [0.2963537566619714f,0.24237148929662872f,0.923813028750121f,0.4764874501724598f,-0.49263034146356f,-0.7898720264893144f,0.3652636423724098f,4.692651833242454f,0.8182235621038014f,-0.5633455803907561f,-0.1146819927990827f,-0.15127763912661898f,0f,0f,0f,1f], start_interpolation: 0, interpolation_duration: 1 }
$data merge entity $(bone_log) { transformation: [-0.9238130287501207f,0.37101833488235486f,-0.09441865860439602f,0.43183139596534925f,-0.3652636423724099f,-0.780289057431466f,0.5076725897796279f,4.584669387237027f,0.11468199279908273f,0.5034822559274943f,0.856360705832415f,-0.037449012224873734f,0f,0f,0f,1f], start_interpolation: 0, interpolation_duration: 1 }
$data merge entity $(bone_planks) { transformation: [-0.9238130287501207f,0.37101833488235486f,-0.09441865860439602f,0.3452239245200255f,-0.3652636423724099f,-0.780289057431466f,0.5076725897796279f,4.5504259207646145f,0.11468199279908273f,0.5034822559274943f,0.856360705832415f,-0.026697575399959705f,0f,0f,0f,1f], start_interpolation: 0, interpolation_duration: 1 }
$data merge entity $(bone_lefthand1) { transformation: [-0.9238130287501207f,0.37101833488235486f,-0.09441865860439602f,0.7584898199548555f,-0.3652636423724099f,-0.780289057431466f,0.5076725897796279f,4.46504826504165f,0.11468199279908273f,0.5034822559274943f,0.856360705832415f,0.03298978149996622f,0f,0f,0f,1f], start_interpolation: 0, interpolation_duration: 1 }
$data merge entity $(bone_leftforearm) { transformation: [-0.9238130287501207f,0.3760563950599861f,0.07177099446166506f,0.9640447366460622f,-0.3652636423724099f,-0.9219214005518884f,0.12900931270758997f,3.7919775321192724f,0.11468199279908273f,0.09296514905561215f,0.9890427299104416f,0.09006973382478553f,0f,0f,0f,1f], start_interpolation: 0, interpolation_duration: 1 }
$data merge entity $(bone_leftelbow) { transformation: [-0.9238130287501207f,0.000004707988770119843f,0.3828439471760831f,0.9640456193939566f,-0.3652636423724099f,-0.29956368177653164f,-0.8813875833714298f,3.735809341786173f,0.11468199279908273f,-0.9540763075028766f,0.2767425518226413f,-0.08881957383200384f,0f,0f,0f,1f], start_interpolation: 0, interpolation_duration: 1 }
$data merge entity $(bone_leftarm) { transformation: [-0.9238130287501207f,0.000004707988770119843f,0.3828439471760831f,0.7500000000000001f,-0.3652636423724099f,-0.29956368177653164f,-0.8813875833714298f,3.5336694411092995f,0.11468199279908273f,-0.9540763075028766f,0.2767425518226413f,-0.5494192464031004f,0f,0f,0f,1f], start_interpolation: 0, interpolation_duration: 1 }
$data merge entity $(bone_rightthumb2) { transformation: [0.28450629474685646f,0.9108891880259037f,-0.29889305008133726f,-1.415593447972087f,0.5624701749911669f,-0.41107928143012273f,-0.7173849222170054f,3.9792747997083198f,-0.7763269095521683f,0.03598209994432883f,-0.6293026441933767f,0.2708191557765041f,0f,0f,0f,1f], start_interpolation: 0, interpolation_duration: 1 }
$data merge entity $(bone_rightthumb) { transformation: [0.28450629474685646f,0.9108891880259037f,-0.29889305008133726f,-1.2177473591049703f,0.5624701749911669f,-0.41107928143012273f,-0.7173849222170054f,3.817154767041833f,-0.7763269095521683f,0.03598209994432883f,-0.6293026441933767f,0.22586486520594568f,0f,0f,0f,1f], start_interpolation: 0, interpolation_duration: 1 }
$data merge entity $(bone_rightpointerfinger) { transformation: [0.45600484661992235f,0.020309803053132038f,-0.8897455207861876f,-1.2132732994651658f,-0.26184692574785495f,-0.9524278677117236f,-0.15594019456989255f,4.094682000327615f,-0.8505855438082275f,0.30408661382251223f,-0.42899366424041746f,0.014240694917958832f,0f,0f,0f,1f], start_interpolation: 0, interpolation_duration: 1 }
$data merge entity $(bone_rightmidfinger) { transformation: [0.10716871971513266f,0.4433751839556118f,-0.8899063499981034f,-1.3523211666523693f,0.8536916715698096f,-0.49982987912266763f,-0.14622114015614496f,4.071834947178217f,-0.5096326082649766f,-0.7440353070846479f,-0.4320718301445841f,-0.053270528542132434f,0f,0f,0f,1f], start_interpolation: 0, interpolation_duration: 1 }
$data merge entity $(bone_rightringfinger) { transformation: [0.10629000994601609f,0.443586656718537f,-0.8899063499981034f,-1.491369033839573f,0.8546803540118365f,-0.49813740136395923f,-0.14622114015614496f,4.048987894028819f,-0.5081573833487784f,-0.7450436278122459f,-0.4320718301445841f,-0.1207817520022237f,0f,0f,0f,1f], start_interpolation: 0, interpolation_duration: 1 }
$data merge entity $(bone_hugeasssword) { transformation: [1.786018982594696f,0.0440112213955957f,-3.485466537492572f,-1.457260170462773f,-1.0255671258457653f,-3.736375940701156f,-0.5726994656115678f,3.9498979260713334f,-3.3314600465822246f,1.1738124296149655f,-1.6922813347329546f,0.2402932894563728f,0f,0f,0f,1f], start_interpolation: 0, interpolation_duration: 1 }
$data merge entity $(bone_ice) { transformation: [0.45600484661992235f,0.011236907590364859f,-0.8899063499981034f,-1.4645608228723088f,-0.26184692574785495f,-0.9539683252854014f,-0.14622114015614496f,3.968895039368728f,-0.8505855438082275f,0.29969679053999115f,-0.4320718301445841f,0.24890092622618898f,0f,0f,0f,1f], start_interpolation: 0, interpolation_duration: 1 }
$data merge entity $(bone_righthand1) { transformation: [0.45600484661992235f,0.011236907590364859f,-0.8899063499981034f,-1.3755599577571778f,-0.26184692574785495f,-0.9539683252854014f,-0.14622114015614496f,3.6603718159805343f,-0.8505855438082275f,0.29969679053999115f,-0.4320718301445841f,0.09767649321711167f,0f,0f,0f,1f], start_interpolation: 0, interpolation_duration: 1 }
$data merge entity $(bone_rightforearm) { transformation: [-0.9028215835964462f,0.26766652678752534f,-0.3365528467119366f,-1.125671943905047f,-0.08832656401333945f,-0.8813951418120749f,-0.464048512635984f,3.05341202515469f,-0.42084629769311593f,-0.3892264564846211f,0.8193846223175183f,-0.16249835011652905f,0f,0f,0f,1f], start_interpolation: 0, interpolation_duration: 1 }
$data merge entity $(bone_rightelbow) { transformation: [-0.9028215835964462f,0.27422639792899006f,0.3312296346513949f,-1.0742544942933614f,-0.08832656401333945f,0.635590655909978f,-0.7669569324346192f,3.172585273137811f,-0.42084629769311593f,-0.7216816478190468f,-0.5496034869969278f,-0.2978136590826003f,0f,0f,0f,1f], start_interpolation: 0, interpolation_duration: 1 }
$data merge entity $(bone_rightarm) { transformation: [-0.9028215835964462f,0.27422639792899006f,0.3312296346513949f,-0.7499999999999999f,-0.08832656401333945f,0.635590655909978f,-0.7669569324346192f,3.5336694411092995f,-0.42084629769311593f,-0.7216816478190468f,-0.5496034869969278f,-0.5494192464031006f,0f,0f,0f,1f], start_interpolation: 0, interpolation_duration: 1 }
$data merge entity $(bone_chest1) { transformation: [-1.0833333333333333f,2.725086868558741e-17f,1.2984120149311728e-16f,-0.002323124999999924f,0f,1.060233869745283f,-0.22252022954341227f,3.354178227672034f,-1.3267006990762992e-16f,-0.22252022954341227f,-1.060233869745283f,-0.6242153825807086f,0f,0f,0f,1f], start_interpolation: 0, interpolation_duration: 1 }
$data merge entity $(bone_chest1lid) { transformation: [-1f,2.5154648017465305e-17f,1.198534167628775e-16f,-0.34375f,0f,0.9786774182264152f,-0.20540328880930364f,2.765680044458378f,-1.2246467991473532e-16f,-0.20540328880930364f,-0.9786774182264152f,-0.1008571975940713f,0f,0f,0f,1f], start_interpolation: 0, interpolation_duration: 1 }
$data merge entity $(bone_chest2) { transformation: [-1f,2.5154648017465305e-17f,1.198534167628775e-16f,-0.34375f,0f,0.9786774182264152f,-0.20540328880930364f,2.612761697860501f,-1.2246467991473532e-16f,-0.20540328880930364f,-0.9786774182264152f,-0.0687629337176176f,0f,0f,0f,1f], start_interpolation: 0, interpolation_duration: 1 }
$data merge entity $(bone_chest1lid3) { transformation: [-1f,2.5154648017465305e-17f,1.198534167628775e-16f,-0.2812499999999999f,0f,0.9786774182264152f,-0.20540328880930364f,2.6340935625649182f,-1.2246467991473532e-16f,-0.20540328880930364f,-0.9786774182264152f,-0.7278224186453686f,0f,0f,0f,1f], start_interpolation: 0, interpolation_duration: 1 }
$data merge entity $(bone_chest3) { transformation: [-1f,2.5154648017465305e-17f,1.198534167628775e-16f,-0.2812499999999999f,0f,0.9786774182264152f,-0.20540328880930364f,2.481175215967041f,-1.2246467991473532e-16f,-0.20540328880930364f,-0.9786774182264152f,-0.6957281547689149f,0f,0f,0f,1f], start_interpolation: 0, interpolation_duration: 1 }
$data merge entity $(bone_hugeasssword2) { transformation: [-1.3391005849443095e-15f,2.887669569172986f,-2.646061646494669f,-1.234375f,0.8044962145031062f,2.5896407806593404f,2.826096998649202f,4.435320626032226f,3.833153221386793f,-0.5435097645821656f,-0.5931368265026774f,-1.12182656704731f,0f,0f,0f,1f], start_interpolation: 0, interpolation_duration: 1 }
$data merge entity $(bone_belt) { transformation: [-1f,2.5154648017465305e-17f,1.198534167628775e-16f,0.029705625000000048f,0f,0.9786774182264152f,-0.20540328880930364f,2.991229455683266f,-1.2246467991473532e-16f,-0.20540328880930364f,-0.9786774182264152f,-0.41428576980991544f,0f,0f,0f,1f], start_interpolation: 0, interpolation_duration: 1 }
$data merge entity $(bone_torn_part) { transformation: [-1f,-2.1861490954986654e-17f,1.2049760595067277e-16f,-0.09374999999999994f,0f,0.983937622133728f,0.17851262070180132f,2.7030027112411306f,-1.2246467991473532e-16f,0.17851262070180132f,-0.983937622133728f,-0.3709902729333625f,0f,0f,0f,1f], start_interpolation: 0, interpolation_duration: 1 }
$data merge entity $(bone_lowerbody) { transformation: [-1f,1.5384654443348098e-17f,1.2149448643571174e-16f,0.003906250000000021f,0f,0.9920777690375784f,-0.12562523704025924f,2.236255787037037f,-1.2246467991473532e-16f,-0.12562523704025924f,-0.9920777690375784f,-0.17013888888888895f,0f,0f,0f,1f], start_interpolation: 0, interpolation_duration: 1 }
$data merge entity $(bone_leftfoot) { transformation: [-1f,-1.0785207688568521e-32f,1.2246467991473532e-16f,0.28125f,0f,1f,7.632783294297951e-17f,0.13725491960151603f,-1.2246467991473532e-16f,7.632783294297951e-17f,-1f,-0.26714032325755527f,0f,0f,0f,1f], start_interpolation: 0, interpolation_duration: 1 }
$data merge entity $(bone_leftlowerleg) { transformation: [-1f,-7.515797335873164e-18f,1.2223383581081245e-16f,0.28125f,0f,0.9981150148427809f,0.06137114261112636f,1.2351093566292755f,-1.2246467991473532e-16f,0.06137114261112636f,-0.9981150148427809f,-0.04570070664593362f,0f,0f,0f,1f], start_interpolation: 0, interpolation_duration: 1 }
$data merge entity $(bone_leftleg) { transformation: [-1f,3.701454001378673e-17f,1.167369763793219e-16f,0.25000000000000006f,0f,0.95322975130951f,-0.30224665625678926f,2.255787037037037f,-1.2246467991473532e-16f,-0.30224665625678926f,-0.95322975130951f,-0.3420138888888889f,0f,0f,0f,1f], start_interpolation: 0, interpolation_duration: 1 }
$data merge entity $(bone_rightfoot) { transformation: [-1f,-7.120751439445626e-17f,9.963477164314616e-17f,-0.28124999999999983f,0f,0.8135796518025913f,0.5814534806609848f,0.4728236486491315f,-1.2246467991473532e-16f,0.5814534806609848f,-0.8135796518025913f,-1.10276156980151f,0f,0f,0f,1f], start_interpolation: 0, interpolation_duration: 1 }
$data merge entity $(bone_rightlowerleg) { transformation: [-1f,-8.430235277403353e-17f,8.882967490304678e-17f,-0.28124999999999994f,0f,0.7253493412540943f,0.6883809505951275f,1.17174135271061f,-1.2246467991473532e-16f,0.6883809505951275f,-0.7253493412540943f,-0.22764219985471698f,0f,0f,0f,1f], start_interpolation: 0, interpolation_duration: 1 }
$data merge entity $(bone_rightleg) { transformation: [-1f,1.9746814810139485e-17f,1.2086215756585116e-16f,-0.24999999999999994f,0f,0.9869144119757639f,-0.16124497956380554f,2.224537037037037f,-1.2246467991473532e-16f,-0.16124497956380554f,-0.9869144119757639f,-0.373263888888889f,0f,0f,0f,1f], start_interpolation: 0, interpolation_duration: 1 }
data modify entity @s data merge value {"locators":{"lefthand":{"posx":0.4909283515386828,"posy":4.671940552105967,"posz":-0.10091563632275467,"roty":186.29177409573867,"rotx":30.508926094305853},"righthand":{"posx":-1.4080811584640702,"posy":3.9615373504773905,"posz":0.17122689148798945,"roty":295.89773485711254,"rotx":-8.407999104750715},"chest":{"posx":-0.375,"posy":2.736606969695681,"posz":0.06489885455438754,"roty":0,"rotx":-11.853108205083746},"sack":{"posx":0,"posy":-0.4375,"posz":0,"roty":0,"rotx":0}},"cameras":{}}