# This file was generated by Animated Java via MC-Build. It is not recommended to edit this file directly.
$data merge entity $(bone_leftthumb2) {transformation: [-0.6901f,0.2556f,0.6771f,0.3769f,-0.2248f,0.8136f,-0.5362f,1.8047f,-0.6879f,-0.5222f,-0.504f,0.9466f,0f,0f,0f,1f],start_interpolation: 0,interpolation_duration: 1}
$data merge entity $(bone_leftthumb) {transformation: [-0.6901f,0.2556f,0.6771f,0.4975f,-0.2248f,0.8136f,-0.5362f,1.9584f,-0.6879f,-0.5222f,-0.504f,0.7755f,0f,0f,0f,1f],start_interpolation: 0,interpolation_duration: 1}
$data merge entity $(bone_leftpointerfinger) {transformation: [-0.7359f,0.0042f,0.6771f,0.5208f,-0.4895f,0.6877f,-0.5362f,1.6909f,-0.4678f,-0.726f,-0.504f,0.9985f,0f,0f,0f,1f],start_interpolation: 0,interpolation_duration: 1}
$data merge entity $(bone_leftmidfinger) {transformation: [-0.6901f,0.2556f,0.6771f,0.6266f,-0.2248f,0.8136f,-0.5362f,1.6071f,-0.6879f,-0.5222f,-0.504f,0.9197f,0f,0f,0f,1f],start_interpolation: 0,interpolation_duration: 1}
$data merge entity $(bone_leftringfinger) {transformation: [-0.5397f,0.5002f,0.6771f,0.7324f,0.1037f,0.8377f,-0.5362f,1.5233f,-0.8354f,-0.2192f,-0.504f,0.841f,0f,0f,0f,1f],start_interpolation: 0,interpolation_duration: 1}
$data merge entity $(bone_invisibility) {transformation: [0.3137f,-0.6522f,0.6901f,0.3982f,0.7638f,0.6051f,0.2248f,1.7545f,-0.5642f,0.4566f,0.6879f,0.8281f,0f,0f,0f,1f],start_interpolation: 0,interpolation_duration: 1}
$data merge entity $(bone_swiftness) {transformation: [0.6771f,0.2556f,0.6901f,0.4546f,-0.5362f,0.8136f,0.2248f,1.5321f,-0.504f,-0.5222f,0.6879f,0.7685f,0f,0f,0f,1f],start_interpolation: 0,interpolation_duration: 1}
$data merge entity $(bone_suspicious_stew) {transformation: [0.5178f,-0.5056f,0.6901f,0.5132f,0.5108f,0.8298f,0.2248f,1.6158f,-0.6863f,0.2361f,0.6879f,0.7581f,0f,0f,0f,1f],start_interpolation: 0,interpolation_duration: 1}
$data merge entity $(bone_log) {transformation: [-0.6901f,0.2556f,0.6771f,0.5122f,-0.2248f,0.8136f,-0.5362f,1.6713f,-0.6879f,-0.5222f,-0.504f,0.6047f,0f,0f,0f,1f],start_interpolation: 0,interpolation_duration: 1}
$data merge entity $(bone_planks) {transformation: [-0.6901f,0.2556f,0.6771f,0.4475f,-0.2248f,0.8136f,-0.5362f,1.6502f,-0.6879f,-0.5222f,-0.504f,0.5402f,0f,0f,0f,1f],start_interpolation: 0,interpolation_duration: 1}
$data merge entity $(bone_lefthand1) {transformation: [-0.6901f,0.2556f,0.6771f,0.7275f,-0.2248f,0.8136f,-0.5362f,1.9476f,-0.6879f,-0.5222f,-0.504f,0.6619f,0f,0f,0f,1f],start_interpolation: 0,interpolation_duration: 1}
$data merge entity $(bone_leftforearm) {transformation: [-0.6594f,0.3663f,0.6565f,0.9313f,-0.0567f,0.8466f,-0.5292f,2.5519f,-0.7497f,-0.3862f,-0.5375f,0.3283f,0f,0f,0f,1f],start_interpolation: 0,interpolation_duration: 1}
$data merge entity $(bone_leftelbow) {transformation: [-0.6594f,0.3663f,0.6565f,1f,-0.0567f,0.8466f,-0.5292f,2.7106f,-0.7497f,-0.3862f,-0.5375f,0.2558f,0f,0f,0f,1f],start_interpolation: 0,interpolation_duration: 1}
$data merge entity $(bone_leftarm) {transformation: [-0.9383f,0.1412f,0.3157f,0.8136f,0.0827f,0.978f,-0.1917f,3.251f,-0.3358f,-0.1537f,-0.9293f,0.1823f,0f,0f,0f,1f],start_interpolation: 0,interpolation_duration: 1}
$data merge entity $(bone_rightthumb2) {transformation: [-0.7611f,-0.6483f,-0.0214f,-0.8504f,-0.4402f,0.5404f,-0.7171f,2.0084f,0.4764f,-0.5364f,-0.6966f,0.4702f,0f,0f,0f,1f],start_interpolation: 0,interpolation_duration: 1}
$data merge entity $(bone_rightthumb) {transformation: [-0.7611f,-0.6483f,-0.0214f,-1.0112f,-0.4402f,0.5404f,-0.7171f,2.0796f,0.4764f,-0.5364f,-0.6966f,0.2792f,0f,0f,0f,1f],start_interpolation: 0,interpolation_duration: 1}
$data merge entity $(bone_rightpointerfinger) {transformation: [-0.9823f,-0.0634f,0.1763f,-1.0605f,-0.1556f,0.8005f,-0.5787f,1.7707f,-0.1045f,-0.5959f,-0.7962f,0.4339f,0f,0f,0f,1f],start_interpolation: 0,interpolation_duration: 1}
$data merge entity $(bone_rightmidfinger) {transformation: [-0.9822f,0.0653f,0.1763f,-1.033f,-0.0498f,0.814f,-0.5787f,1.6803f,-0.1814f,-0.5772f,-0.7962f,0.3095f,0f,0f,0f,1f],start_interpolation: 0,interpolation_duration: 1}
$data merge entity $(bone_rightringfinger) {transformation: [-0.9727f,0.1507f,0.1763f,-1.0054f,0.0214f,0.8152f,-0.5787f,1.5898f,-0.231f,-0.5592f,-0.7962f,0.1851f,0f,0f,0f,1f],start_interpolation: 0,interpolation_duration: 1}
$data merge entity $(bone_hugeasssword) {transformation: [-3.811f,-0.5828f,0.6907f,-0.8075f,-0.8803f,3.0704f,-2.2667f,1.9083f,-0.2042f,-2.3608f,-3.1185f,0.2134f,0f,0f,0f,1f],start_interpolation: 0,interpolation_duration: 1}
$data merge entity $(bone_ice) {transformation: [-0.973f,-0.1488f,0.1763f,-0.79f,-0.2248f,0.7839f,-0.5787f,1.8995f,-0.0521f,-0.6028f,-0.7962f,0.2236f,0f,0f,0f,1f],start_interpolation: 0,interpolation_duration: 1}
$data merge entity $(bone_righthand1) {transformation: [-0.973f,-0.1488f,0.1763f,-1.0649f,-0.2248f,0.7839f,-0.5787f,2.0212f,-0.0521f,-0.6028f,-0.7962f,0.035f,0f,0f,0f,1f],start_interpolation: 0,interpolation_duration: 1}
$data merge entity $(bone_rightforearm) {transformation: [-0.9894f,-0.1208f,-0.0808f,-1.0868f,-0.0942f,0.9565f,-0.276f,2.704f,0.1106f,-0.2655f,-0.9577f,-0.1436f,0f,0f,0f,1f],start_interpolation: 0,interpolation_duration: 1}
$data merge entity $(bone_rightelbow) {transformation: [-0.9894f,-0.1208f,-0.0808f,-1.1094f,-0.0942f,0.9565f,-0.276f,2.8833f,0.1106f,-0.2655f,-0.9577f,-0.1934f,0f,0f,0f,1f],start_interpolation: 0,interpolation_duration: 1}
$data merge entity $(bone_rightarm) {transformation: [-0.9609f,0.2058f,0.1854f,-0.792f,0.2333f,0.962f,0.1415f,3.3084f,-0.1493f,0.1793f,-0.9724f,0.0292f,0f,0f,0f,1f],start_interpolation: 0,interpolation_duration: 1}
$data merge entity $(bone_chest1lid) {transformation: [-0.9865f,0.0556f,0.1537f,-0.3416f,0.0616f,0.9975f,0.0345f,2.4433f,-0.1514f,0.0435f,-0.9875f,0.1568f,0f,0f,0f,1f],start_interpolation: 0,interpolation_duration: 1}
data modify entity @s data merge value {"cameras":{},"locators":{"lefthand":{"posx":0.54633115484001,"posy":1.637178220557901,"posz":0.7178446605095694,"roty":53.33669162891866,"rotx":-32.42706197981828},"sword":{"posx":-1.5318903077758974,"posy":4.009337134709586,"posz":3.176625017798103,"roty":12.487774625481023,"rotx":-35.36182507240885},"righthand":{"posx":-0.8816381954756085,"posy":1.875240973802208,"posz":0.24056268595816083,"roty":12.487774625481023,"rotx":-35.36182507240885}}}