# This file was generated by Animated Java via MC-Build. It is not recommended to edit this file directly.
$data merge entity $(bone_nose) {transformation: [-0.9518f,-0.0947f,0.2919f,-0.1821f,0.0541f,0.8845f,0.4634f,3.5589f,-0.3021f,0.4568f,-0.8367f,0.7486f,0f,0f,0f,1f],start_interpolation: 0,interpolation_duration: 1}
$data merge entity $(bone_glowing_eye) {transformation: [-0.9518f,-0.0947f,0.2919f,-0.3176f,0.0541f,0.8845f,0.4634f,3.6094f,-0.3021f,0.4568f,-0.8367f,0.771f,0f,0f,0f,1f],start_interpolation: 0,interpolation_duration: 1}
$data merge entity $(bone_head) {transformation: [-0.9518f,-0.0947f,0.2919f,-0.1157f,0.0541f,0.8845f,0.4634f,3.5365f,-0.3021f,0.4568f,-0.8367f,0.5355f,0f,0f,0f,1f],start_interpolation: 0,interpolation_duration: 1}
$data merge entity $(bone_leftthumb2) {transformation: [-0.741f,0.635f,0.2183f,-0.2545f,-0.1546f,0.1549f,-0.9757f,2.6035f,-0.6535f,-0.7568f,-0.0166f,2.0599f,0f,0f,0f,1f],start_interpolation: 0,interpolation_duration: 1}
$data merge entity $(bone_leftthumb) {transformation: [-0.741f,0.635f,0.2183f,-0.0801f,-0.1546f,0.1549f,-0.9757f,2.5581f,-0.6535f,-0.7568f,-0.0166f,1.8728f,0f,0f,0f,1f],start_interpolation: 0,interpolation_duration: 1}
$data merge entity $(bone_leftpointerfinger) {transformation: [-0.9135f,0.3433f,0.2183f,-0.1972f,-0.1983f,0.0927f,-0.9757f,2.4784f,-0.3552f,-0.9346f,-0.0166f,2.1919f,0f,0f,0f,1f],start_interpolation: 0,interpolation_duration: 1}
$data merge entity $(bone_leftmidfinger) {transformation: [-0.741f,0.635f,0.2183f,-0.1631f,-0.1546f,0.1549f,-0.9757f,2.326f,-0.6535f,-0.7568f,-0.0166f,2.1893f,0f,0f,0f,1f],start_interpolation: 0,interpolation_duration: 1}
$data merge entity $(bone_leftringfinger) {transformation: [-0.4416f,0.8703f,0.2183f,-0.129f,-0.0836f,0.2023f,-0.9757f,2.1735f,-0.8933f,-0.4491f,-0.0166f,2.1867f,0f,0f,0f,1f],start_interpolation: 0,interpolation_duration: 1}
$data merge entity $(bone_invisibility) {transformation: [0.6517f,-0.1621f,0.741f,-0.2735f,0.0693f,0.9855f,0.1546f,2.4969f,-0.7553f,-0.0494f,0.6535f,1.9871f,0f,0f,0f,1f],start_interpolation: 0,interpolation_duration: 1}
$data merge entity $(bone_swiftness) {transformation: [0.2183f,0.635f,0.741f,-0.3571f,-0.9757f,0.1549f,0.1546f,2.2849f,-0.0166f,-0.7568f,0.6535f,2.0524f,0f,0f,0f,1f],start_interpolation: 0,interpolation_duration: 1}
$data merge entity $(bone_suspicious_stew) {transformation: [0.6678f,0.0706f,0.741f,-0.2623f,-0.2719f,0.9498f,0.1546f,2.3067f,-0.6929f,-0.3048f,0.6535f,2.0194f,0f,0f,0f,1f],start_interpolation: 0,interpolation_duration: 1}
$data merge entity $(bone_log) {transformation: [-0.741f,0.635f,0.2183f,-0.2422f,-0.1546f,0.1549f,-0.9757f,2.2658f,-0.6535f,-0.7568f,-0.0166f,1.8628f,0f,0f,0f,1f],start_interpolation: 0,interpolation_duration: 1}
$data merge entity $(bone_planks) {transformation: [-0.741f,0.635f,0.2183f,-0.3116f,-0.1546f,0.1549f,-0.9757f,2.2513f,-0.6535f,-0.7568f,-0.0166f,1.8015f,0f,0f,0f,1f],start_interpolation: 0,interpolation_duration: 1}
$data merge entity $(bone_lefthand1) {transformation: [-0.741f,0.635f,0.2183f,0.095f,-0.1546f,0.1549f,-0.9757f,2.3737f,-0.6535f,-0.7568f,-0.0166f,1.8375f,0f,0f,0f,1f],start_interpolation: 0,interpolation_duration: 1}
$data merge entity $(bone_leftforearm) {transformation: [-0.5317f,0.7997f,0.279f,0.6217f,-0.0663f,0.289f,-0.955f,2.5813f,-0.8443f,-0.5263f,-0.1006f,1.3931f,0f,0f,0f,1f],start_interpolation: 0,interpolation_duration: 1}
$data merge entity $(bone_leftelbow) {transformation: [-0.5317f,0.7997f,0.279f,0.7716f,-0.0663f,0.289f,-0.955f,2.6355f,-0.8443f,-0.5263f,-0.1006f,1.2944f,0f,0f,0f,1f],start_interpolation: 0,interpolation_duration: 1}
$data merge entity $(bone_leftarm) {transformation: [-0.9709f,0.1331f,0.199f,0.584f,-0.0606f,0.6676f,-0.742f,3.0333f,-0.2317f,-0.7325f,-0.6402f,0.922f,0f,0f,0f,1f],start_interpolation: 0,interpolation_duration: 1}
$data merge entity $(bone_rightthumb2) {transformation: [-0.8327f,0.2605f,0.4885f,-1.4055f,0.1141f,0.9442f,-0.3091f,1.8751f,-0.5418f,-0.2017f,-0.816f,-0.7398f,0f,0f,0f,1f],start_interpolation: 0,interpolation_duration: 1}
$data merge entity $(bone_rightthumb) {transformation: [-0.8327f,0.2605f,0.4885f,-1.2999f,0.1141f,0.9442f,-0.3091f,2.0802f,-0.5418f,-0.2017f,-0.816f,-0.859f,0f,0f,0f,1f],start_interpolation: 0,interpolation_duration: 1}
$data merge entity $(bone_rightpointerfinger) {transformation: [-0.3792f,0.6194f,0.6874f,-1.5065f,0.5987f,0.7307f,-0.3281f,1.8671f,-0.7055f,0.2871f,-0.6479f,-1.0427f,0f,0f,0f,1f],start_interpolation: 0,interpolation_duration: 1}
$data merge entity $(bone_rightmidfinger) {transformation: [-0.2951f,0.6636f,0.6874f,-1.3991f,0.689f,0.6463f,-0.3281f,1.8159f,-0.662f,0.3768f,-0.6479f,-1.1439f,0f,0f,0f,1f],start_interpolation: 0,interpolation_duration: 1}
$data merge entity $(bone_rightringfinger) {transformation: [-0.2362f,0.6868f,0.6874f,-1.2917f,0.7427f,0.5838f,-0.3281f,1.7646f,-0.6266f,0.433f,-0.6479f,-1.2452f,0f,0f,0f,1f],start_interpolation: 0,interpolation_duration: 1}
$data merge entity $(bone_hugeasssword) {transformation: [-1.6911f,2.2873f,2.6924f,-1.1765f,2.0866f,3.0553f,-1.2851f,1.8379f,-2.8507f,0.8795f,-2.5377f,-0.8948f,0f,0f,0f,1f],start_interpolation: 0,interpolation_duration: 1}
$data merge entity $(bone_ice) {transformation: [-0.4318f,0.584f,0.6874f,-1.1789f,0.5327f,0.7801f,-0.3281f,1.8174f,-0.7278f,0.2246f,-0.6479f,-0.887f,0f,0f,0f,1f],start_interpolation: 0,interpolation_duration: 1}
$data merge entity $(bone_righthand1) {transformation: [-0.4318f,0.584f,0.6874f,-1.1193f,0.5327f,0.7801f,-0.3281f,2.1354f,-0.7278f,0.2246f,-0.6479f,-1.0331f,0f,0f,0f,1f],start_interpolation: 0,interpolation_duration: 1}
$data merge entity $(bone_rightforearm) {transformation: [-0.6441f,0.2695f,0.7159f,-0.9008f,0.4676f,0.8794f,0.0896f,2.723f,-0.6054f,0.3925f,-0.6924f,-0.7084f,0f,0f,0f,1f],start_interpolation: 0,interpolation_duration: 1}
$data merge entity $(bone_rightelbow) {transformation: [-0.6441f,0.2695f,0.7159f,-0.8502f,0.4676f,0.8794f,0.0896f,2.8879f,-0.6054f,0.3925f,-0.6924f,-0.6348f,0f,0f,0f,1f],start_interpolation: 0,interpolation_duration: 1}
$data merge entity $(bone_rightarm) {transformation: [-0.5171f,0.0685f,0.8532f,-0.7746f,0.578f,0.7631f,0.2891f,3.114f,-0.6313f,0.6426f,-0.4342f,-0.1111f,0f,0f,0f,1f],start_interpolation: 0,interpolation_duration: 1}
$data merge entity $(bone_chest1) {transformation: [-0.861f,-0.2025f,0.6255f,0.0523f,0.1241f,0.9621f,0.4823f,2.99f,-0.6457f,0.455f,-0.7414f,0.2025f,0f,0f,0f,1f],start_interpolation: 0,interpolation_duration: 1}
$data merge entity $(bone_chest1lid) {transformation: [-0.7948f,0.1687f,0.583f,-0.3172f,0.1146f,0.985f,-0.1288f,2.2479f,-0.596f,-0.0356f,-0.8022f,-0.0203f,0f,0f,0f,1f],start_interpolation: 0,interpolation_duration: 1}
$data merge entity $(bone_chest2) {transformation: [-0.7948f,-0.1869f,0.5774f,-0.288f,0.1146f,0.888f,0.4452f,2.1092f,-0.596f,0.42f,-0.6844f,-0.0859f,0f,0f,0f,1f],start_interpolation: 0,interpolation_duration: 1}
$data merge entity $(bone_chest1lid3) {transformation: [-0.7948f,-0.1869f,0.5774f,0.1024f,0.1146f,0.888f,0.4452f,2.526f,-0.596f,0.42f,-0.6844f,-0.4215f,0f,0f,0f,1f],start_interpolation: 0,interpolation_duration: 1}
$data merge entity $(bone_chest3) {transformation: [-0.7948f,-0.1869f,0.5774f,0.1316f,0.1146f,0.888f,0.4452f,2.3872f,-0.596f,0.42f,-0.6844f,-0.4871f,0f,0f,0f,1f],start_interpolation: 0,interpolation_duration: 1}
$data merge entity $(bone_hugeasssword2) {transformation: [-2.2614f,1.8004f,-2.6429f,-0.9908f,-1.7439f,2.019f,2.8676f,4.2795f,2.6805f,2.8324f,-0.3641f,-0.2258f,0f,0f,0f,1f],start_interpolation: 0,interpolation_duration: 1}
$data merge entity $(bone_belt) {transformation: [-0.7948f,-0.1869f,0.5774f,0.0767f,0.1146f,0.888f,0.4452f,2.5743f,-0.596f,0.42f,-0.6844f,0.1438f,0f,0f,0f,1f],start_interpolation: 0,interpolation_duration: 1}
$data merge entity $(bone_torn_part) {transformation: [-0.7948f,-0.4578f,0.3984f,0.0287f,0.1146f,0.5315f,0.8393f,2.3158f,-0.596f,0.7127f,-0.37f,-0.0476f,0f,0f,0f,1f],start_interpolation: 0,interpolation_duration: 1}
$data merge entity $(bone_lowerbody) {transformation: [-0.7948f,-0.0946f,0.5995f,0.0682f,0.1146f,0.9466f,0.3013f,1.8f,-0.596f,0.3081f,-0.7415f,-0.0356f,0f,0f,0f,1f],start_interpolation: 0,interpolation_duration: 1}
$data merge entity $(bone_leftfoot) {transformation: [-0.9782f,-0.1619f,0.1303f,0.2744f,-0.1502f,0.984f,0.0955f,0.1609f,-0.1436f,0.0739f,-0.9869f,0.5991f,0f,0f,0f,1f],start_interpolation: 0,interpolation_duration: 1}
$data merge entity $(bone_leftlowerleg) {transformation: [-0.9782f,-0.1614f,0.1309f,0.0752f,-0.1502f,0.9844f,0.0913f,1.239f,-0.1436f,0.0697f,-0.9872f,0.8281f,0f,0f,0f,1f],start_interpolation: 0,interpolation_duration: 1}
$data merge entity $(bone_leftleg) {transformation: [-0.966f,0.1959f,0.1688f,0.2364f,-0.0382f,0.5374f,-0.8425f,1.6753f,-0.2557f,-0.8203f,-0.5116f,0.099f,0f,0f,0f,1f],start_interpolation: 0,interpolation_duration: 1}
$data merge entity $(bone_rightfoot) {transformation: [-0.4852f,-0.0016f,0.8744f,-0.3138f,0.1398f,0.987f,0.0794f,0.1553f,-0.8632f,0.1608f,-0.4787f,-0.2553f,0f,0f,0f,1f],start_interpolation: 0,interpolation_duration: 1}
$data merge entity $(bone_rightlowerleg) {transformation: [-0.4852f,-0.1828f,0.8551f,-0.6479f,0.1398f,0.9491f,0.2822f,1.1648f,-0.8632f,0.2565f,-0.4349f,0.0961f,0f,0f,0f,1f],start_interpolation: 0,interpolation_duration: 1}
$data merge entity $(bone_rightleg) {transformation: [-0.6051f,0.6028f,0.5201f,-0.1079f,0.0728f,0.6924f,-0.7179f,1.7913f,-0.7928f,-0.3965f,-0.4628f,-0.241f,0f,0f,0f,1f],start_interpolation: 0,interpolation_duration: 1}
$data merge entity $(bone_sack_top) {transformation: [-0.04f,0f,0f,-0.1007f,0f,0.1f,0f,0.112f,0f,0f,-0.04f,-0.1653f,0f,0f,0f,1f],start_interpolation: 0,interpolation_duration: 1}
$data merge entity $(bone_sack_main) {transformation: [-0.0583f,0f,0f,-0.1007f,0f,0.0583f,0f,0.112f,0f,0f,-0.0583f,-0.1653f,0f,0f,0f,1f],start_interpolation: 0,interpolation_duration: 1}
data modify entity @s data merge value {"cameras":{},"locators":{"lefthand":{"posx":-0.2257190300642698,"posy":2.283435737940684,"posz":1.9834426563809178,"roty":85.64874848962363,"rotx":-77.3554424523493},"sword":{"posx":-3.774075110944394,"posy":3.0701680157090268,"posz":1.4406268414076946,"roty":46.69384789170536,"rotx":-19.15342232291158},"righthand":{"posx":-1.2392279882197297,"posy":1.8603036071414751,"posz":-0.9486061793117119,"roty":46.69384789170536,"rotx":-19.15342232291158},"chest":{"posx":-0.4205558535394337,"posy":2.1264331961031675,"posz":0.04178008585747492,"roty":40.15318997730574,"rotx":26.438981675293338},"sack":{"posx":-0.09446931061921296,"posy":0.14951669198495393,"posz":-0.16533519603587965,"roty":0,"rotx":0}}}