# This file was generated by Animated Java via MC-Build. It is not recommended to edit this file directly.
$data merge entity $(bone_nose) {transformation: [-0.9511f,-0.0991f,0.2925f,-0.0418f,0.0657f,0.8606f,0.5051f,3.6449f,-0.3017f,0.4996f,-0.812f,0.5865f,0f,0f,0f,1f],start_interpolation: 0,interpolation_duration: 1}
$data merge entity $(bone_glowing_eye) {transformation: [-0.9511f,-0.0991f,0.2925f,-0.1776f,0.0657f,0.8606f,0.5051f,3.6938f,-0.3017f,0.4996f,-0.812f,0.6109f,0f,0f,0f,1f],start_interpolation: 0,interpolation_duration: 1}
$data merge entity $(bone_head) {transformation: [-0.9511f,-0.0991f,0.2925f,0.0252f,0.0657f,0.8606f,0.5051f,3.6333f,-0.3017f,0.4996f,-0.812f,0.3727f,0f,0f,0f,1f],start_interpolation: 0,interpolation_duration: 1}
$data merge entity $(bone_leftthumb2) {transformation: [-0.3716f,0.9098f,0.1849f,-0.4599f,-0.0123f,0.1944f,-0.9808f,2.6372f,-0.9283f,-0.3668f,-0.0611f,1.3166f,0f,0f,0f,1f],start_interpolation: 0,interpolation_duration: 1}
$data merge entity $(bone_leftthumb) {transformation: [-0.3716f,0.9098f,0.1849f,-0.221f,-0.0123f,0.1944f,-0.9808f,2.601f,-0.9283f,-0.3668f,-0.0611f,1.2215f,0f,0f,0f,1f],start_interpolation: 0,interpolation_duration: 1}
$data merge entity $(bone_leftpointerfinger) {transformation: [-0.6604f,0.7278f,0.1849f,-0.4702f,-0.078f,0.1785f,-0.9808f,2.4926f,-0.7469f,-0.6621f,-0.0611f,1.4405f,0f,0f,0f,1f],start_interpolation: 0,interpolation_duration: 1}
$data merge entity $(bone_leftmidfinger) {transformation: [-0.3716f,0.9098f,0.1849f,-0.4413f,-0.0123f,0.1944f,-0.9808f,2.3393f,-0.9283f,-0.3668f,-0.0611f,1.4309f,0f,0f,0f,1f],start_interpolation: 0,interpolation_duration: 1}
$data merge entity $(bone_leftringfinger) {transformation: [0.0048f,0.9827f,0.1849f,-0.4124f,0.0631f,0.1843f,-0.9808f,2.1861f,-0.998f,0.0164f,-0.0611f,1.4214f,0f,0f,0f,1f],start_interpolation: 0,interpolation_duration: 1}
$data merge entity $(bone_invisibility) {transformation: [0.9224f,-0.1049f,0.3716f,-0.4461f,0.1082f,0.9941f,0.0123f,2.5422f,-0.3707f,0.0289f,0.9283f,1.2282f,0f,0f,0f,1f],start_interpolation: 0,interpolation_duration: 1}
$data merge entity $(bone_swiftness) {transformation: [0.1849f,0.9098f,0.3716f,-0.554f,-0.9808f,0.1944f,0.0123f,2.3313f,-0.0611f,-0.3668f,0.9283f,1.2181f,0f,0f,0f,1f],start_interpolation: 0,interpolation_duration: 1}
$data merge entity $(bone_suspicious_stew) {transformation: [0.9027f,0.2169f,0.3716f,-0.4541f,-0.2384f,0.9711f,0.0123f,2.3492f,-0.3582f,-0.0996f,0.9283f,1.234f,0f,0f,0f,1f],start_interpolation: 0,interpolation_duration: 1}
$data merge entity $(bone_log) {transformation: [-0.3716f,0.9098f,0.1849f,-0.3665f,-0.0123f,0.1944f,-0.9808f,2.3264f,-0.9283f,-0.3668f,-0.0611f,1.0982f,0f,0f,0f,1f],start_interpolation: 0,interpolation_duration: 1}
$data merge entity $(bone_planks) {transformation: [-0.3716f,0.9098f,0.1849f,-0.4014f,-0.0123f,0.1944f,-0.9808f,2.3252f,-0.9283f,-0.3668f,-0.0611f,1.0112f,0f,0f,0f,1f],start_interpolation: 0,interpolation_duration: 1}
$data merge entity $(bone_lefthand1) {transformation: [-0.3716f,0.9098f,0.1849f,-0.052f,-0.0123f,0.1944f,-0.9808f,2.4087f,-0.9283f,-0.3668f,-0.0611f,1.2405f,0f,0f,0f,1f],start_interpolation: 0,interpolation_duration: 1}
$data merge entity $(bone_leftforearm) {transformation: [-0.1499f,0.96f,0.2364f,0.6207f,0.0689f,0.2487f,-0.9661f,2.5985f,-0.9863f,-0.1285f,-0.1034f,1.069f,0f,0f,0f,1f],start_interpolation: 0,interpolation_duration: 1}
$data merge entity $(bone_leftelbow) {transformation: [-0.1499f,0.96f,0.2364f,0.8007f,0.0689f,0.2487f,-0.9661f,2.6451f,-0.9863f,-0.1285f,-0.1034f,1.0449f,0f,0f,0f,1f],start_interpolation: 0,interpolation_duration: 1}
$data merge entity $(bone_leftarm) {transformation: [-0.8921f,0.291f,0.3456f,0.6997f,0.0066f,0.7732f,-0.6341f,3.1034f,-0.4518f,-0.5635f,-0.6917f,0.7103f,0f,0f,0f,1f],start_interpolation: 0,interpolation_duration: 1}
$data merge entity $(bone_rightthumb2) {transformation: [-0.9186f,0.1283f,0.3737f,-1.3584f,-0.0202f,0.9293f,-0.3687f,1.8819f,-0.3946f,-0.3462f,-0.8511f,-0.5925f,0f,0f,0f,1f],start_interpolation: 0,interpolation_duration: 1}
$data merge entity $(bone_rightthumb) {transformation: [-0.9186f,0.1283f,0.3737f,-1.295f,-0.0202f,0.9293f,-0.3687f,2.0783f,-0.3946f,-0.3462f,-0.8511f,-0.7501f,0f,0f,0f,1f],start_interpolation: 0,interpolation_duration: 1}
$data merge entity $(bone_rightpointerfinger) {transformation: [-0.5491f,0.5831f,0.5987f,-1.5073f,0.4746f,0.8072f,-0.3509f,1.8284f,-0.6879f,0.0914f,-0.72f,-0.8699f,0f,0f,0f,1f],start_interpolation: 0,interpolation_duration: 1}
$data merge entity $(bone_rightmidfinger) {transformation: [-0.4683f,0.6498f,0.5987f,-1.4137f,0.5759f,0.7384f,-0.3509f,1.7736f,-0.6701f,0.1804f,-0.72f,-0.9824f,0f,0f,0f,1f],start_interpolation: 0,interpolation_duration: 1}
$data merge entity $(bone_rightringfinger) {transformation: [-0.4099f,0.6881f,0.5987f,-1.3202f,0.638f,0.6854f,-0.3509f,1.7188f,-0.6518f,0.2382f,-0.72f,-1.0949f,0f,0f,0f,1f],start_interpolation: 0,interpolation_duration: 1}
$data merge entity $(bone_hugeasssword) {transformation: [-2.3416f,2.0876f,2.345f,-1.156f,1.5761f,3.3117f,-1.3744f,1.844f,-2.7153f,0.1219f,-2.82f,-0.7807f,0f,0f,0f,1f],start_interpolation: 0,interpolation_duration: 1}
$data merge entity $(bone_ice) {transformation: [-0.5979f,0.533f,0.5987f,-1.155f,0.4024f,0.8455f,-0.3509f,1.8245f,-0.6933f,0.0311f,-0.72f,-0.7703f,0f,0f,0f,1f],start_interpolation: 0,interpolation_duration: 1}
$data merge entity $(bone_righthand1) {transformation: [-0.5979f,0.533f,0.5987f,-1.1525f,0.4024f,0.8455f,-0.3509f,2.1255f,-0.6933f,0.0311f,-0.72f,-0.9584f,0f,0f,0f,1f],start_interpolation: 0,interpolation_duration: 1}
$data merge entity $(bone_rightforearm) {transformation: [-0.747f,0.2834f,0.6014f,-0.9159f,0.3997f,0.9143f,0.0655f,2.7423f,-0.5313f,0.2893f,-0.7962f,-0.7093f,0f,0f,0f,1f],start_interpolation: 0,interpolation_duration: 1}
$data merge entity $(bone_rightelbow) {transformation: [-0.747f,0.2834f,0.6014f,-0.8628f,0.3997f,0.9143f,0.0655f,2.9138f,-0.5313f,0.2893f,-0.7962f,-0.6551f,0f,0f,0f,1f],start_interpolation: 0,interpolation_duration: 1}
$data merge entity $(bone_rightarm) {transformation: [-0.6287f,0.1571f,0.7616f,-0.7059f,0.5077f,0.8248f,0.2489f,3.1923f,-0.5891f,0.5431f,-0.5983f,-0.1766f,0f,0f,0f,1f],start_interpolation: 0,interpolation_duration: 1}
$data merge entity $(bone_chest1) {transformation: [-0.8967f,-0.1053f,0.5987f,0.1322f,0.1158f,1.0178f,0.3525f,3.0432f,-0.5967f,0.3557f,-0.8313f,0.0932f,0f,0f,0f,1f],start_interpolation: 0,interpolation_duration: 1}
$data merge entity $(bone_chest1lid) {transformation: [-0.8278f,0.3262f,0.4565f,-0.3002f,0.1069f,0.8904f,-0.4425f,2.3102f,-0.5508f,-0.3175f,-0.7719f,-0.0191f,0f,0f,0f,1f],start_interpolation: 0,interpolation_duration: 1}
$data merge entity $(bone_chest2) {transformation: [-0.8278f,-0.0972f,0.5526f,-0.285f,0.1069f,0.9395f,0.3254f,2.1634f,-0.5508f,0.3284f,-0.7673f,-0.0704f,0f,0f,0f,1f],start_interpolation: 0,interpolation_duration: 1}
$data merge entity $(bone_chest1lid3) {transformation: [-0.8278f,-0.0972f,0.5526f,0.1056f,0.1069f,0.9395f,0.3254f,2.512f,-0.5508f,0.3284f,-0.7673f,-0.4762f,0f,0f,0f,1f],start_interpolation: 0,interpolation_duration: 1}
$data merge entity $(bone_chest3) {transformation: [-0.8278f,-0.0972f,0.5526f,0.1207f,0.1069f,0.9395f,0.3254f,2.3652f,-0.5508f,0.3284f,-0.7673f,-0.5275f,0f,0f,0f,1f],start_interpolation: 0,interpolation_duration: 1}
$data merge entity $(bone_hugeasssword2) {transformation: [-2.1644f,2.133f,-2.471f,-0.854f,-1.2743f,2.1775f,2.9958f,4.3512f,3.0053f,2.4595f,-0.5093f,-0.4077f,0f,0f,0f,1f],start_interpolation: 0,interpolation_duration: 1}
$data merge entity $(bone_belt) {transformation: [-0.8278f,-0.0972f,0.5526f,0.1251f,0.1069f,0.9395f,0.3254f,2.6229f,-0.5508f,0.3284f,-0.7673f,0.0804f,0f,0f,0f,1f],start_interpolation: 0,interpolation_duration: 1}
$data merge entity $(bone_torn_part) {transformation: [-0.8278f,-0.3473f,0.4407f,0.0395f,0.1069f,0.6735f,0.7314f,2.364f,-0.5508f,0.6525f,-0.5204f,-0.0644f,0f,0f,0f,1f],start_interpolation: 0,interpolation_duration: 1}
$data merge entity $(bone_lowerbody) {transformation: [-0.8278f,0.0173f,0.5608f,0.033f,0.1069f,0.9861f,0.1274f,1.8542f,-0.5508f,0.1654f,-0.8181f,0.0237f,0f,0f,0f,1f],start_interpolation: 0,interpolation_duration: 1}
$data merge entity $(bone_leftfoot) {transformation: [-0.9768f,-0.193f,0.0928f,0.2516f,-0.1795f,0.9742f,0.1367f,0.1787f,-0.1168f,0.1168f,-0.9863f,0.6221f,0f,0f,0f,1f],start_interpolation: 0,interpolation_duration: 1}
$data merge entity $(bone_leftlowerleg) {transformation: [-0.9768f,-0.1924f,0.0941f,0.0237f,-0.1795f,0.9751f,0.1303f,1.2404f,-0.1168f,0.1104f,-0.987f,0.8962f,0f,0f,0f,1f],start_interpolation: 0,interpolation_duration: 1}
$data merge entity $(bone_leftleg) {transformation: [-0.9724f,0.1486f,0.1799f,0.1443f,-0.063f,0.5752f,-0.8156f,1.7099f,-0.2247f,-0.8044f,-0.55f,0.18f,0f,0f,0f,1f],start_interpolation: 0,interpolation_duration: 1}
$data merge entity $(bone_rightfoot) {transformation: [-0.4908f,0.0137f,0.8711f,-0.3122f,0.1538f,0.9855f,0.0712f,0.1567f,-0.8576f,0.1689f,-0.4858f,-0.2594f,0f,0f,0f,1f],start_interpolation: 0,interpolation_duration: 1}
$data merge entity $(bone_rightlowerleg) {transformation: [-0.4908f,-0.2219f,0.8425f,-0.6878f,0.1538f,0.9298f,0.3345f,1.1368f,-0.8576f,0.2938f,-0.4222f,0.1314f,0f,0f,0f,1f],start_interpolation: 0,interpolation_duration: 1}
$data merge entity $(bone_rightleg) {transformation: [-0.6051f,0.5452f,0.5802f,-0.2f,0.0728f,0.7636f,-0.6416f,1.8259f,-0.7928f,-0.346f,-0.5017f,-0.1601f,0f,0f,0f,1f],start_interpolation: 0,interpolation_duration: 1}
$data merge entity $(bone_sack_top) {transformation: [-0.04f,0f,0f,-0.1158f,0f,0.1f,0f,0.6672f,0f,0f,-0.04f,-0.2174f,0f,0f,0f,1f],start_interpolation: 0,interpolation_duration: 1}
$data merge entity $(bone_sack_main) {transformation: [-0.0583f,0f,0f,-0.1158f,0f,0.0583f,0f,0.6672f,0f,0f,-0.0583f,-0.2174f,0f,0f,0f,1f],start_interpolation: 0,interpolation_duration: 1}
data modify entity @s data merge value {"cameras":{},"locators":{"lefthand":{"posx":-0.4056605097439855,"posy":2.3276509866922352,"posz":1.2148563050964951,"roty":71.72426003375216,"rotx":-78.76884647537904},"sword":{"posx":-3.4364653613527967,"posy":3.1484368102047213,"posz":1.830449718688522,"roty":39.74492062955335,"rotx":-20.543063558641606},"righthand":{"posx":-1.2287133021296273,"posy":1.8544514433611123,"posz":-0.8245623274970437,"roty":39.74492062955335,"rotx":-20.543063558641606},"chest":{"posx":-0.4063271266297656,"posy":2.20399124967627,"posz":0.06309244499938428,"roty":35.76096350866155,"rotx":18.987459419637034},"sack":{"posx":-0.10954499421296293,"posy":0.7047128182870371,"posz":-0.217357494212963,"roty":0,"rotx":0}}}