# This file was generated by Animated Java via MC-Build. It is not recommended to edit this file directly.
$data merge entity $(bone_nose) {transformation: [-0.9513f,-0.1078f,0.2888f,0.0241f,0.0643f,0.8468f,0.5281f,3.675f,-0.3015f,0.5209f,-0.7986f,0.4841f,0f,0f,0f,1f],start_interpolation: 0,interpolation_duration: 1}
$data merge entity $(bone_glowing_eye) {transformation: [-0.9513f,-0.1078f,0.2888f,-0.1122f,0.0643f,0.8468f,0.5281f,3.7219f,-0.3015f,0.5209f,-0.7986f,0.5096f,0f,0f,0f,1f],start_interpolation: 0,interpolation_duration: 1}
$data merge entity $(bone_head) {transformation: [-0.9513f,-0.1078f,0.2888f,0.0915f,0.0643f,0.8468f,0.5281f,3.6693f,-0.3015f,0.5209f,-0.7986f,0.2703f,0f,0f,0f,1f],start_interpolation: 0,interpolation_duration: 1}
$data merge entity $(bone_leftthumb2) {transformation: [-0.118f,0.9717f,0.2045f,-0.4665f,0.0469f,0.2112f,-0.9763f,2.6449f,-0.9919f,-0.1056f,-0.0705f,0.8604f,0f,0f,0f,1f],start_interpolation: 0,interpolation_duration: 1}
$data merge entity $(bone_leftthumb) {transformation: [-0.118f,0.9717f,0.2045f,-0.2107f,0.0469f,0.2112f,-0.9763f,2.6132f,-0.9919f,-0.1056f,-0.0705f,0.8285f,0f,0f,0f,1f],start_interpolation: 0,interpolation_duration: 1}
$data merge entity $(bone_leftpointerfinger) {transformation: [-0.4432f,0.8728f,0.2045f,-0.5071f,-0.0281f,0.2145f,-0.9763f,2.4931f,-0.896f,-0.4385f,-0.0705f,0.9683f,0f,0f,0f,1f],start_interpolation: 0,interpolation_duration: 1}
$data merge entity $(bone_leftmidfinger) {transformation: [-0.118f,0.9717f,0.2045f,-0.4751f,0.0469f,0.2112f,-0.9763f,2.3405f,-0.9919f,-0.1056f,-0.0705f,0.9573f,0f,0f,0f,1f],start_interpolation: 0,interpolation_duration: 1}
$data merge entity $(bone_leftringfinger) {transformation: [0.2628f,0.9429f,0.2045f,-0.4432f,0.1242f,0.1772f,-0.9763f,2.188f,-0.9568f,0.282f,-0.0705f,0.9463f,0f,0f,0f,1f],start_interpolation: 0,interpolation_duration: 1}
$data merge entity $(bone_invisibility) {transformation: [0.9858f,-0.1191f,0.118f,-0.4293f,0.1253f,0.991f,-0.0469f,2.5555f,-0.1114f,0.061f,0.9919f,0.773f,0f,0f,0f,1f],start_interpolation: 0,interpolation_duration: 1}
$data merge entity $(bone_swiftness) {transformation: [0.2045f,0.9717f,0.118f,-0.5287f,-0.9763f,0.2112f,-0.0469f,2.3462f,-0.0705f,-0.1056f,0.9919f,0.7224f,0f,0f,0f,1f],start_interpolation: 0,interpolation_duration: 1}
$data merge entity $(bone_suspicious_stew) {transformation: [0.9671f,0.2253f,0.118f,-0.4365f,-0.2212f,0.9741f,-0.0469f,2.3625f,-0.1255f,0.0193f,0.9919f,0.7647f,0f,0f,0f,1f],start_interpolation: 0,interpolation_duration: 1}
$data merge entity $(bone_log) {transformation: [-0.118f,0.9717f,0.2045f,-0.3165f,0.0469f,0.2112f,-0.9763f,2.3475f,-0.9919f,-0.1056f,-0.0705f,0.6552f,0f,0f,0f,1f],start_interpolation: 0,interpolation_duration: 1}
$data merge entity $(bone_planks) {transformation: [-0.118f,0.9717f,0.2045f,-0.3276f,0.0469f,0.2112f,-0.9763f,2.3519f,-0.9919f,-0.1056f,-0.0705f,0.5622f,0f,0f,0f,1f],start_interpolation: 0,interpolation_duration: 1}
$data merge entity $(bone_lefthand1) {transformation: [-0.118f,0.9717f,0.2045f,-0.0505f,0.0469f,0.2112f,-0.9763f,2.4191f,-0.9919f,-0.1056f,-0.0705f,0.879f,0f,0f,0f,1f],start_interpolation: 0,interpolation_duration: 1}
$data merge entity $(bone_leftforearm) {transformation: [0.0803f,0.9669f,0.2422f,0.6458f,0.125f,0.2313f,-0.9648f,2.6011f,-0.9889f,0.1078f,-0.1022f,0.8762f,0f,0f,0f,1f],start_interpolation: 0,interpolation_duration: 1}
$data merge entity $(bone_leftelbow) {transformation: [0.0803f,0.9669f,0.2422f,0.8271f,0.125f,0.2313f,-0.9648f,2.6445f,-0.9889f,0.1078f,-0.1022f,0.8964f,0f,0f,0f,1f],start_interpolation: 0,interpolation_duration: 1}
$data merge entity $(bone_leftarm) {transformation: [-0.8216f,0.3237f,0.4693f,0.7484f,0.0051f,0.8273f,-0.5617f,3.1233f,-0.5701f,-0.4591f,-0.6813f,0.5855f,0f,0f,0f,1f],start_interpolation: 0,interpolation_duration: 1}
$data merge entity $(bone_rightthumb2) {transformation: [-0.954f,0.0396f,0.2971f,-1.3332f,-0.0898f,0.908f,-0.4093f,1.8798f,-0.286f,-0.4171f,-0.8627f,-0.4996f,0f,0f,0f,1f],start_interpolation: 0,interpolation_duration: 1}
$data merge entity $(bone_rightthumb) {transformation: [-0.954f,0.0396f,0.2971f,-1.2981f,-0.0898f,0.908f,-0.4093f,2.0675f,-0.286f,-0.4171f,-0.8627f,-0.6756f,0f,0f,0f,1f],start_interpolation: 0,interpolation_duration: 1}
$data merge entity $(bone_rightpointerfinger) {transformation: [-0.646f,0.5456f,0.5339f,-1.5085f,0.3999f,0.8376f,-0.3721f,1.8004f,-0.6502f,-0.0268f,-0.7592f,-0.7544f,0f,0f,0f,1f],start_interpolation: 0,interpolation_duration: 1}
$data merge entity $(bone_rightmidfinger) {transformation: [-0.5692f,0.6252f,0.5339f,-1.4251f,0.5058f,0.7783f,-0.3721f,1.7422f,-0.6482f,0.0583f,-0.7592f,-0.873f,0f,0f,0f,1f],start_interpolation: 0,interpolation_duration: 1}
$data merge entity $(bone_rightringfinger) {transformation: [-0.5126f,0.6725f,0.5339f,-1.3417f,0.5717f,0.7312f,-0.3721f,1.6841f,-0.6406f,0.1145f,-0.7592f,-0.9917f,0f,0f,0f,1f],start_interpolation: 0,interpolation_duration: 1}
$data merge entity $(bone_hugeasssword) {transformation: [-2.7066f,1.9082f,2.0912f,-1.1509f,1.2744f,3.4047f,-1.4574f,1.8382f,-2.5279f,-0.3266f,-2.9737f,-0.7067f,0f,0f,0f,1f],start_interpolation: 0,interpolation_duration: 1}
$data merge entity $(bone_ice) {transformation: [-0.691f,0.4872f,0.5339f,-1.1477f,0.3254f,0.8693f,-0.3721f,1.8195f,-0.6454f,-0.0834f,-0.7592f,-0.6953f,0f,0f,0f,1f],start_interpolation: 0,interpolation_duration: 1}
$data merge entity $(bone_righthand1) {transformation: [-0.691f,0.4872f,0.5339f,-1.182f,0.3254f,0.8693f,-0.3721f,2.1066f,-0.6454f,-0.0834f,-0.7592f,-0.9012f,0f,0f,0f,1f],start_interpolation: 0,interpolation_duration: 1}
$data merge entity $(bone_rightforearm) {transformation: [-0.8036f,0.2896f,0.52f,-0.9363f,0.3631f,0.9308f,0.0428f,2.7376f,-0.4716f,0.2232f,-0.8531f,-0.7015f,0f,0f,0f,1f],start_interpolation: 0,interpolation_duration: 1}
$data merge entity $(bone_rightelbow) {transformation: [-0.8036f,0.2896f,0.52f,-0.882f,0.3631f,0.9308f,0.0428f,2.9122f,-0.4716f,0.2232f,-0.8531f,-0.6596f,0f,0f,0f,1f],start_interpolation: 0,interpolation_duration: 1}
$data merge entity $(bone_rightarm) {transformation: [-0.6932f,0.2083f,0.69f,-0.6764f,0.4673f,0.8588f,0.2102f,3.2215f,-0.5488f,0.4681f,-0.6926f,-0.2202f,0f,0f,0f,1f],start_interpolation: 0,interpolation_duration: 1}
$data merge entity $(bone_chest1) {transformation: [-0.9158f,-0.055f,0.5761f,0.1663f,0.1106f,1.0419f,0.2753f,3.0588f,-0.5681f,0.2915f,-0.8752f,0.0264f,0f,0f,0f,1f],start_interpolation: 0,interpolation_duration: 1}
$data merge entity $(bone_chest1lid) {transformation: [-0.8453f,0.391f,0.3641f,-0.2957f,0.1021f,0.7871f,-0.6084f,2.3369f,-0.5244f,-0.4771f,-0.7052f,-0.0204f,0f,0f,0f,1f],start_interpolation: 0,interpolation_duration: 1}
$data merge entity $(bone_chest2) {transformation: [-0.8453f,-0.0508f,0.5318f,-0.2877f,0.1021f,0.9618f,0.2541f,2.1866f,-0.5244f,0.2691f,-0.8078f,-0.0625f,0f,0f,0f,1f],start_interpolation: 0,interpolation_duration: 1}
$data merge entity $(bone_chest1lid3) {transformation: [-0.8453f,-0.0508f,0.5318f,0.0979f,0.1021f,0.9618f,0.2541f,2.4933f,-0.5244f,0.2691f,-0.8078f,-0.5052f,0f,0f,0f,1f],start_interpolation: 0,interpolation_duration: 1}
$data merge entity $(bone_chest3) {transformation: [-0.8453f,-0.0508f,0.5318f,0.1058f,0.1021f,0.9618f,0.2541f,2.343f,-0.5244f,0.2691f,-0.8078f,-0.5472f,0f,0f,0f,1f],start_interpolation: 0,interpolation_duration: 1}
$data merge entity $(bone_hugeasssword2) {transformation: [-2.083f,2.3066f,-2.3835f,-0.7932f,-0.9952f,2.2502f,3.0474f,4.3678f,3.164f,2.2263f,-0.6106f,-0.5215f,0f,0f,0f,1f],start_interpolation: 0,interpolation_duration: 1}
$data merge entity $(bone_belt) {transformation: [-0.8453f,-0.0508f,0.5318f,0.144f,0.1021f,0.9618f,0.2541f,2.6392f,-0.5244f,0.2691f,-0.8078f,0.0418f,0f,0f,0f,1f],start_interpolation: 0,interpolation_duration: 1}
$data merge entity $(bone_torn_part) {transformation: [-0.8453f,-0.2842f,0.4524f,0.0406f,0.1021f,0.7452f,0.659f,2.3841f,-0.5244f,0.6032f,-0.6009f,-0.0761f,0f,0f,0f,1f],start_interpolation: 0,interpolation_duration: 1}
$data merge entity $(bone_lowerbody) {transformation: [-0.8453f,0.073f,0.5292f,0.0131f,0.1021f,0.9944f,0.0258f,1.885f,-0.5244f,0.0758f,-0.8481f,0.0574f,0f,0f,0f,1f],start_interpolation: 0,interpolation_duration: 1}
$data merge entity $(bone_leftfoot) {transformation: [-0.9754f,-0.209f,0.0705f,0.2371f,-0.1959f,0.9676f,0.1591f,0.1905f,-0.1015f,0.1414f,-0.9847f,0.6343f,0f,0f,0f,1f],start_interpolation: 0,interpolation_duration: 1}
$data merge entity $(bone_leftlowerleg) {transformation: [-0.9754f,-0.2084f,0.0722f,-0.0052f,-0.1959f,0.9689f,0.1512f,1.2421f,-0.1015f,0.1334f,-0.9859f,0.9337f,0f,0f,0f,1f],start_interpolation: 0,interpolation_duration: 1}
$data merge entity $(bone_leftleg) {transformation: [-0.9753f,0.1214f,0.1842f,0.092f,-0.0769f,0.5956f,-0.7996f,1.7295f,-0.2068f,-0.7941f,-0.5716f,0.2259f,0f,0f,0f,1f],start_interpolation: 0,interpolation_duration: 1}
$data merge entity $(bone_rightfoot) {transformation: [-0.4946f,0.0223f,0.8689f,-0.3095f,0.1614f,0.9846f,0.0666f,0.1623f,-0.854f,0.1732f,-0.4906f,-0.2626f,0f,0f,0f,1f],start_interpolation: 0,interpolation_duration: 1}
$data merge entity $(bone_rightlowerleg) {transformation: [-0.4946f,-0.2437f,0.8343f,-0.708f,0.1614f,0.9174f,0.3637f,1.1242f,-0.854f,0.3145f,-0.4144f,0.15f,0f,0f,0f,1f],start_interpolation: 0,interpolation_duration: 1}
$data merge entity $(bone_rightleg) {transformation: [-0.6051f,0.5097f,0.6116f,-0.2523f,0.0728f,0.8004f,-0.5951f,1.8456f,-0.7928f,-0.3156f,-0.5214f,-0.1141f,0f,0f,0f,1f],start_interpolation: 0,interpolation_duration: 1}
$data merge entity $(bone_sack_top) {transformation: [-0.04f,0f,0f,-0.1273f,0f,0.1f,0f,1.0241f,0f,0f,-0.04f,-0.2454f,0f,0f,0f,1f],start_interpolation: 0,interpolation_duration: 1}
$data merge entity $(bone_sack_main) {transformation: [-0.0583f,0f,0f,-0.1273f,0f,0.0583f,0f,1.0241f,0f,0f,-0.0583f,-0.2454f,0f,0f,0f,1f],start_interpolation: 0,interpolation_duration: 1}
data modify entity @s data merge value {"cameras":{},"locators":{"lefthand":{"posx":-0.3845946633702846,"posy":2.3418891449471486,"posz":0.7575703943838054,"roty":70.97671239189492,"rotx":-77.50559253719794},"sword":{"posx":-3.1973405556973735,"posy":3.2143600900907785,"posz":2.0571122849176002,"roty":35.11643319200809,"rotx":-21.844759417105887},"righthand":{"posx":-1.2284551221556892,"posy":1.842266951460912,"posz":-0.7426210628339702,"roty":35.11643319200809,"rotx":-21.844759417105887},"chest":{"posx":-0.40201197770966846,"posy":2.2402616236722626,"posz":0.07259641388935174,"roty":33.35838631890593,"rotx":14.719675929147103},"sack":{"posx":-0.12106481481481479,"posy":1.0615740740740744,"posz":-0.2453703703703704,"roty":0,"rotx":0}}}