# This file was generated by Animated Java via MC-Build. It is not recommended to edit this file directly.
$data merge entity $(bone_nose) {transformation: [-0.952f,-0.1221f,0.2807f,0.0829f,0.0563f,0.8315f,0.5526f,3.692f,-0.3008f,0.5419f,-0.7847f,0.3687f,0f,0f,0f,1f],start_interpolation: 0,interpolation_duration: 1}
$data merge entity $(bone_glowing_eye) {transformation: [-0.952f,-0.1221f,0.2807f,-0.0542f,0.0563f,0.8315f,0.5526f,3.7361f,-0.3008f,0.5419f,-0.7847f,0.3952f,0f,0f,0f,1f],start_interpolation: 0,interpolation_duration: 1}
$data merge entity $(bone_head) {transformation: [-0.952f,-0.1221f,0.2807f,0.1505f,0.0563f,0.8315f,0.5526f,3.6928f,-0.3008f,0.5419f,-0.7847f,0.1549f,0f,0f,0f,1f],start_interpolation: 0,interpolation_duration: 1}
$data merge entity $(bone_leftthumb2) {transformation: [0.1488f,0.9563f,0.2516f,-0.3836f,0.1079f,0.2372f,-0.9654f,2.6307f,-0.983f,0.1709f,-0.0679f,0.3896f,0f,0f,0f,1f],start_interpolation: 0,interpolation_duration: 1}
$data merge entity $(bone_leftthumb) {transformation: [0.1488f,0.9563f,0.2516f,-0.1275f,0.1079f,0.2372f,-0.9654f,2.6064f,-0.983f,0.1709f,-0.0679f,0.4257f,0f,0f,0f,1f],start_interpolation: 0,interpolation_duration: 1}
$data merge entity $(bone_leftpointerfinger) {transformation: [-0.1872f,0.9495f,0.2516f,-0.4458f,0.0203f,0.2598f,-0.9654f,2.4715f,-0.9821f,-0.1756f,-0.0679f,0.4739f,0f,0f,0f,1f],start_interpolation: 0,interpolation_duration: 1}
$data merge entity $(bone_leftmidfinger) {transformation: [0.1488f,0.9563f,0.2516f,-0.4065f,0.1079f,0.2372f,-0.9654f,2.3207f,-0.983f,0.1709f,-0.0679f,0.4633f,0f,0f,0f,1f],start_interpolation: 0,interpolation_duration: 1}
$data merge entity $(bone_leftringfinger) {transformation: [0.5035f,0.8266f,0.2516f,-0.3672f,0.1905f,0.1779f,-0.9654f,2.1698f,-0.8427f,0.534f,-0.0679f,0.4527f,0f,0f,0f,1f],start_interpolation: 0,interpolation_duration: 1}
$data merge entity $(bone_invisibility) {transformation: [0.9746f,-0.1673f,-0.1488f,-0.3212f,0.1522f,0.9824f,-0.1079f,2.5479f,0.1643f,0.0826f,0.983f,0.3104f,0f,0f,0f,1f],start_interpolation: 0,interpolation_duration: 1}
$data merge entity $(bone_swiftness) {transformation: [0.2516f,0.9563f,-0.1488f,-0.3958f,-0.9654f,0.2372f,-0.1079f,2.3403f,-0.0679f,0.1709f,0.983f,0.2234f,0f,0f,0f,1f],start_interpolation: 0,interpolation_duration: 1}
$data merge entity $(bone_suspicious_stew) {transformation: [0.9731f,0.1761f,-0.1488f,-0.3188f,-0.193f,0.9752f,-0.1079f,2.3557f,0.1261f,0.1338f,0.983f,0.2897f,0f,0f,0f,1f],start_interpolation: 0,interpolation_duration: 1}
$data merge entity $(bone_log) {transformation: [0.1488f,0.9563f,0.2516f,-0.1735f,0.1079f,0.2372f,-0.9654f,2.3502f,-0.983f,0.1709f,-0.0679f,0.2157f,0f,0f,0f,1f],start_interpolation: 0,interpolation_duration: 1}
$data merge entity $(bone_planks) {transformation: [0.1488f,0.9563f,0.2516f,-0.1596f,0.1079f,0.2372f,-0.9654f,2.3604f,-0.983f,0.1709f,-0.0679f,0.1236f,0f,0f,0f,1f],start_interpolation: 0,interpolation_duration: 1}
$data merge entity $(bone_lefthand1) {transformation: [0.1488f,0.9563f,0.2516f,0.0205f,0.1079f,0.2372f,-0.9654f,2.4127f,-0.983f,0.1709f,-0.0679f,0.5063f,0f,0f,0f,1f],start_interpolation: 0,interpolation_duration: 1}
$data merge entity $(bone_leftforearm) {transformation: [0.3059f,0.9118f,0.2739f,0.6956f,0.185f,0.2252f,-0.9566f,2.5952f,-0.9339f,0.3432f,-0.0998f,0.6764f,0f,0f,0f,1f],start_interpolation: 0,interpolation_duration: 1}
$data merge entity $(bone_leftelbow) {transformation: [0.3059f,0.9118f,0.2739f,0.8665f,0.185f,0.2252f,-0.9566f,2.6374f,-0.9339f,0.3432f,-0.0998f,0.7407f,0f,0f,0f,1f],start_interpolation: 0,interpolation_duration: 1}
$data merge entity $(bone_leftarm) {transformation: [-0.7293f,0.303f,0.6134f,0.7862f,-0.025f,0.8842f,-0.4665f,3.1292f,-0.6837f,-0.3556f,-0.6372f,0.4511f,0f,0f,0f,1f],start_interpolation: 0,interpolation_duration: 1}
$data merge entity $(bone_rightthumb2) {transformation: [-0.9776f,-0.0748f,0.1965f,-1.3034f,-0.1606f,0.8691f,-0.4679f,1.87f,-0.1358f,-0.489f,-0.8616f,-0.3626f,0f,0f,0f,1f],start_interpolation: 0,interpolation_duration: 1}
$data merge entity $(bone_rightthumb) {transformation: [-0.9776f,-0.0748f,0.1965f,-1.305f,-0.1606f,0.8691f,-0.4679f,2.0431f,-0.1358f,-0.489f,-0.8616f,-0.5562f,0f,0f,0f,1f],start_interpolation: 0,interpolation_duration: 1}
$data merge entity $(bone_rightpointerfinger) {transformation: [-0.7544f,0.4846f,0.4429f,-1.5079f,0.3099f,0.8576f,-0.4104f,1.7603f,-0.5787f,-0.1723f,-0.7971f,-0.5821f,0f,0f,0f,1f],start_interpolation: 0,interpolation_duration: 1}
$data merge entity $(bone_rightmidfinger) {transformation: [-0.6847f,0.5789f,0.4429f,-1.4387f,0.4192f,0.8098f,-0.4104f,1.6962f,-0.5962f,-0.0953f,-0.7971f,-0.7066f,0f,0f,0f,1f],start_interpolation: 0,interpolation_duration: 1}
$data merge entity $(bone_rightringfinger) {transformation: [-0.6316f,0.6364f,0.4429f,-1.3695f,0.4882f,0.7702f,-0.4104f,1.632f,-0.6023f,-0.043f,-0.7971f,-0.8312f,0f,0f,0f,1f],start_interpolation: 0,interpolation_duration: 1}
$data merge entity $(bone_hugeasssword) {transformation: [-3.1087f,1.6332f,1.7346f,-1.15f,0.9166f,3.452f,-1.6075f,1.8194f,-2.1991f,-0.87f,-3.1221f,-0.5902f,0f,0f,0f,1f],start_interpolation: 0,interpolation_duration: 1}
$data merge entity $(bone_ice) {transformation: [-0.7937f,0.417f,0.4429f,-1.1442f,0.234f,0.8814f,-0.4104f,1.802f,-0.5615f,-0.2221f,-0.7971f,-0.5779f,0f,0f,0f,1f],start_interpolation: 0,interpolation_duration: 1}
$data merge entity $(bone_righthand1) {transformation: [-0.7937f,0.417f,0.4429f,-1.2245f,0.234f,0.8814f,-0.4104f,2.068f,-0.5615f,-0.2221f,-0.7971f,-0.7987f,0f,0f,0f,1f],start_interpolation: 0,interpolation_duration: 1}
$data merge entity $(bone_rightforearm) {transformation: [-0.8657f,0.2923f,0.4064f,-0.9712f,0.3201f,0.9474f,0.0006f,2.7141f,-0.3849f,0.1306f,-0.9137f,-0.6686f,0f,0f,0f,1f],start_interpolation: 0,interpolation_duration: 1}
$data merge entity $(bone_rightelbow) {transformation: [-0.8657f,0.2923f,0.4064f,-0.9164f,0.3201f,0.9474f,0.0006f,2.8918f,-0.3849f,0.1306f,-0.9137f,-0.6441f,0f,0f,0f,1f],start_interpolation: 0,interpolation_duration: 1}
$data merge entity $(bone_rightarm) {transformation: [-0.7683f,0.2651f,0.5826f,-0.6532f,0.4159f,0.8987f,0.1395f,3.2408f,-0.4865f,0.3495f,-0.8007f,-0.2701f,0f,0f,0f,1f],start_interpolation: 0,interpolation_duration: 1}
$data merge entity $(bone_chest1) {transformation: [-0.9352f,-0.0058f,0.5469f,0.1932f,0.1046f,1.0614f,0.1902f,3.0641f,-0.5368f,0.217f,-0.9156f,-0.0469f,0f,0f,0f,1f],start_interpolation: 0,interpolation_duration: 1}
$data merge entity $(bone_chest1lid) {transformation: [-0.8632f,0.4393f,0.2487f,-0.2954f,0.0966f,0.6273f,-0.7727f,2.3588f,-0.4955f,-0.643f,-0.584f,-0.0222f,0f,0f,0f,1f],start_interpolation: 0,interpolation_duration: 1}
$data merge entity $(bone_chest2) {transformation: [-0.8632f,-0.0054f,0.5048f,-0.2945f,0.0966f,0.9797f,0.1756f,2.2057f,-0.4955f,0.2004f,-0.8452f,-0.0535f,0f,0f,0f,1f],start_interpolation: 0,interpolation_duration: 1}
$data merge entity $(bone_chest1lid3) {transformation: [-0.8632f,-0.0054f,0.5048f,0.082f,0.0966f,0.9797f,0.1756f,2.4652f,-0.4955f,0.2004f,-0.8452f,-0.5327f,0f,0f,0f,1f],start_interpolation: 0,interpolation_duration: 1}
$data merge entity $(bone_chest3) {transformation: [-0.8632f,-0.0054f,0.5048f,0.0828f,0.0966f,0.9797f,0.1756f,2.3122f,-0.4955f,0.2004f,-0.8452f,-0.564f,0f,0f,0f,1f],start_interpolation: 0,interpolation_duration: 1}
$data merge entity $(bone_hugeasssword2) {transformation: [-1.9772f,2.4785f,-2.2996f,-0.7428f,-0.6878f,2.3134f,3.0847f,4.3664f,3.3103f,1.961f,-0.7326f,-0.6488f,0f,0f,0f,1f],start_interpolation: 0,interpolation_duration: 1}
$data merge entity $(bone_belt) {transformation: [-0.8632f,-0.0054f,0.5048f,0.1569f,0.0966f,0.9797f,0.1756f,2.6478f,-0.4955f,0.2004f,-0.8452f,-0.0002f,0f,0f,0f,1f],start_interpolation: 0,interpolation_duration: 1}
$data merge entity $(bone_torn_part) {transformation: [-0.8632f,-0.2182f,0.4552f,0.0374f,0.0966f,0.8137f,0.5732f,2.3999f,-0.4955f,0.5388f,-0.6813f,-0.0893f,0f,0f,0f,1f],start_interpolation: 0,interpolation_duration: 1}
$data merge entity $(bone_lowerbody) {transformation: [-0.8632f,0.1255f,0.489f,-0.0084f,0.0966f,0.9918f,-0.0839f,1.918f,-0.4955f,-0.0252f,-0.8682f,0.0935f,0f,0f,0f,1f],start_interpolation: 0,interpolation_duration: 1}
$data merge entity $(bone_leftfoot) {transformation: [-0.9733f,-0.2248f,0.046f,0.2202f,-0.2131f,0.9599f,0.1822f,0.2041f,-0.0851f,0.1675f,-0.9822f,0.6478f,0f,0f,0f,1f],start_interpolation: 0,interpolation_duration: 1}
$data merge entity $(bone_leftlowerleg) {transformation: [-0.9733f,-0.2243f,0.0484f,-0.036f,-0.2131f,0.9618f,0.1718f,1.2447f,-0.0851f,0.1569f,-0.984f,0.9731f,0f,0f,0f,1f],start_interpolation: 0,interpolation_duration: 1}
$data merge entity $(bone_leftleg) {transformation: [-0.978f,0.0921f,0.1872f,0.0359f,-0.0917f,0.6165f,-0.782f,1.7506f,-0.1875f,-0.7819f,-0.5945f,0.2752f,0f,0f,0f,1f],start_interpolation: 0,interpolation_duration: 1}
$data merge entity $(bone_rightfoot) {transformation: [-0.499f,0.0313f,0.8661f,-0.3053f,0.1692f,0.9836f,0.062f,0.1723f,-0.85f,0.1774f,-0.4961f,-0.2667f,0f,0f,0f,1f],start_interpolation: 0,interpolation_duration: 1}
$data merge entity $(bone_rightlowerleg) {transformation: [-0.499f,-0.2668f,0.8245f,-0.728f,0.1692f,0.9031f,0.3946f,1.1135f,-0.85f,0.3364f,-0.4055f,0.1688f,0f,0f,0f,1f],start_interpolation: 0,interpolation_duration: 1}
$data merge entity $(bone_rightleg) {transformation: [-0.6051f,0.4697f,0.6429f,-0.3084f,0.0728f,0.8367f,-0.5429f,1.8667f,-0.7929f,-0.2817f,-0.5404f,-0.0648f,0f,0f,0f,1f],start_interpolation: 0,interpolation_duration: 1}
$data merge entity $(bone_sack_top) {transformation: [-0.04f,0f,0f,-0.1471f,0f,0.1f,0f,1.5083f,0f,0f,-0.04f,-0.2711f,0f,0f,0f,1f],start_interpolation: 0,interpolation_duration: 1}
$data merge entity $(bone_sack_main) {transformation: [-0.0583f,0f,0f,-0.1471f,0f,0.0583f,0f,1.5083f,0f,0f,-0.0583f,-0.2711f,0f,0f,0f,1f],start_interpolation: 0,interpolation_duration: 1}
data modify entity @s data merge value {"cameras":{},"locators":{"lefthand":{"posx":-0.26614154809012575,"posy":2.336673071881278,"posz":0.2955709615757278,"roty":74.8937035936022,"rotx":-74.89282611480527},"sword":{"posx":-2.8651143353921302,"posy":3.3300299105759885,"posz":2.3247661048603527,"roty":29.056203093246012,"rotx":-24.231524033383185},"righthand":{"posx":-1.232004164250318,"posy":1.8165883920070753,"posz":-0.6146389690933844,"roty":29.056203093246012,"rotx":-24.231524033383185},"chest":{"posx":-0.4008803852952214,"posy":2.2731355925623222,"posz":0.08181172657330997,"roty":30.848761709878744,"rotx":10.114089596021751},"sack":{"posx":-0.14081986038773145,"posy":1.545765968605324,"posz":-0.2711475513599537,"roty":0,"rotx":0}}}