# This file was generated by Animated Java via MC-Build. It is not recommended to edit this file directly.
$data merge entity $(bone_nose) {transformation: [-0.9508f,-0.133f,0.2798f,0.0909f,0.0519f,0.822f,0.5671f,3.6839f,-0.3054f,0.5537f,-0.7747f,0.3487f,0f,0f,0f,1f],start_interpolation: 0,interpolation_duration: 1}
$data merge entity $(bone_glowing_eye) {transformation: [-0.9508f,-0.133f,0.2798f,-0.0468f,0.0519f,0.822f,0.5671f,3.7263f,-0.3054f,0.5537f,-0.7747f,0.375f,0f,0f,0f,1f],start_interpolation: 0,interpolation_duration: 1}
$data merge entity $(bone_head) {transformation: [-0.9508f,-0.133f,0.2798f,0.1597f,0.0519f,0.822f,0.5671f,3.6886f,-0.3054f,0.5537f,-0.7747f,0.1352f,0f,0f,0f,1f],start_interpolation: 0,interpolation_duration: 1}
$data merge entity $(bone_leftthumb2) {transformation: [0.245f,0.9294f,0.2762f,-0.3234f,0.1546f,0.2437f,-0.9574f,2.6166f,-0.9571f,0.2773f,-0.084f,0.2314f,0f,0f,0f,1f],start_interpolation: 0,interpolation_duration: 1}
$data merge entity $(bone_leftthumb) {transformation: [0.245f,0.9294f,0.2762f,-0.0719f,0.1546f,0.2437f,-0.9574f,2.5945f,-0.9571f,0.2773f,-0.084f,0.2922f,0f,0f,0f,1f],start_interpolation: 0,interpolation_duration: 1}
$data merge entity $(bone_leftpointerfinger) {transformation: [-0.0876f,0.9571f,0.2762f,-0.3907f,0.062f,0.2819f,-0.9574f,2.4528f,-0.9942f,-0.0668f,-0.084f,0.302f,0f,0f,0f,1f],start_interpolation: 0,interpolation_duration: 1}
$data merge entity $(bone_leftmidfinger) {transformation: [0.245f,0.9294f,0.2762f,-0.3476f,0.1546f,0.2437f,-0.9574f,2.3032f,-0.9571f,0.2773f,-0.084f,0.2888f,0f,0f,0f,1f],start_interpolation: 0,interpolation_duration: 1}
$data merge entity $(bone_leftringfinger) {transformation: [0.582f,0.7649f,0.2762f,-0.3044f,0.2361f,0.166f,-0.9574f,2.1536f,-0.7781f,0.6225f,-0.084f,0.2757f,0f,0f,0f,1f],start_interpolation: 0,interpolation_duration: 1}
$data merge entity $(bone_invisibility) {transformation: [0.9499f,-0.1941f,-0.245f,-0.2518f,0.1594f,0.975f,-0.1546f,2.5384f,0.2689f,0.1078f,0.9571f,0.1555f,0f,0f,0f,1f],start_interpolation: 0,interpolation_duration: 1}
$data merge entity $(bone_swiftness) {transformation: [0.2762f,0.9294f,-0.245f,-0.3131f,-0.9574f,0.2437f,-0.1546f,2.3339f,-0.084f,0.2773f,0.9571f,0.0523f,0f,0f,0f,1f],start_interpolation: 0,interpolation_duration: 1}
$data merge entity $(bone_suspicious_stew) {transformation: [0.959f,0.1425f,-0.245f,-0.2436f,-0.1837f,0.9707f,-0.1546f,2.3474f,0.2158f,0.1933f,0.9571f,0.1267f,0f,0f,0f,1f],start_interpolation: 0,interpolation_duration: 1}
$data merge entity $(bone_log) {transformation: [0.245f,0.9294f,0.2762f,-0.0915f,0.1546f,0.2437f,-0.9574f,2.3475f,-0.9571f,0.2773f,-0.084f,0.0677f,0f,0f,0f,1f],start_interpolation: 0,interpolation_duration: 1}
$data merge entity $(bone_planks) {transformation: [0.245f,0.9294f,0.2762f,-0.0685f,0.1546f,0.2437f,-0.9574f,2.362f,-0.9571f,0.2773f,-0.084f,-0.022f,0f,0f,0f,1f],start_interpolation: 0,interpolation_duration: 1}
$data merge entity $(bone_lefthand1) {transformation: [0.245f,0.9294f,0.2762f,0.071f,0.1546f,0.2437f,-0.9574f,2.3997f,-0.9571f,0.2773f,-0.084f,0.3789f,0f,0f,0f,1f],start_interpolation: 0,interpolation_duration: 1}
$data merge entity $(bone_leftforearm) {transformation: [0.3947f,0.868f,0.3013f,0.7218f,0.2318f,0.2233f,-0.9468f,2.5845f,-0.8891f,0.4436f,-0.1131f,0.6245f,0f,0f,0f,1f],start_interpolation: 0,interpolation_duration: 1}
$data merge entity $(bone_leftelbow) {transformation: [0.3947f,0.868f,0.3013f,0.8845f,0.2318f,0.2233f,-0.9468f,2.6263f,-0.8891f,0.4436f,-0.1131f,0.7077f,0f,0f,0f,1f],start_interpolation: 0,interpolation_duration: 1}
$data merge entity $(bone_leftarm) {transformation: [-0.6812f,0.2737f,0.679f,0.7947f,-0.0357f,0.914f,-0.4042f,3.1249f,-0.7313f,-0.2996f,-0.6128f,0.4329f,0f,0f,0f,1f],start_interpolation: 0,interpolation_duration: 1}
$data merge entity $(bone_rightthumb2) {transformation: [-0.9799f,-0.1093f,0.1669f,-1.2834f,-0.178f,0.8569f,-0.4838f,1.8512f,-0.0901f,-0.5038f,-0.8591f,-0.3105f,0f,0f,0f,1f],start_interpolation: 0,interpolation_duration: 1}
$data merge entity $(bone_rightthumb) {transformation: [-0.9799f,-0.1093f,0.1669f,-1.296f,-0.178f,0.8569f,-0.4838f,2.02f,-0.0901f,-0.5038f,-0.8591f,-0.5075f,0f,0f,0f,1f],start_interpolation: 0,interpolation_duration: 1}
$data merge entity $(bone_rightpointerfinger) {transformation: [-0.7832f,0.4632f,0.4148f,-1.4953f,0.2859f,0.8607f,-0.4213f,1.7336f,-0.5521f,-0.2114f,-0.8065f,-0.5186f,0f,0f,0f,1f],start_interpolation: 0,interpolation_duration: 1}
$data merge entity $(bone_rightmidfinger) {transformation: [-0.7161f,0.5614f,0.4148f,-1.4305f,0.3958f,0.816f,-0.4213f,1.6678f,-0.575f,-0.1375f,-0.8065f,-0.6446f,0f,0f,0f,1f],start_interpolation: 0,interpolation_duration: 1}
$data merge entity $(bone_rightringfinger) {transformation: [-0.6644f,0.6217f,0.4148f,-1.3657f,0.4654f,0.7784f,-0.4213f,1.602f,-0.5848f,-0.0869f,-0.8065f,-0.7706f,0f,0f,0f,1f],start_interpolation: 0,interpolation_duration: 1}
$data merge entity $(bone_hugeasssword) {transformation: [-3.214f,1.5398f,1.6246f,-1.1392f,0.8216f,3.4558f,-1.65f,1.7979f,-2.0821f,-1.0132f,-3.1589f,-0.5433f,0f,0f,0f,1f],start_interpolation: 0,interpolation_duration: 1}
$data merge entity $(bone_ice) {transformation: [-0.8206f,0.3931f,0.4148f,-1.1325f,0.2098f,0.8823f,-0.4213f,1.7808f,-0.5316f,-0.2587f,-0.8065f,-0.531f,0f,0f,0f,1f],start_interpolation: 0,interpolation_duration: 1}
$data merge entity $(bone_righthand1) {transformation: [-0.8206f,0.3931f,0.4148f,-1.2264f,0.2098f,0.8823f,-0.4213f,2.0407f,-0.5316f,-0.2587f,-0.8065f,-0.7538f,0f,0f,0f,1f],start_interpolation: 0,interpolation_duration: 1}
$data merge entity $(bone_rightforearm) {transformation: [-0.8863f,0.2826f,0.3669f,-0.978f,0.2987f,0.9543f,-0.0135f,2.6932f,-0.3539f,0.0976f,-0.9302f,-0.6485f,0f,0f,0f,1f],start_interpolation: 0,interpolation_duration: 1}
$data merge entity $(bone_rightelbow) {transformation: [-0.8863f,0.2826f,0.3669f,-0.925f,0.2987f,0.9543f,-0.0135f,2.8721f,-0.3539f,0.0976f,-0.9302f,-0.6302f,0f,0f,0f,1f],start_interpolation: 0,interpolation_duration: 1}
$data merge entity $(bone_rightarm) {transformation: [-0.7949f,0.2714f,0.5426f,-0.6483f,0.3918f,0.9125f,0.1175f,3.2362f,-0.4633f,0.306f,-0.8317f,-0.2811f,0f,0f,0f,1f],start_interpolation: 0,interpolation_duration: 1}
$data merge entity $(bone_chest1) {transformation: [-0.9377f,-0.0002f,0.5424f,0.1987f,0.1038f,1.0633f,0.1797f,3.0579f,-0.5324f,0.2076f,-0.9204f,-0.0611f,0f,0f,0f,1f],start_interpolation: 0,interpolation_duration: 1}
$data merge entity $(bone_chest1lid) {transformation: [-0.8656f,0.4472f,0.2252f,-0.2927f,0.0958f,0.5895f,-0.8021f,2.3549f,-0.4915f,-0.6727f,-0.5531f,-0.0274f,0f,0f,0f,1f],start_interpolation: 0,interpolation_duration: 1}
$data merge entity $(bone_chest2) {transformation: [-0.8656f,-0.0001f,0.5007f,-0.2927f,0.0958f,0.9815f,0.1659f,2.2016f,-0.4915f,0.1916f,-0.8496f,-0.0573f,0f,0f,0f,1f],start_interpolation: 0,interpolation_duration: 1}
$data merge entity $(bone_chest1lid3) {transformation: [-0.8656f,-0.0001f,0.5007f,0.0821f,0.0958f,0.9815f,0.1659f,2.4552f,-0.4915f,0.1916f,-0.8496f,-0.5409f,0f,0f,0f,1f],start_interpolation: 0,interpolation_duration: 1}
$data merge entity $(bone_chest3) {transformation: [-0.8656f,-0.0001f,0.5007f,0.0822f,0.0958f,0.9815f,0.1659f,2.3019f,-0.4915f,0.1916f,-0.8496f,-0.5709f,0f,0f,0f,1f],start_interpolation: 0,interpolation_duration: 1}
$data merge entity $(bone_hugeasssword2) {transformation: [-1.9611f,2.4992f,-2.2909f,-0.7353f,-0.6498f,2.3204f,3.0877f,4.3587f,3.3275f,1.9261f,-0.7472f,-0.6694f,0f,0f,0f,1f],start_interpolation: 0,interpolation_duration: 1}
$data merge entity $(bone_belt) {transformation: [-0.8656f,-0.0001f,0.5007f,0.1609f,0.0958f,0.9815f,0.1659f,2.6422f,-0.4915f,0.1916f,-0.8496f,-0.0105f,0f,0f,0f,1f],start_interpolation: 0,interpolation_duration: 1}
$data merge entity $(bone_torn_part) {transformation: [-0.8656f,-0.2093f,0.4548f,0.0395f,0.0958f,0.8224f,0.5608f,2.3945f,-0.4915f,0.5291f,-0.6918f,-0.0961f,0f,0f,0f,1f],start_interpolation: 0,interpolation_duration: 1}
$data merge entity $(bone_lowerbody) {transformation: [-0.8656f,0.132f,0.483f,-0.0084f,0.0958f,0.9905f,-0.099f,1.9154f,-0.4915f,-0.0394f,-0.87f,0.0935f,0f,0f,0f,1f],start_interpolation: 0,interpolation_duration: 1}
$data merge entity $(bone_leftfoot) {transformation: [-0.9731f,-0.2261f,0.0437f,0.2238f,-0.2147f,0.9592f,0.184f,0.2005f,-0.0835f,0.1697f,-0.982f,0.6454f,0f,0f,0f,1f],start_interpolation: 0,interpolation_duration: 1}
$data merge entity $(bone_leftlowerleg) {transformation: [-0.9731f,-0.2256f,0.0463f,-0.0336f,-0.2147f,0.9613f,0.1727f,1.2404f,-0.0835f,0.1582f,-0.9839f,0.972f,0f,0f,0f,1f],start_interpolation: 0,interpolation_duration: 1}
$data merge entity $(bone_leftleg) {transformation: [-0.9782f,0.0893f,0.1874f,0.0359f,-0.093f,0.6185f,-0.7803f,1.748f,-0.1856f,-0.7807f,-0.5967f,0.2752f,0f,0f,0f,1f],start_interpolation: 0,interpolation_duration: 1}
$data merge entity $(bone_rightfoot) {transformation: [-0.4994f,0.0321f,0.8658f,-0.2995f,0.1699f,0.9835f,0.0615f,0.1688f,-0.8496f,0.1778f,-0.4966f,-0.2718f,0f,0f,0f,1f],start_interpolation: 0,interpolation_duration: 1}
$data merge entity $(bone_rightlowerleg) {transformation: [-0.4994f,-0.2689f,0.8236f,-0.7244f,0.1699f,0.9017f,0.3975f,1.1081f,-0.8496f,0.3384f,-0.4046f,0.1658f,0f,0f,0f,1f],start_interpolation: 0,interpolation_duration: 1}
$data merge entity $(bone_rightleg) {transformation: [-0.6051f,0.4658f,0.6457f,-0.3084f,0.0728f,0.84f,-0.5377f,1.8641f,-0.7929f,-0.2784f,-0.5421f,-0.0648f,0f,0f,0f,1f],start_interpolation: 0,interpolation_duration: 1}
$data merge entity $(bone_sack_top) {transformation: [-0.04f,0f,0f,-0.1544f,0f,0.1f,0f,1.6498f,0f,0f,-0.04f,-0.2742f,0f,0f,0f,1f],start_interpolation: 0,interpolation_duration: 1}
$data merge entity $(bone_sack_main) {transformation: [-0.0583f,0f,0f,-0.1544f,0f,0.0583f,0f,1.6498f,0f,0f,-0.0583f,-0.2742f,0f,0f,0f,1f],start_interpolation: 0,interpolation_duration: 1}
data modify entity @s data merge value {"cameras":{},"locators":{"lefthand":{"posx":-0.1913565586484134,"posy":2.328913419726143,"posz":0.1370904145625149,"roty":73.08260706364433,"rotx":-73.22253710474838},"sword":{"posx":-2.751565266306394,"posy":3.3467453134505742,"posz":2.409862515408262,"roty":27.216505225641555,"rotx":-24.91500875831102},"righthand":{"posx":-1.2220276463603408,"posy":1.7932996467509421,"posz":-0.5641881700680127,"roty":27.216505225641555,"rotx":-24.91500875831102},"chest":{"posx":-0.3980047658653768,"posy":2.27066323780609,"posz":0.07801633199139141,"roty":30.51388683254254,"rotx":9.550585536523563},"sack":{"posx":-0.14811921296296293,"posy":1.6872974537037038,"posz":-0.27416087962962965,"roty":0,"rotx":0}}}