# This file was generated by Animated Java via MC-Build. It is not recommended to edit this file directly.
$data merge entity $(bone_nose) {transformation: [-0.948f,-0.1488f,0.2812f,0.1016f,0.0466f,0.8093f,0.5856f,3.6718f,-0.3147f,0.5683f,-0.7603f,0.3186f,0f,0f,0f,1f],start_interpolation: 0,interpolation_duration: 1}
$data merge entity $(bone_glowing_eye) {transformation: [-0.948f,-0.1488f,0.2812f,-0.0368f,0.0466f,0.8093f,0.5856f,3.712f,-0.3147f,0.5683f,-0.7603f,0.3443f,0f,0f,0f,1f],start_interpolation: 0,interpolation_duration: 1}
$data merge entity $(bone_head) {transformation: [-0.948f,-0.1488f,0.2812f,0.1726f,0.0466f,0.8093f,0.5856f,3.6815f,-0.3147f,0.5683f,-0.7603f,0.1061f,0f,0f,0f,1f],start_interpolation: 0,interpolation_duration: 1}
$data merge entity $(bone_leftthumb2) {transformation: [0.3234f,0.9041f,0.2794f,-0.2592f,0.1788f,0.2315f,-0.9562f,2.6266f,-0.9292f,0.3592f,-0.0868f,0.0996f,0f,0f,0f,1f],start_interpolation: 0,interpolation_duration: 1}
$data merge entity $(bone_leftthumb) {transformation: [0.3234f,0.9041f,0.2794f,-0.0136f,0.1788f,0.2315f,-0.9562f,2.6017f,-0.9292f,0.3592f,-0.0868f,0.1803f,0f,0f,0f,1f],start_interpolation: 0,interpolation_duration: 1}
$data merge entity $(bone_leftpointerfinger) {transformation: [-0.0054f,0.9602f,0.2794f,-0.3325f,0.0889f,0.2787f,-0.9562f,2.4613f,-0.996f,0.0197f,-0.0868f,0.16f,0f,0f,0f,1f],start_interpolation: 0,interpolation_duration: 1}
$data merge entity $(bone_leftmidfinger) {transformation: [0.3234f,0.9041f,0.2794f,-0.2889f,0.1788f,0.2315f,-0.9562f,2.3119f,-0.9292f,0.3592f,-0.0868f,0.1464f,0f,0f,0f,1f],start_interpolation: 0,interpolation_duration: 1}
$data merge entity $(bone_leftringfinger) {transformation: [0.6447f,0.7115f,0.2794f,-0.2452f,0.2538f,0.1455f,-0.9562f,2.1625f,-0.721f,0.6874f,-0.0868f,0.1328f,0f,0f,0f,1f],start_interpolation: 0,interpolation_duration: 1}
$data merge entity $(bone_invisibility) {transformation: [0.925f,-0.1995f,-0.3234f,-0.1817f,0.1473f,0.9728f,-0.1788f,2.5501f,0.3502f,0.1178f,0.9292f,0.0277f,0f,0f,0f,1f],start_interpolation: 0,interpolation_duration: 1}
$data merge entity $(bone_swiftness) {transformation: [0.2794f,0.9041f,-0.3234f,-0.2349f,-0.9562f,0.2315f,-0.1788f,2.3487f,-0.0868f,0.3592f,0.9292f,-0.0856f,0f,0f,0f,1f],start_interpolation: 0,interpolation_duration: 1}
$data merge entity $(bone_suspicious_stew) {transformation: [0.9375f,0.1289f,-0.3234f,-0.1717f,-0.1943f,0.9645f,-0.1788f,2.3599f,0.2888f,0.2305f,0.9292f,-0.0054f,0f,0f,0f,1f],start_interpolation: 0,interpolation_duration: 1}
$data merge entity $(bone_log) {transformation: [0.3234f,0.9041f,0.2794f,-0.0153f,0.1788f,0.2315f,-0.9562f,2.3608f,-0.9292f,0.3592f,-0.0868f,-0.0517f,0f,0f,0f,1f],start_interpolation: 0,interpolation_duration: 1}
$data merge entity $(bone_planks) {transformation: [0.3234f,0.9041f,0.2794f,0.015f,0.1788f,0.2315f,-0.9562f,2.3776f,-0.9292f,0.3592f,-0.0868f,-0.1388f,0f,0f,0f,1f],start_interpolation: 0,interpolation_duration: 1}
$data merge entity $(bone_lefthand1) {transformation: [0.3234f,0.9041f,0.2794f,0.1211f,0.1788f,0.2315f,-0.9562f,2.4038f,-0.9292f,0.3592f,-0.0868f,0.2731f,0f,0f,0f,1f],start_interpolation: 0,interpolation_duration: 1}
$data merge entity $(bone_leftforearm) {transformation: [0.4672f,0.8292f,0.3069f,0.7501f,0.2534f,0.2069f,-0.945f,2.5787f,-0.8471f,0.5192f,-0.1134f,0.5762f,0f,0f,0f,1f],start_interpolation: 0,interpolation_duration: 1}
$data merge entity $(bone_leftelbow) {transformation: [0.4672f,0.8292f,0.3069f,0.9055f,0.2534f,0.2069f,-0.945f,2.6175f,-0.8471f,0.5192f,-0.1134f,0.6736f,0f,0f,0f,1f],start_interpolation: 0,interpolation_duration: 1}
$data merge entity $(bone_leftarm) {transformation: [-0.6502f,0.2492f,0.7178f,0.8071f,-0.0464f,0.9299f,-0.3648f,3.118f,-0.7584f,-0.2705f,-0.5931f,0.4052f,0f,0f,0f,1f],start_interpolation: 0,interpolation_duration: 1}
$data merge entity $(bone_rightthumb2) {transformation: [-0.9748f,-0.1859f,0.1234f,-1.2185f,-0.2232f,0.8154f,-0.5342f,1.8153f,-0.0013f,-0.5483f,-0.8363f,-0.1755f,0f,0f,0f,1f],start_interpolation: 0,interpolation_duration: 1}
$data merge entity $(bone_rightthumb) {transformation: [-0.9748f,-0.1859f,0.1234f,-1.2535f,-0.2232f,0.8154f,-0.5342f,1.9696f,-0.0013f,-0.5483f,-0.8363f,-0.3814f,0f,0f,0f,1f],start_interpolation: 0,interpolation_duration: 1}
$data merge entity $(bone_rightpointerfinger) {transformation: [-0.8348f,0.4062f,0.3715f,-1.4399f,0.2157f,0.8623f,-0.4582f,1.6754f,-0.5065f,-0.3024f,-0.8075f,-0.3582f,0f,0f,0f,1f],start_interpolation: 0,interpolation_duration: 1}
$data merge entity $(bone_rightmidfinger) {transformation: [-0.7747f,0.5117f,0.3715f,-1.3818f,0.3264f,0.8267f,-0.4582f,1.6038f,-0.5417f,-0.2337f,-0.8075f,-0.4844f,0f,0f,0f,1f],start_interpolation: 0,interpolation_duration: 1}
$data merge entity $(bone_rightringfinger) {transformation: [-0.7271f,0.5773f,0.3715f,-1.3238f,0.3972f,0.7952f,-0.4582f,1.5322f,-0.56f,-0.1856f,-0.8075f,-0.6106f,0f,0f,0f,1f],start_interpolation: 0,interpolation_duration: 1}
$data merge entity $(bone_hugeasssword) {transformation: [-3.396f,1.3001f,1.4552f,-1.0899f,0.5472f,3.438f,-1.7947f,1.7521f,-1.8731f,-1.3528f,-3.1626f,-0.4149f,0f,0f,0f,1f],start_interpolation: 0,interpolation_duration: 1}
$data merge entity $(bone_ice) {transformation: [-0.8671f,0.3319f,0.3715f,-1.0815f,0.1397f,0.8778f,-0.4582f,1.7362f,-0.4782f,-0.3454f,-0.8075f,-0.402f,0f,0f,0f,1f],start_interpolation: 0,interpolation_duration: 1}
$data merge entity $(bone_righthand1) {transformation: [-0.8671f,0.3319f,0.3715f,-1.2037f,0.1397f,0.8778f,-0.4582f,1.9763f,-0.4782f,-0.3454f,-0.8075f,-0.6332f,0f,0f,0f,1f],start_interpolation: 0,interpolation_duration: 1}
$data merge entity $(bone_rightforearm) {transformation: [-0.9231f,0.2454f,0.2959f,-0.978f,0.2378f,0.9693f,-0.0621f,2.6439f,-0.3021f,0.013f,-0.9532f,-0.5903f,0f,0f,0f,1f],start_interpolation: 0,interpolation_duration: 1}
$data merge entity $(bone_rightelbow) {transformation: [-0.9231f,0.2454f,0.2959f,-0.932f,0.2378f,0.9693f,-0.0621f,2.8257f,-0.3021f,0.013f,-0.9532f,-0.5878f,0f,0f,0f,1f],start_interpolation: 0,interpolation_duration: 1}
$data merge entity $(bone_rightarm) {transformation: [-0.8447f,0.2607f,0.4675f,-0.6416f,0.3232f,0.9446f,0.0573f,3.2285f,-0.4267f,0.1995f,-0.8821f,-0.2972f,0f,0f,0f,1f],start_interpolation: 0,interpolation_duration: 1}
$data merge entity $(bone_chest1) {transformation: [-0.9419f,0.0077f,0.5352f,0.2062f,0.1024f,1.0658f,0.1649f,3.0481f,-0.5254f,0.194f,-0.9274f,-0.0825f,0f,0f,0f,1f],start_interpolation: 0,interpolation_duration: 1}
$data merge entity $(bone_chest1lid) {transformation: [-0.8694f,0.4555f,0.1914f,-0.2888f,0.0946f,0.5335f,-0.8405f,2.3485f,-0.485f,-0.7126f,-0.5069f,-0.0355f,0f,0f,0f,1f],start_interpolation: 0,interpolation_duration: 1}
$data merge entity $(bone_chest2) {transformation: [-0.8694f,0.0071f,0.494f,-0.2899f,0.0946f,0.9838f,0.1522f,2.1948f,-0.485f,0.179f,-0.856f,-0.0635f,0f,0f,0f,1f],start_interpolation: 0,interpolation_duration: 1}
$data merge entity $(bone_chest1lid3) {transformation: [-0.8694f,0.0071f,0.494f,0.082f,0.0946f,0.9838f,0.1522f,2.4401f,-0.485f,0.179f,-0.856f,-0.5536f,0f,0f,0f,1f],start_interpolation: 0,interpolation_duration: 1}
$data merge entity $(bone_chest3) {transformation: [-0.8694f,0.0071f,0.494f,0.0809f,0.0946f,0.9838f,0.1522f,2.2864f,-0.485f,0.179f,-0.856f,-0.5815f,0f,0f,0f,1f],start_interpolation: 0,interpolation_duration: 1}
$data merge entity $(bone_hugeasssword2) {transformation: [-1.935f,2.5294f,-2.2799f,-0.7258f,-0.5961f,2.3302f,3.0911f,4.3465f,3.3527f,1.8741f,-0.7662f,-0.6991f,0f,0f,0f,1f],start_interpolation: 0,interpolation_duration: 1}
$data merge entity $(bone_belt) {transformation: [-0.8694f,0.0071f,0.494f,0.1666f,0.0946f,0.9838f,0.1522f,2.6333f,-0.485f,0.179f,-0.856f,-0.0263f,0f,0f,0f,1f],start_interpolation: 0,interpolation_duration: 1}
$data merge entity $(bone_torn_part) {transformation: [-0.8694f,-0.1957f,0.4537f,0.0425f,0.0946f,0.8353f,0.5416f,2.3861f,-0.485f,0.5137f,-0.7077f,-0.1065f,0f,0f,0f,1f],start_interpolation: 0,interpolation_duration: 1}
$data merge entity $(bone_lowerbody) {transformation: [-0.8694f,0.1417f,0.4733f,-0.0084f,0.0946f,0.988f,-0.1221f,1.9116f,-0.485f,-0.0614f,-0.8724f,0.0935f,0f,0f,0f,1f],start_interpolation: 0,interpolation_duration: 1}
$data merge entity $(bone_leftfoot) {transformation: [-0.9728f,-0.2284f,0.0396f,0.2299f,-0.2173f,0.9579f,0.1874f,0.1947f,-0.0808f,0.1737f,-0.9815f,0.6409f,0f,0f,0f,1f],start_interpolation: 0,interpolation_duration: 1}
$data merge entity $(bone_leftlowerleg) {transformation: [-0.9728f,-0.2278f,0.0427f,-0.0294f,-0.2173f,0.9604f,0.1744f,1.2333f,-0.0808f,0.1604f,-0.9837f,0.97f,0f,0f,0f,1f],start_interpolation: 0,interpolation_duration: 1}
$data merge entity $(bone_leftleg) {transformation: [-0.9786f,0.0845f,0.1875f,0.0359f,-0.0952f,0.6222f,-0.777f,1.7442f,-0.1823f,-0.7782f,-0.6009f,0.2752f,0f,0f,0f,1f],start_interpolation: 0,interpolation_duration: 1}
$data merge entity $(bone_rightfoot) {transformation: [-0.5001f,0.0339f,0.8653f,-0.2895f,0.1711f,0.9834f,0.0604f,0.1629f,-0.8489f,0.1783f,-0.4976f,-0.2807f,0f,0f,0f,1f],start_interpolation: 0,interpolation_duration: 1}
$data merge entity $(bone_rightlowerleg) {transformation: [-0.5001f,-0.2722f,0.8221f,-0.7179f,0.1711f,0.8995f,0.402f,1.0991f,-0.8489f,0.3417f,-0.4033f,0.1604f,0f,0f,0f,1f],start_interpolation: 0,interpolation_duration: 1}
$data merge entity $(bone_rightleg) {transformation: [-0.6051f,0.4585f,0.6509f,-0.3084f,0.0728f,0.8459f,-0.5283f,1.8603f,-0.7929f,-0.2723f,-0.5452f,-0.0648f,0f,0f,0f,1f],start_interpolation: 0,interpolation_duration: 1}
$data merge entity $(bone_sack_top) {transformation: [-0.04f,0f,0f,-0.1701f,0f,0.1f,0f,1.8937f,0f,0f,-0.04f,-0.2699f,0f,0f,0f,1f],start_interpolation: 0,interpolation_duration: 1}
$data merge entity $(bone_sack_main) {transformation: [-0.0583f,0f,0f,-0.1701f,0f,0.0583f,0f,1.8937f,0f,0f,-0.0583f,-0.2699f,0f,0f,0f,1f],start_interpolation: 0,interpolation_duration: 1}
data modify entity @s data merge value {"cameras":{},"locators":{"lefthand":{"posx":-0.12061871216197048,"posy":2.3408789348415238,"posz":0.008749427331139148,"roty":72.73611445450926,"rotx":-72.98912010273762},"sword":{"posx":-2.543835239425593,"posy":3.432462053699477,"posz":2.5486577848534573,"roty":24.708368590588464,"rotx":-27.27254334448731},"righthand":{"posx":-1.1738050008423735,"posy":1.7427622763751576,"posz":-0.428855952793734,"roty":24.708368590588464,"rotx":-27.27254334448731},"chest":{"posx":-0.39360774574922697,"posy":2.266166590587051,"posz":0.07191602936280105,"roty":29.99057735987941,"rotx":8.754584301531036},"sack":{"posx":-0.16387080439814813,"posy":1.9312029803240744,"posz":-0.2699471932870371,"roty":0,"rotx":0}}}