# This file was generated by Animated Java via MC-Build. It is not recommended to edit this file directly.
$data merge entity $(bone_nose) {transformation: [-0.9414f,-0.1578f,0.298f,0.1047f,0.0487f,0.8108f,0.5833f,3.6641f,-0.3337f,0.5637f,-0.7556f,0.2945f,0f,0f,0f,1f],start_interpolation: 0,interpolation_duration: 1}
$data merge entity $(bone_glowing_eye) {transformation: [-0.9414f,-0.1578f,0.298f,-0.034f,0.0487f,0.8108f,0.5833f,3.7047f,-0.3337f,0.5637f,-0.7556f,0.3173f,0f,0f,0f,1f],start_interpolation: 0,interpolation_duration: 1}
$data merge entity $(bone_head) {transformation: [-0.9414f,-0.1578f,0.298f,0.18f,0.0487f,0.8108f,0.5833f,3.6732f,-0.3337f,0.5637f,-0.7556f,0.0834f,0f,0f,0f,1f],start_interpolation: 0,interpolation_duration: 1}
$data merge entity $(bone_leftthumb2) {transformation: [0.1251f,0.9629f,0.2392f,-0.3596f,0.0788f,0.2307f,-0.9698f,2.6243f,-0.989f,0.1401f,-0.047f,0.3612f,0f,0f,0f,1f],start_interpolation: 0,interpolation_duration: 1}
$data merge entity $(bone_leftthumb) {transformation: [0.1251f,0.9629f,0.2392f,-0.1031f,0.0788f,0.2307f,-0.9698f,2.598f,-0.989f,0.1401f,-0.047f,0.3915f,0f,0f,0f,1f],start_interpolation: 0,interpolation_duration: 1}
$data merge entity $(bone_leftpointerfinger) {transformation: [-0.2118f,0.9476f,0.2392f,-0.4215f,-0.0048f,0.2437f,-0.9698f,2.4683f,-0.9773f,-0.2066f,-0.047f,0.4515f,0f,0f,0f,1f],start_interpolation: 0,interpolation_duration: 1}
$data merge entity $(bone_leftmidfinger) {transformation: [0.1251f,0.9629f,0.2392f,-0.3841f,0.0788f,0.2307f,-0.9698f,2.3167f,-0.989f,0.1401f,-0.047f,0.4442f,0f,0f,0f,1f],start_interpolation: 0,interpolation_duration: 1}
$data merge entity $(bone_leftringfinger) {transformation: [0.484f,0.8417f,0.2392f,-0.3467f,0.1611f,0.183f,-0.9698f,2.1652f,-0.8601f,0.508f,-0.047f,0.4368f,0f,0f,0f,1f],start_interpolation: 0,interpolation_duration: 1}
$data merge entity $(bone_invisibility) {transformation: [0.9801f,-0.1544f,-0.1251f,-0.3002f,0.1453f,0.9862f,-0.0788f,2.5386f,0.1355f,0.0591f,0.989f,0.2829f,0f,0f,0f,1f],start_interpolation: 0,interpolation_duration: 1}
$data merge entity $(bone_swiftness) {transformation: [0.2392f,0.9629f,-0.1251f,-0.3792f,-0.9698f,0.2307f,-0.0788f,2.3296f,-0.047f,0.1401f,0.989f,0.2036f,0f,0f,0f,1f],start_interpolation: 0,interpolation_duration: 1}
$data merge entity $(bone_suspicious_stew) {transformation: [0.9738f,0.1902f,-0.1251f,-0.3005f,-0.2008f,0.9765f,-0.0788f,2.3459f,0.1071f,0.1019f,0.989f,0.2675f,0f,0f,0f,1f],start_interpolation: 0,interpolation_duration: 1}
$data merge entity $(bone_log) {transformation: [0.1251f,0.9629f,0.2392f,-0.1572f,0.0788f,0.2307f,-0.9698f,2.3367f,-0.989f,0.1401f,-0.047f,0.1901f,0f,0f,0f,1f],start_interpolation: 0,interpolation_duration: 1}
$data merge entity $(bone_planks) {transformation: [0.1251f,0.9629f,0.2392f,-0.1454f,0.0788f,0.2307f,-0.9698f,2.3441f,-0.989f,0.1401f,-0.047f,0.0974f,0f,0f,0f,1f],start_interpolation: 0,interpolation_duration: 1}
$data merge entity $(bone_lefthand1) {transformation: [0.1251f,0.9629f,0.2392f,0.0448f,0.0788f,0.2307f,-0.9698f,2.4049f,-0.989f,0.1401f,-0.047f,0.4738f,0f,0f,0f,1f],start_interpolation: 0,interpolation_duration: 1}
$data merge entity $(bone_leftforearm) {transformation: [0.2841f,0.9227f,0.2607f,0.726f,0.1554f,0.224f,-0.9621f,2.5841f,-0.9461f,0.3139f,-0.0797f,0.6218f,0f,0f,0f,1f],start_interpolation: 0,interpolation_duration: 1}
$data merge entity $(bone_leftelbow) {transformation: [0.2841f,0.9227f,0.2607f,0.899f,0.1554f,0.224f,-0.9621f,2.6261f,-0.9461f,0.3139f,-0.0797f,0.6806f,0f,0f,0f,1f],start_interpolation: 0,interpolation_duration: 1}
$data merge entity $(bone_leftarm) {transformation: [-0.7466f,0.3037f,0.5919f,0.8168f,-0.0354f,0.8703f,-0.4912f,3.1106f,-0.6643f,-0.3877f,-0.639f,0.3794f,0f,0f,0f,1f],start_interpolation: 0,interpolation_duration: 1}
$data merge entity $(bone_rightthumb2) {transformation: [-0.9214f,-0.3816f,0.0743f,-0.9855f,-0.2948f,0.5615f,-0.7732f,1.8848f,0.2533f,-0.7343f,-0.6298f,0.392f,0f,0f,0f,1f],start_interpolation: 0,interpolation_duration: 1}
$data merge entity $(bone_rightthumb) {transformation: [-0.9214f,-0.3816f,0.0743f,-1.0727f,-0.2948f,0.5615f,-0.7732f,1.9564f,0.2533f,-0.7343f,-0.6298f,0.1581f,0f,0f,0f,1f],start_interpolation: 0,interpolation_duration: 1}
$data merge entity $(bone_rightpointerfinger) {transformation: [-0.9231f,0.2274f,0.3102f,-1.2088f,-0.0429f,0.7406f,-0.6705f,1.6724f,-0.3822f,-0.6323f,-0.6739f,0.3085f,0f,0f,0f,1f],start_interpolation: 0,interpolation_duration: 1}
$data merge entity $(bone_rightmidfinger) {transformation: [-0.8855f,0.3459f,0.3102f,-1.1604f,0.0541f,0.7399f,-0.6705f,1.5676f,-0.4615f,-0.577f,-0.6739f,0.2032f,0f,0f,0f,1f],start_interpolation: 0,interpolation_duration: 1}
$data merge entity $(bone_rightringfinger) {transformation: [-0.852f,0.4218f,0.3102f,-1.1119f,0.1184f,0.7324f,-0.6705f,1.4628f,-0.51f,-0.5345f,-0.6739f,0.0979f,0f,0f,0f,1f],start_interpolation: 0,interpolation_duration: 1}
$data merge entity $(bone_hugeasssword) {transformation: [-3.6793f,0.572f,1.2149f,-0.886f,-0.4202f,2.8752f,-2.6262f,1.7557f,-1.2754f,-2.5974f,-2.6395f,0.1655f,0f,0f,0f,1f],start_interpolation: 0,interpolation_duration: 1}
$data merge entity $(bone_ice) {transformation: [-0.9394f,0.146f,0.3102f,-0.8736f,-0.1073f,0.7341f,-0.6705f,1.7459f,-0.3256f,-0.6632f,-0.6739f,0.1809f,0f,0f,0f,1f],start_interpolation: 0,interpolation_duration: 1}
$data merge entity $(bone_righthand1) {transformation: [-0.9394f,0.146f,0.3102f,-1.0623f,-0.1073f,0.7341f,-0.6705f,1.8817f,-0.3256f,-0.6632f,-0.6739f,-0.0873f,0f,0f,0f,1f],start_interpolation: 0,interpolation_duration: 1}
$data merge entity $(bone_rightforearm) {transformation: [-0.9824f,0.1013f,0.1571f,-0.9321f,0.0394f,0.9338f,-0.3556f,2.5413f,-0.1828f,-0.3431f,-0.9213f,-0.3028f,0f,0f,0f,1f],start_interpolation: 0,interpolation_duration: 1}
$data merge entity $(bone_rightelbow) {transformation: [-0.9824f,0.1013f,0.1571f,-0.9131f,0.0394f,0.9338f,-0.3556f,2.7164f,-0.1828f,-0.3431f,-0.9213f,-0.3671f,0f,0f,0f,1f],start_interpolation: 0,interpolation_duration: 1}
$data merge entity $(bone_rightarm) {transformation: [-0.9364f,0.157f,0.3138f,-0.6391f,0.0748f,0.9631f,-0.2584f,3.219f,-0.3428f,-0.2185f,-0.9137f,-0.3084f,0f,0f,0f,1f],start_interpolation: 0,interpolation_duration: 1}
$data merge entity $(bone_chest1) {transformation: [-0.9472f,0.0114f,0.5256f,0.2107f,0.1006f,1.067f,0.1582f,3.0386f,-0.516f,0.1871f,-0.934f,-0.1016f,0f,0f,0f,1f],start_interpolation: 0,interpolation_duration: 1}
$data merge entity $(bone_chest1lid) {transformation: [-0.8744f,0.4085f,0.262f,-0.2848f,0.0929f,0.6707f,-0.7359f,2.34f,-0.4763f,-0.6191f,-0.6244f,-0.0449f,0f,0f,0f,1f],start_interpolation: 0,interpolation_duration: 1}
$data merge entity $(bone_chest2) {transformation: [-0.8744f,0.0105f,0.4852f,-0.2865f,0.0929f,0.9849f,0.146f,2.1861f,-0.4763f,0.1727f,-0.8621f,-0.0719f,0f,0f,0f,1f],start_interpolation: 0,interpolation_duration: 1}
$data merge entity $(bone_chest1lid3) {transformation: [-0.8744f,0.0105f,0.4852f,0.0806f,0.0929f,0.9849f,0.146f,2.4278f,-0.4763f,0.1727f,-0.8621f,-0.5674f,0f,0f,0f,1f],start_interpolation: 0,interpolation_duration: 1}
$data merge entity $(bone_chest3) {transformation: [-0.8744f,0.0105f,0.4852f,0.079f,0.0929f,0.9849f,0.146f,2.2739f,-0.4763f,0.1727f,-0.8621f,-0.5944f,0f,0f,0f,1f],start_interpolation: 0,interpolation_duration: 1}
$data merge entity $(bone_hugeasssword2) {transformation: [-1.9002f,2.5526f,-2.2833f,-0.7258f,-0.572f,2.338f,3.0898f,4.3345f,3.3767f,1.8325f,-0.7615f,-0.7164f,0f,0f,0f,1f],start_interpolation: 0,interpolation_duration: 1}
$data merge entity $(bone_belt) {transformation: [-0.8744f,0.0105f,0.4852f,0.171f,0.0929f,0.9849f,0.146f,2.6242f,-0.4763f,0.1727f,-0.8621f,-0.0423f,0f,0f,0f,1f],start_interpolation: 0,interpolation_duration: 1}
$data merge entity $(bone_torn_part) {transformation: [-0.8744f,-0.1809f,0.4503f,0.0448f,0.0929f,0.8484f,0.5212f,2.3784f,-0.4763f,0.4975f,-0.725f,-0.1176f,0f,0f,0f,1f],start_interpolation: 0,interpolation_duration: 1}
$data merge entity $(bone_lowerbody) {transformation: [-0.8744f,0.1508f,0.4612f,-0.0084f,0.0929f,0.9849f,-0.146f,1.909f,-0.4763f,-0.0849f,-0.8752f,0.0935f,0f,0f,0f,1f],start_interpolation: 0,interpolation_duration: 1}
$data merge entity $(bone_leftfoot) {transformation: [-0.9723f,-0.2317f,0.0315f,0.2407f,-0.2213f,0.9553f,0.1961f,0.1858f,-0.0756f,0.1837f,-0.9801f,0.6301f,0f,0f,0f,1f],start_interpolation: 0,interpolation_duration: 1}
$data merge entity $(bone_leftlowerleg) {transformation: [-0.9723f,-0.2311f,0.0359f,-0.0212f,-0.2213f,0.9588f,0.1781f,1.2221f,-0.0756f,0.1652f,-0.9834f,0.9645f,0f,0f,0f,1f],start_interpolation: 0,interpolation_duration: 1}
$data merge entity $(bone_leftleg) {transformation: [-0.9796f,0.075f,0.1866f,0.0358f,-0.0981f,0.6318f,-0.7689f,1.7416f,-0.1756f,-0.7715f,-0.6116f,0.2753f,0f,0f,0f,1f],start_interpolation: 0,interpolation_duration: 1}
$data merge entity $(bone_rightfoot) {transformation: [-0.5011f,0.0389f,0.8645f,-0.2708f,0.1736f,0.9832f,0.0564f,0.153f,-0.8478f,0.1783f,-0.4994f,-0.2982f,0f,0f,0f,1f],start_interpolation: 0,interpolation_duration: 1}
$data merge entity $(bone_rightlowerleg) {transformation: [-0.5011f,-0.2758f,0.8203f,-0.7028f,0.1736f,0.8966f,0.4075f,1.085f,-0.8478f,0.3465f,-0.4014f,0.1479f,0f,0f,0f,1f],start_interpolation: 0,interpolation_duration: 1}
$data merge entity $(bone_rightleg) {transformation: [-0.605f,0.4419f,0.6623f,-0.3083f,0.0728f,0.859f,-0.5068f,1.8576f,-0.7929f,-0.2584f,-0.5519f,-0.0648f,0f,0f,0f,1f],start_interpolation: 0,interpolation_duration: 1}
$data merge entity $(bone_sack_top) {transformation: [-0.1027f,0f,0f,-0.4213f,0f,0.2538f,-0.0157f,2.3153f,0f,-0.0393f,-0.1015f,0.3201f,0f,0f,0f,1f],start_interpolation: 0,interpolation_duration: 1}
$data merge entity $(bone_sack_main) {transformation: [-0.1498f,0f,0f,-0.4213f,0f,0.148f,-0.0229f,2.3153f,0f,-0.0229f,-0.148f,0.3201f,0f,0f,0f,1f],start_interpolation: 0,interpolation_duration: 1}
data modify entity @s data merge value {"cameras":{},"locators":{"lefthand":{"posx":-0.2478529445104647,"posy":2.3264145780066467,"posz":0.27257816438832844,"roty":78.87467113249215,"rotx":-75.89078380685935},"sword":{"posx":-2.112662635411836,"posy":4.20742561747055,"posz":2.6564012134329418,"roty":24.71572006839301,"rotx":-42.10773481571252},"righthand":{"posx":-0.9688209137937006,"posy":1.734858123208742,"posz":0.1713071805630489,"roty":24.71572006839301,"rotx":-42.10773481571252},"chest":{"posx":-0.38862988934876896,"posy":2.2585463881310326,"posz":0.06415485128232261,"roty":29.368221398229394,"rotx":8.397326129003305},"sack":{"posx":-0.40524691358024695,"posy":2.410491055392222,"posz":0.30535958334749,"roty":0,"rotx":-8.796296296296294}}}