# This file was generated by Animated Java via MC-Build. It is not recommended to edit this file directly.
$data merge entity $(bone_nose) {transformation: [-0.9457f,-0.1579f,0.284f,-0.6614f,-0.0572f,0.9412f,0.3329f,3.1399f,-0.3198f,0.2986f,-0.8992f,1.0076f,0f,0f,0f,1f],start_interpolation: 0,interpolation_duration: 1}
$data merge entity $(bone_glowing_eye) {transformation: [-0.9457f,-0.1579f,0.284f,-0.8002f,-0.0572f,0.9412f,0.3329f,3.1849f,-0.3198f,0.2986f,-0.8992f,1.0192f,0f,0f,0f,1f],start_interpolation: 0,interpolation_duration: 1}
$data merge entity $(bone_head) {transformation: [-0.9457f,-0.1579f,0.284f,-0.5887f,-0.0572f,0.9412f,0.3329f,3.086f,-0.3198f,0.2986f,-0.8992f,0.8024f,0f,0f,0f,1f],start_interpolation: 0,interpolation_duration: 1}
$data merge entity $(bone_leftthumb2) {transformation: [-0.6933f,-0.1562f,0.7035f,0.3943f,-0.5923f,-0.4325f,-0.6797f,2.9851f,0.4105f,-0.888f,0.2073f,2.942f,0f,0f,0f,1f],start_interpolation: 0,interpolation_duration: 1}
$data merge entity $(bone_leftthumb) {transformation: [-0.6933f,-0.1562f,0.7035f,0.4161f,-0.5923f,-0.4325f,-0.6797f,2.8209f,0.4105f,-0.888f,0.2073f,2.742f,0f,0f,0f,1f],start_interpolation: 0,interpolation_duration: 1}
$data merge entity $(bone_leftpointerfinger) {transformation: [-0.5981f,-0.3839f,0.7035f,0.5762f,-0.4087f,-0.609f,-0.6797f,2.9958f,0.6894f,-0.694f,0.2073f,2.9982f,0f,0f,0f,1f],start_interpolation: 0,interpolation_duration: 1}
$data merge entity $(bone_leftmidfinger) {transformation: [-0.6933f,-0.1562f,0.7035f,0.6861f,-0.5923f,-0.4325f,-0.6797f,2.8896f,0.4105f,-0.888f,0.2073f,3.0306f,0f,0f,0f,1f],start_interpolation: 0,interpolation_duration: 1}
$data merge entity $(bone_leftringfinger) {transformation: [-0.7003f,0.121f,0.7035f,0.7961f,-0.7128f,-0.1729f,-0.6797f,2.7833f,0.0394f,-0.9775f,0.2073f,3.063f,0f,0f,0f,1f],start_interpolation: 0,interpolation_duration: 1}
$data merge entity $(bone_invisibility) {transformation: [-0.0943f,-0.7145f,0.6933f,0.4071f,-0.4901f,0.6395f,0.5923f,2.8586f,-0.8665f,-0.2839f,-0.4105f,2.9715f,0f,0f,0f,1f],start_interpolation: 0,interpolation_duration: 1}
$data merge entity $(bone_swiftness) {transformation: [0.7035f,-0.1562f,0.6933f,0.5241f,-0.6797f,-0.4325f,0.5923f,2.7589f,0.2073f,-0.888f,-0.4105f,3.1521f,0f,0f,0f,1f],start_interpolation: 0,interpolation_duration: 1}
$data merge entity $(bone_suspicious_stew) {transformation: [0.1558f,-0.7036f,0.6933f,0.5464f,-0.6793f,0.4333f,0.5923f,2.7515f,-0.7172f,-0.5632f,-0.4105f,3.052f,0f,0f,0f,1f],start_interpolation: 0,interpolation_duration: 1}
$data merge entity $(bone_log) {transformation: [-0.6933f,-0.1562f,0.7035f,0.4948f,-0.5923f,-0.4325f,-0.6797f,2.61f,0.4105f,-0.888f,0.2073f,2.9893f,0f,0f,0f,1f],start_interpolation: 0,interpolation_duration: 1}
$data merge entity $(bone_planks) {transformation: [-0.6933f,-0.1562f,0.7035f,0.4298f,-0.5923f,-0.4325f,-0.6797f,2.5545f,0.4105f,-0.888f,0.2073f,3.0277f,0f,0f,0f,1f],start_interpolation: 0,interpolation_duration: 1}
$data merge entity $(bone_lefthand1) {transformation: [-0.6933f,-0.1562f,0.7035f,0.6071f,-0.5923f,-0.4325f,-0.6797f,2.6712f,0.4105f,-0.888f,0.2073f,2.6582f,0f,0f,0f,1f],start_interpolation: 0,interpolation_duration: 1}
$data merge entity $(bone_leftforearm) {transformation: [-0.7382f,0.017f,0.6744f,0.5547f,-0.6743f,0.0091f,-0.7384f,2.6277f,-0.0186f,-0.9998f,0.0047f,1.9417f,0f,0f,0f,1f],start_interpolation: 0,interpolation_duration: 1}
$data merge entity $(bone_leftelbow) {transformation: [-0.7382f,0.017f,0.6744f,0.5579f,-0.6743f,0.0091f,-0.7384f,2.6294f,-0.0186f,-0.9998f,0.0047f,1.7542f,0f,0f,0f,1f],start_interpolation: 0,interpolation_duration: 1}
$data merge entity $(bone_leftarm) {transformation: [-0.7913f,-0.3529f,0.4994f,0.1364f,-0.5709f,0.1341f,-0.81f,2.6349f,0.2189f,-0.926f,-0.3076f,1.3612f,0f,0f,0f,1f],start_interpolation: 0,interpolation_duration: 1}
$data merge entity $(bone_rightthumb2) {transformation: [-0.5268f,0.4705f,0.7079f,-1.5244f,0.5058f,0.8428f,-0.1837f,1.8148f,-0.6831f,0.2613f,-0.682f,-1.1569f,0f,0f,0f,1f],start_interpolation: 0,interpolation_duration: 1}
$data merge entity $(bone_rightthumb) {transformation: [-0.5268f,0.4705f,0.7079f,-1.3485f,0.5058f,0.8428f,-0.1837f,2.0058f,-0.6831f,0.2613f,-0.682f,-1.1511f,0f,0f,0f,1f],start_interpolation: 0,interpolation_duration: 1}
$data merge entity $(bone_rightpointerfinger) {transformation: [0.0281f,0.5715f,0.8202f,-1.5f,0.863f,0.4002f,-0.3084f,1.9261f,-0.5044f,0.7164f,-0.4819f,-1.4553f,0f,0f,0f,1f],start_interpolation: 0,interpolation_duration: 1}
$data merge entity $(bone_rightmidfinger) {transformation: [0.1025f,0.5629f,0.8202f,-1.3719f,0.9078f,0.2841f,-0.3084f,1.8779f,-0.4066f,0.7762f,-0.4819f,-1.5306f,0f,0f,0f,1f],start_interpolation: 0,interpolation_duration: 1}
$data merge entity $(bone_rightringfinger) {transformation: [0.1511f,0.5518f,0.8202f,-1.2437f,0.9291f,0.2039f,-0.3084f,1.8297f,-0.3374f,0.8086f,-0.4819f,-1.6059f,0f,0f,0f,1f],start_interpolation: 0,interpolation_duration: 1}
$data merge entity $(bone_hugeasssword) {transformation: [-0.0854f,2.2393f,3.2123f,-1.2628f,3.2306f,1.856f,-1.2079f,1.7599f,-2.2128f,2.6232f,-1.8875f,-1.2369f,0f,0f,0f,1f],start_interpolation: 0,interpolation_duration: 1}
$data merge entity $(bone_ice) {transformation: [-0.0218f,0.5717f,0.8202f,-1.2714f,0.8248f,0.4739f,-0.3084f,1.7396f,-0.565f,0.6698f,-0.4819f,-1.2386f,0f,0f,0f,1f],start_interpolation: 0,interpolation_duration: 1}
$data merge entity $(bone_righthand1) {transformation: [-0.0218f,0.5717f,0.8202f,-1.1083f,0.8248f,0.4739f,-0.3084f,2.0546f,-0.565f,0.6698f,-0.4819f,-1.2274f,0f,0f,0f,1f],start_interpolation: 0,interpolation_duration: 1}
$data merge entity $(bone_rightforearm) {transformation: [-0.3771f,0.2141f,0.9011f,-0.9482f,0.6687f,0.7361f,0.1049f,2.5288f,-0.6408f,0.6421f,-0.4208f,-0.7293f,0f,0f,0f,1f],start_interpolation: 0,interpolation_duration: 1}
$data merge entity $(bone_rightelbow) {transformation: [-0.3771f,0.2141f,0.9011f,-0.9081f,0.6687f,0.7361f,0.1049f,2.6668f,-0.6408f,0.6421f,-0.4208f,-0.6089f,0f,0f,0f,1f],start_interpolation: 0,interpolation_duration: 1}
$data merge entity $(bone_rightarm) {transformation: [-0.2478f,-0.1568f,0.956f,-1.0226f,0.7676f,0.5703f,0.2925f,2.748f,-0.5911f,0.8063f,-0.021f,-0.051f,0f,0f,0f,1f],start_interpolation: 0,interpolation_duration: 1}
$data merge entity $(bone_chest1) {transformation: [-0.7545f,-0.4879f,0.6052f,-0.2489f,0.1405f,0.7439f,0.7749f,2.6939f,-0.7646f,0.6182f,-0.4548f,0.3917f,0f,0f,0f,1f],start_interpolation: 0,interpolation_duration: 1}
$data merge entity $(bone_chest1lid) {transformation: [-0.6965f,-0.3882f,0.6035f,-0.3975f,0.1297f,0.7591f,0.6379f,1.989f,-0.7058f,0.5226f,-0.4784f,-0.075f,0f,0f,0f,1f],start_interpolation: 0,interpolation_duration: 1}
$data merge entity $(bone_chest2) {transformation: [-0.6965f,-0.4504f,0.5586f,-0.3271f,0.1297f,0.6866f,0.7153f,1.8817f,-0.7058f,0.5707f,-0.4198f,-0.1641f,0f,0f,0f,1f],start_interpolation: 0,interpolation_duration: 1}
$data merge entity $(bone_chest1lid3) {transformation: [-0.6965f,-0.4504f,0.5586f,0.0039f,0.1297f,0.6866f,0.7153f,2.4391f,-0.7058f,0.5707f,-0.4198f,-0.2998f,0f,0f,0f,1f],start_interpolation: 0,interpolation_duration: 1}
$data merge entity $(bone_chest3) {transformation: [-0.6965f,-0.4504f,0.5586f,0.0743f,0.1297f,0.6866f,0.7153f,2.3318f,-0.7058f,0.5707f,-0.4198f,-0.389f,0f,0f,0f,1f],start_interpolation: 0,interpolation_duration: 1}
$data merge entity $(bone_hugeasssword2) {transformation: [-2.188f,0.8194f,-3.1435f,-1.4816f,-2.8017f,1.4424f,2.326f,3.8399f,1.6443f,3.548f,-0.2196f,0.0731f,0f,0f,0f,1f],start_interpolation: 0,interpolation_duration: 1}
$data merge entity $(bone_belt) {transformation: [-0.6965f,-0.4504f,0.5586f,-0.1204f,0.1297f,0.6866f,0.7153f,2.3226f,-0.7058f,0.5707f,-0.4198f,0.242f,0f,0f,0f,1f],start_interpolation: 0,interpolation_duration: 1}
$data merge entity $(bone_torn_part) {transformation: [-0.6965f,-0.6997f,0.1591f,-0.0386f,0.1297f,0.0953f,0.987f,2.1132f,-0.7058f,0.708f,0.0244f,-0.0494f,0f,0f,0f,1f],start_interpolation: 0,interpolation_duration: 1}
$data merge entity $(bone_lowerbody) {transformation: [-0.6965f,-0.4338f,0.5716f,0.1608f,0.1297f,0.7074f,0.6948f,1.6574f,-0.7058f,0.5581f,-0.4364f,-0.1916f,0f,0f,0f,1f],start_interpolation: 0,interpolation_duration: 1}
$data merge entity $(bone_leftfoot) {transformation: [-0.9744f,-0.0635f,0.2155f,0.3202f,-0.0695f,0.9974f,-0.02f,0.1355f,-0.2137f,-0.0344f,-0.9763f,0.5256f,0f,0f,0f,1f],start_interpolation: 0,interpolation_duration: 1}
$data merge entity $(bone_leftlowerleg) {transformation: [-0.9744f,-0.0635f,0.2155f,0.2167f,-0.0695f,0.9974f,-0.0203f,1.2451f,-0.2137f,-0.0348f,-0.9763f,0.6371f,0f,0f,0f,1f],start_interpolation: 0,interpolation_duration: 1}
$data merge entity $(bone_leftleg) {transformation: [-0.9419f,0.3142f,0.1186f,0.4788f,0.0284f,0.4262f,-0.9042f,1.5842f,-0.3346f,-0.8483f,-0.4103f,-0.1141f,0f,0f,0f,1f],start_interpolation: 0,interpolation_duration: 1}
$data merge entity $(bone_rightfoot) {transformation: [-0.4764f,-0.0428f,0.8782f,-0.2937f,0.0998f,0.9897f,0.1024f,0.1984f,-0.8736f,0.1365f,-0.4672f,-0.2588f,0f,0f,0f,1f],start_interpolation: 0,interpolation_duration: 1}
$data merge entity $(bone_rightlowerleg) {transformation: [-0.4764f,-0.0773f,0.8759f,-0.514f,0.0998f,0.9849f,0.1412f,1.2694f,-0.8736f,0.1547f,-0.4615f,-0.0163f,0f,0f,0f,1f],start_interpolation: 0,interpolation_duration: 1}
$data merge entity $(bone_rightleg) {transformation: [-0.6051f,0.7216f,0.3365f,0.1344f,0.0728f,0.4709f,-0.8792f,1.7003f,-0.7928f,-0.5075f,-0.3374f,-0.4541f,0f,0f,0f,1f],start_interpolation: 0,interpolation_duration: 1}
$data merge entity $(bone_sack_top) {transformation: [-0.04f,0f,0f,-0.0709f,0f,0.1f,0f,-1.1879f,0f,0f,-0.04f,-0.0274f,0f,0f,0f,1f],start_interpolation: 0,interpolation_duration: 1}
$data merge entity $(bone_sack_main) {transformation: [-0.0583f,0f,0f,-0.0709f,0f,0.0583f,0f,-1.1879f,0f,0f,-0.0583f,-0.0274f,0f,0f,0f,1f],start_interpolation: 0,interpolation_duration: 1}
data modify entity @s data merge value {"cameras":{},"locators":{"lefthand":{"posx":0.5610373298713405,"posy":2.7099435596173396,"posz":3.016903810033704,"roty":106.42105416860514,"rotx":-42.824057540907596},"sword":{"posx":-4.319468528669215,"posy":2.95157275320845,"posz":0.4825844396219099,"roty":59.5620161986143,"rotx":-17.963212557379574},"righthand":{"posx":-1.295162058371471,"posy":1.8143245460173862,"posz":-1.294461744064915,"roty":59.5620161986143,"rotx":-17.963212557379574},"chest":{"posx":-0.4784162351746344,"posy":1.8383450910185928,"posz":-0.06708306977923452,"roty":53.07500754582877,"rotx":45.669748252228366},"sack":{"posx":-0.06461181640625,"posy":-1.15037841796875,"posz":-0.02740478515625001,"roty":0,"rotx":0}}}