# This file was generated by Animated Java via MC-Build. It is not recommended to edit this file directly.
$data merge entity $(bone_nose) {transformation: [-0.9423f,-0.1488f,0.2998f,0.0985f,0.0504f,0.8224f,0.5667f,3.671f,-0.3308f,0.5491f,-0.7675f,0.3081f,0f,0f,0f,1f],start_interpolation: 0,interpolation_duration: 1}
$data merge entity $(bone_glowing_eye) {transformation: [-0.9423f,-0.1488f,0.2998f,-0.0398f,0.0504f,0.8224f,0.5667f,3.7133f,-0.3308f,0.5491f,-0.7675f,0.3308f,0f,0f,0f,1f],start_interpolation: 0,interpolation_duration: 1}
$data merge entity $(bone_head) {transformation: [-0.9423f,-0.1488f,0.2998f,0.173f,0.0504f,0.8224f,0.5667f,3.6756f,-0.3308f,0.5491f,-0.7675f,0.0966f,0f,0f,0f,1f],start_interpolation: 0,interpolation_duration: 1}
$data merge entity $(bone_leftthumb2) {transformation: [-0.1253f,0.9195f,0.3726f,-0.395f,0.0486f,0.3808f,-0.9234f,2.4231f,-0.9909f,-0.0976f,-0.0923f,0.6882f,0f,0f,0f,1f],start_interpolation: 0,interpolation_duration: 1}
$data merge entity $(bone_leftthumb) {transformation: [-0.1253f,0.9195f,0.3726f,-0.1377f,0.0486f,0.3808f,-0.9234f,2.4376f,-0.9909f,-0.0976f,-0.0923f,0.6563f,0f,0f,0f,1f],start_interpolation: 0,interpolation_duration: 1}
$data merge entity $(bone_leftpointerfinger) {transformation: [-0.4322f,0.8212f,0.3726f,-0.4082f,-0.0846f,0.3744f,-0.9234f,2.264f,-0.8978f,-0.4306f,-0.0923f,0.7924f,0f,0f,0f,1f],start_interpolation: 0,interpolation_duration: 1}
$data merge entity $(bone_leftmidfinger) {transformation: [-0.1253f,0.9195f,0.3726f,-0.35f,0.0486f,0.3808f,-0.9234f,2.1198f,-0.9909f,-0.0976f,-0.0923f,0.778f,0f,0f,0f,1f],start_interpolation: 0,interpolation_duration: 1}
$data merge entity $(bone_leftringfinger) {transformation: [0.2361f,0.8974f,0.3726f,-0.2918f,0.1906f,0.3332f,-0.9234f,1.9755f,-0.9528f,0.2891f,-0.0923f,0.7636f,0f,0f,0f,1f],start_interpolation: 0,interpolation_duration: 1}
$data merge entity $(bone_invisibility) {transformation: [0.9485f,-0.291f,0.1253f,-0.3428f,0.2989f,0.9531f,-0.0486f,2.3437f,-0.1053f,0.0835f,0.9909f,0.5988f,0f,0f,0f,1f],start_interpolation: 0,interpolation_duration: 1}
$data merge entity $(bone_swiftness) {transformation: [0.3726f,0.9195f,0.1253f,-0.4039f,-0.9234f,0.3808f,-0.0486f,2.1215f,-0.0923f,-0.0976f,0.9909f,0.5431f,0f,0f,0f,1f],start_interpolation: 0,interpolation_duration: 1}
$data merge entity $(bone_suspicious_stew) {transformation: [0.9908f,0.0509f,0.1253f,-0.316f,-0.0451f,0.9978f,-0.0486f,2.1527f,-0.1275f,0.0425f,0.9909f,0.5861f,0f,0f,0f,1f],start_interpolation: 0,interpolation_duration: 1}
$data merge entity $(bone_log) {transformation: [-0.1253f,0.9195f,0.3726f,-0.1953f,0.0486f,0.3808f,-0.9234f,2.1615f,-0.9909f,-0.0976f,-0.0923f,0.4767f,0f,0f,0f,1f],start_interpolation: 0,interpolation_duration: 1}
$data merge entity $(bone_planks) {transformation: [-0.1253f,0.9195f,0.3726f,-0.2071f,0.0486f,0.3808f,-0.9234f,2.1661f,-0.9909f,-0.0976f,-0.0923f,0.3838f,0f,0f,0f,1f],start_interpolation: 0,interpolation_duration: 1}
$data merge entity $(bone_lefthand1) {transformation: [-0.1253f,0.9195f,0.3726f,0.0542f,0.0486f,0.3808f,-0.9234f,2.2735f,-0.9909f,-0.0976f,-0.0923f,0.7029f,0f,0f,0f,1f],start_interpolation: 0,interpolation_duration: 1}
$data merge entity $(bone_leftforearm) {transformation: [0.0251f,0.9229f,0.3843f,0.7136f,0.1504f,0.3766f,-0.9141f,2.561f,-0.9883f,0.0808f,-0.1293f,0.681f,0f,0f,0f,1f],start_interpolation: 0,interpolation_duration: 1}
$data merge entity $(bone_leftelbow) {transformation: [0.0251f,0.9229f,0.3843f,0.8866f,0.1504f,0.3766f,-0.9141f,2.6316f,-0.9883f,0.0808f,-0.1293f,0.6962f,0f,0f,0f,1f],start_interpolation: 0,interpolation_duration: 1}
$data merge entity $(bone_leftarm) {transformation: [-0.7456f,0.3166f,0.5864f,0.8119f,-0.0332f,0.8612f,-0.5072f,3.1134f,-0.6656f,-0.3976f,-0.6316f,0.3888f,0f,0f,0f,1f],start_interpolation: 0,interpolation_duration: 1}
$data merge entity $(bone_rightthumb2) {transformation: [-0.905f,-0.4244f,0.0289f,-0.9532f,-0.219f,0.4066f,-0.887f,2.0664f,0.3647f,-0.8091f,-0.4609f,0.6847f,0f,0f,0f,1f],start_interpolation: 0,interpolation_duration: 1}
$data merge entity $(bone_rightthumb) {transformation: [-0.905f,-0.4244f,0.0289f,-1.0548f,-0.219f,0.4066f,-0.887f,2.0903f,0.3647f,-0.8091f,-0.4609f,0.4469f,0f,0f,0f,1f],start_interpolation: 0,interpolation_duration: 1}
$data merge entity $(bone_rightpointerfinger) {transformation: [-0.946f,0.1909f,0.2622f,-1.1827f,-0.1025f,0.5911f,-0.8001f,1.8457f,-0.3077f,-0.7837f,-0.5396f,0.6605f,0f,0f,0f,1f],start_interpolation: 0,interpolation_duration: 1}
$data merge entity $(bone_rightmidfinger) {transformation: [-0.9129f,0.3127f,0.2622f,-1.1418f,-0.0244f,0.5994f,-0.8001f,1.7207f,-0.4073f,-0.7368f,-0.5396f,0.5762f,0f,0f,0f,1f],start_interpolation: 0,interpolation_duration: 1}
$data merge entity $(bone_rightringfinger) {transformation: [-0.8822f,0.3911f,0.2622f,-1.1008f,0.0279f,0.5992f,-0.8001f,1.5957f,-0.47f,-0.6985f,-0.5396f,0.4919f,0f,0f,0f,1f],start_interpolation: 0,interpolation_duration: 1}
$data merge entity $(bone_hugeasssword) {transformation: [-3.7561f,0.4219f,1.0268f,-0.8693f,-0.6015f,2.2712f,-3.1337f,1.8918f,-0.933f,-3.1629f,-2.1133f,0.4838f,0f,0f,0f,1f],start_interpolation: 0,interpolation_duration: 1}
$data merge entity $(bone_ice) {transformation: [-0.959f,0.1077f,0.2622f,-0.856f,-0.1536f,0.5799f,-0.8001f,1.8851f,-0.2382f,-0.8075f,-0.5396f,0.5002f,0f,0f,0f,1f],start_interpolation: 0,interpolation_duration: 1}
$data merge entity $(bone_righthand1) {transformation: [-0.959f,0.1077f,0.2622f,-1.0606f,-0.1536f,0.5799f,-0.8001f,1.9667f,-0.2382f,-0.8075f,-0.5396f,0.2219f,0f,0f,0f,1f],start_interpolation: 0,interpolation_duration: 1}
$data merge entity $(bone_rightforearm) {transformation: [-0.9918f,0.0849f,0.0955f,-0.9404f,0.0201f,0.8417f,-0.5396f,2.5657f,-0.1261f,-0.5332f,-0.8365f,-0.1321f,0f,0f,0f,1f],start_interpolation: 0,interpolation_duration: 1}
$data merge entity $(bone_rightelbow) {transformation: [-0.9918f,0.0849f,0.0955f,-0.9245f,0.0201f,0.8417f,-0.5396f,2.7235f,-0.1261f,-0.5332f,-0.8365f,-0.2321f,0f,0f,0f,1f],start_interpolation: 0,interpolation_duration: 1}
$data merge entity $(bone_rightarm) {transformation: [-0.956f,0.1496f,0.2522f,-0.6436f,0.0194f,0.8903f,-0.4549f,3.2211f,-0.2926f,-0.43f,-0.8541f,-0.3f,0f,0f,0f,1f],start_interpolation: 0,interpolation_duration: 1}
$data merge entity $(bone_chest1) {transformation: [-0.947f,0.0064f,0.5261f,0.2067f,0.1007f,1.0654f,0.1682f,3.0427f,-0.5164f,0.1959f,-0.9319f,-0.0935f,0f,0f,0f,1f],start_interpolation: 0,interpolation_duration: 1}
$data merge entity $(bone_chest1lid) {transformation: [-0.8741f,0.3035f,0.3792f,-0.2858f,0.0929f,0.8709f,-0.4827f,2.3415f,-0.4767f,-0.3867f,-0.7894f,-0.0432f,0f,0f,0f,1f],start_interpolation: 0,interpolation_duration: 1}
$data merge entity $(bone_chest2) {transformation: [-0.8741f,0.0059f,0.4856f,-0.2867f,0.0929f,0.9835f,0.1553f,2.1879f,-0.4767f,0.1809f,-0.8603f,-0.0715f,0f,0f,0f,1f],start_interpolation: 0,interpolation_duration: 1}
$data merge entity $(bone_chest1lid3) {transformation: [-0.8741f,0.0059f,0.4856f,0.0799f,0.0929f,0.9835f,0.1553f,2.4352f,-0.4767f,0.1809f,-0.8603f,-0.5645f,0f,0f,0f,1f],start_interpolation: 0,interpolation_duration: 1}
$data merge entity $(bone_chest3) {transformation: [-0.8741f,0.0059f,0.4856f,0.079f,0.0929f,0.9835f,0.1553f,2.2815f,-0.4767f,0.1809f,-0.8603f,-0.5928f,0f,0f,0f,1f],start_interpolation: 0,interpolation_duration: 1}
$data merge entity $(bone_hugeasssword2) {transformation: [-1.9021f,2.5399f,-2.2959f,-0.7347f,-0.6081f,2.334f,3.0859f,4.3395f,3.3693f,1.8551f,-0.7392f,-0.6989f,0f,0f,0f,1f],start_interpolation: 0,interpolation_duration: 1}
$data merge entity $(bone_belt) {transformation: [-0.8741f,0.0059f,0.4856f,0.1688f,0.0929f,0.9835f,0.1553f,2.6277f,-0.4767f,0.1809f,-0.8603f,-0.0376f,0f,0f,0f,1f],start_interpolation: 0,interpolation_duration: 1}
$data merge entity $(bone_torn_part) {transformation: [-0.8741f,-0.1841f,0.4495f,0.0435f,0.0929f,0.8449f,0.5267f,2.3823f,-0.4767f,0.5022f,-0.7215f,-0.1148f,0f,0f,0f,1f],start_interpolation: 0,interpolation_duration: 1}
$data merge entity $(bone_lowerbody) {transformation: [-0.8741f,0.1479f,0.4626f,-0.0084f,0.0929f,0.9858f,-0.1396f,1.9115f,-0.4767f,-0.079f,-0.8755f,0.0935f,0f,0f,0f,1f],start_interpolation: 0,interpolation_duration: 1}
$data merge entity $(bone_leftfoot) {transformation: [-0.9723f,-0.2319f,0.0294f,0.2425f,-0.2216f,0.9545f,0.1994f,0.1854f,-0.0743f,0.1874f,-0.9795f,0.6261f,0f,0f,0f,1f],start_interpolation: 0,interpolation_duration: 1}
$data merge entity $(bone_leftlowerleg) {transformation: [-0.9723f,-0.2312f,0.0343f,-0.0192f,-0.2216f,0.9585f,0.1792f,1.2212f,-0.0743f,0.1667f,-0.9832f,0.9621f,0f,0f,0f,1f],start_interpolation: 0,interpolation_duration: 1}
$data merge entity $(bone_leftleg) {transformation: [-0.9799f,0.0728f,0.1857f,0.0358f,-0.0979f,0.6356f,-0.7658f,1.7441f,-0.1738f,-0.7686f,-0.6157f,0.2753f,0f,0f,0f,1f],start_interpolation: 0,interpolation_duration: 1}
$data merge entity $(bone_rightfoot) {transformation: [-0.501f,0.0411f,0.8645f,-0.2668f,0.1742f,0.9832f,0.0542f,0.1514f,-0.8477f,0.1777f,-0.4998f,-0.3026f,0f,0f,0f,1f],start_interpolation: 0,interpolation_duration: 1}
$data merge entity $(bone_rightlowerleg) {transformation: [-0.501f,-0.2749f,0.8206f,-0.6978f,0.1742f,0.8968f,0.4067f,1.0838f,-0.8477f,0.3467f,-0.4014f,0.1438f,0f,0f,0f,1f],start_interpolation: 0,interpolation_duration: 1}
$data merge entity $(bone_rightleg) {transformation: [-0.605f,0.4364f,0.6659f,-0.3083f,0.0728f,0.8632f,-0.4996f,1.8601f,-0.7929f,-0.2538f,-0.554f,-0.0648f,0f,0f,0f,1f],start_interpolation: 0,interpolation_duration: 1}
$data merge entity $(bone_sack_top) {transformation: [-0.1691f,-0.0007f,-0.0003f,-0.5075f,-0.0002f,0.4169f,-0.0351f,2.183f,0.0004f,-0.0885f,-0.1655f,0.7572f,0f,0f,0f,1f],start_interpolation: 0,interpolation_duration: 1}
$data merge entity $(bone_sack_main) {transformation: [-0.2486f,-0.0004f,-0.0005f,-0.5075f,-0.0003f,0.2432f,-0.0517f,2.183f,0.0006f,-0.0517f,-0.2432f,0.7572f,0f,0f,0f,1f],start_interpolation: 0,interpolation_duration: 1}
data modify entity @s data merge value {"cameras":{},"locators":{"lefthand":{"posx":-0.261258165761865,"posy":2.14166656419758,"posz":0.5786292278439594,"roty":76.07996940181533,"rotx":-67.42621305163762},"sword":{"posx":-1.9183623867444055,"posy":4.824514369313597,"posz":2.4885536343554717,"roty":25.913779760229858,"rotx":-53.13851998603277},"righthand":{"posx":-0.9516492075325531,"posy":1.8741893508477325,"posz":0.498904377689234,"roty":25.913779760229858,"rotx":-53.13851998603277},"chest":{"posx":-0.3893891673791065,"posy":2.258718185110918,"posz":0.06499660662910083,"roty":29.446436894021844,"rotx":8.932280405897497},"sack":{"posx":-0.48116036883366653,"posy":2.339405971325842,"posz":0.7239581849230978,"roty":359.88758252970956,"rotx":-11.990233534273283}}}