# This file was generated by Animated Java via MC-Build. It is not recommended to edit this file directly.
$data merge entity $(bone_nose) {transformation: [-0.9635f,-0.1259f,0.2362f,0.0932f,0.0218f,0.8426f,0.538f,3.692f,-0.2667f,0.5235f,-0.8092f,0.3554f,0f,0f,0f,1f],start_interpolation: 0,interpolation_duration: 1}
$data merge entity $(bone_glowing_eye) {transformation: [-0.9635f,-0.1259f,0.2362f,-0.044f,0.0218f,0.8426f,0.538f,3.733f,-0.2667f,0.5235f,-0.8092f,0.3857f,0f,0f,0f,1f],start_interpolation: 0,interpolation_duration: 1}
$data merge entity $(bone_head) {transformation: [-0.9635f,-0.1259f,0.2362f,0.153f,0.0218f,0.8426f,0.538f,3.6887f,-0.2667f,0.5235f,-0.8092f,0.1392f,0f,0f,0f,1f],start_interpolation: 0,interpolation_duration: 1}
$data merge entity $(bone_leftthumb2) {transformation: [-0.6979f,0.6143f,0.3683f,-0.1066f,-0.1562f,0.3713f,-0.9153f,2.4038f,-0.699f,-0.6963f,-0.1631f,1.5247f,0f,0f,0f,1f],start_interpolation: 0,interpolation_duration: 1}
$data merge entity $(bone_leftthumb) {transformation: [-0.6979f,0.6143f,0.3683f,0.0755f,-0.1562f,0.3713f,-0.9153f,2.4166f,-0.699f,-0.6963f,-0.1631f,1.34f,0f,0f,0f,1f],start_interpolation: 0,interpolation_duration: 1}
$data merge entity $(bone_leftpointerfinger) {transformation: [-0.8659f,0.3385f,0.3683f,-0.0325f,-0.2738f,0.2955f,-0.9153f,2.269f,-0.4187f,-0.8934f,-0.1631f,1.6373f,0f,0f,0f,1f],start_interpolation: 0,interpolation_duration: 1}
$data merge entity $(bone_leftmidfinger) {transformation: [-0.6979f,0.6143f,0.3683f,0.0251f,-0.1562f,0.3713f,-0.9153f,2.126f,-0.699f,-0.6963f,-0.1631f,1.6118f,0f,0f,0f,1f],start_interpolation: 0,interpolation_duration: 1}
$data merge entity $(bone_leftringfinger) {transformation: [-0.4097f,0.8346f,0.3683f,0.0826f,-0.0023f,0.4028f,-0.9153f,1.983f,-0.9122f,-0.3758f,-0.1631f,1.5863f,0f,0f,0f,1f],start_interpolation: 0,interpolation_duration: 1}
$data merge entity $(bone_invisibility) {transformation: [0.644f,-0.3134f,0.6979f,-0.1076f,0.2901f,0.9442f,0.1562f,2.3089f,-0.7079f,0.1018f,0.699f,1.4352f,0f,0f,0f,1f],start_interpolation: 0,interpolation_duration: 1}
$data merge entity $(bone_swiftness) {transformation: [0.3683f,0.6143f,0.6979f,-0.1581f,-0.9153f,0.3713f,0.1562f,2.0789f,-0.1631f,-0.6963f,0.699f,1.4625f,0f,0f,0f,1f],start_interpolation: 0,interpolation_duration: 1}
$data merge entity $(bone_suspicious_stew) {transformation: [0.7124f,-0.0742f,0.6979f,-0.0674f,-0.0503f,0.9864f,0.1562f,2.1199f,-0.7f,-0.1464f,0.699f,1.4372f,0f,0f,0f,1f],start_interpolation: 0,interpolation_duration: 1}
$data merge entity $(bone_log) {transformation: [-0.6979f,0.6143f,0.3683f,-0.0387f,-0.1562f,0.3713f,-0.9153f,2.1087f,-0.699f,-0.6963f,-0.1631f,1.277f,0f,0f,0f,1f],start_interpolation: 0,interpolation_duration: 1}
$data merge entity $(bone_planks) {transformation: [-0.6979f,0.6143f,0.3683f,-0.1042f,-0.1562f,0.3713f,-0.9153f,2.0941f,-0.699f,-0.6963f,-0.1631f,1.2115f,0f,0f,0f,1f],start_interpolation: 0,interpolation_duration: 1}
$data merge entity $(bone_lefthand1) {transformation: [-0.6979f,0.6143f,0.3683f,0.2778f,-0.1562f,0.3713f,-0.9153f,2.2692f,-0.699f,-0.6963f,-0.1631f,1.2828f,0f,0f,0f,1f],start_interpolation: 0,interpolation_duration: 1}
$data merge entity $(bone_leftforearm) {transformation: [-0.5918f,0.7241f,0.3541f,0.745f,-0.053f,0.4034f,-0.9135f,2.5594f,-0.8043f,-0.5594f,-0.2004f,0.8186f,0f,0f,0f,1f],start_interpolation: 0,interpolation_duration: 1}
$data merge entity $(bone_leftelbow) {transformation: [-0.5918f,0.7241f,0.3541f,0.8808f,-0.053f,0.4034f,-0.9135f,2.6351f,-0.8043f,-0.5594f,-0.2004f,0.7138f,0f,0f,0f,1f],start_interpolation: 0,interpolation_duration: 1}
$data merge entity $(bone_leftarm) {transformation: [-0.7389f,0.295f,0.6058f,0.7947f,-0.0268f,0.8855f,-0.4639f,3.1268f,-0.6733f,-0.359f,-0.6464f,0.4258f,0f,0f,0f,1f],start_interpolation: 0,interpolation_duration: 1}
$data merge entity $(bone_rightthumb2) {transformation: [-0.6907f,-0.5957f,-0.41f,-0.8443f,0.4176f,0.1343f,-0.8987f,2.9166f,0.5904f,-0.7919f,0.156f,1.2002f,0f,0f,0f,1f],start_interpolation: 0,interpolation_duration: 1}
$data merge entity $(bone_rightthumb) {transformation: [-0.6907f,-0.5957f,-0.41f,-1.0255f,0.4176f,0.1343f,-0.8987f,2.8728f,0.5904f,-0.7919f,0.156f,1.0194f,0f,0f,0f,1f],start_interpolation: 0,interpolation_duration: 1}
$data merge entity $(bone_rightpointerfinger) {transformation: [-0.9761f,-0.0018f,-0.2173f,-1.1135f,0.2173f,0.0026f,-0.9761f,2.8436f,0.0024f,-1f,-0.0022f,1.3559f,0f,0f,0f,1f],start_interpolation: 0,interpolation_duration: 1}
$data merge entity $(bone_rightmidfinger) {transformation: [-0.968f,0.1256f,-0.2173f,-1.1474f,0.2157f,-0.0258f,-0.9761f,2.6911f,-0.1282f,-0.9917f,-0.0022f,1.3555f,0f,0f,0f,1f],start_interpolation: 0,interpolation_duration: 1}
$data merge entity $(bone_rightringfinger) {transformation: [-0.9534f,0.2095f,-0.2173f,-1.1814f,0.2127f,-0.0445f,-0.9761f,2.5386f,-0.2141f,-0.9768f,-0.0022f,1.3552f,0f,0f,0f,1f],start_interpolation: 0,interpolation_duration: 1}
$data merge entity $(bone_hugeasssword) {transformation: [-3.8079f,-0.3404f,-0.8509f,-0.9034f,0.8468f,0.0844f,-3.8231f,2.6533f,0.3506f,-3.9009f,-0.0085f,1.1295f,0f,0f,0f,1f],start_interpolation: 0,interpolation_duration: 1}
$data merge entity $(bone_ice) {transformation: [-0.9722f,-0.0869f,-0.2173f,-0.8869f,0.2162f,0.0215f,-0.9761f,2.6496f,0.0895f,-0.996f,-0.0022f,1.1436f,0f,0f,0f,1f],start_interpolation: 0,interpolation_duration: 1}
$data merge entity $(bone_righthand1) {transformation: [-0.9722f,-0.0869f,-0.2173f,-1.1584f,0.2162f,0.0215f,-0.9761f,2.6785f,0.0895f,-0.996f,-0.0022f,0.9169f,0f,0f,0f,1f],start_interpolation: 0,interpolation_duration: 1}
$data merge entity $(bone_rightforearm) {transformation: [-0.9063f,0.0796f,-0.415f,-1.0393f,0.4146f,0.3567f,-0.8372f,2.9165f,0.0814f,-0.9308f,-0.3563f,0.2629f,0f,0f,0f,1f],start_interpolation: 0,interpolation_duration: 1}
$data merge entity $(bone_rightelbow) {transformation: [-0.9063f,0.0796f,-0.415f,-1.0244f,0.4146f,0.3567f,-0.8372f,2.9834f,0.0814f,-0.9308f,-0.3563f,0.0884f,0f,0f,0f,1f],start_interpolation: 0,interpolation_duration: 1}
$data merge entity $(bone_rightarm) {transformation: [-0.9399f,0.2338f,-0.249f,-0.6552f,0.3353f,0.4916f,-0.8037f,3.2344f,-0.0654f,-0.8388f,-0.5404f,-0.2746f,0f,0f,0f,1f],start_interpolation: 0,interpolation_duration: 1}
$data merge entity $(bone_chest1) {transformation: [-0.9431f,-0.0062f,0.5331f,0.1949f,0.102f,1.0611f,0.1928f,3.0602f,-0.5233f,0.218f,-0.9232f,-0.0637f,0f,0f,0f,1f],start_interpolation: 0,interpolation_duration: 1}
$data merge entity $(bone_chest1lid) {transformation: [-0.8705f,0.0206f,0.4917f,-0.291f,0.0942f,0.9876f,0.1254f,2.3533f,-0.483f,0.1555f,-0.8617f,-0.0327f,0f,0f,0f,1f],start_interpolation: 0,interpolation_duration: 1}
$data merge entity $(bone_chest2) {transformation: [-0.8705f,-0.0057f,0.4921f,-0.2901f,0.0942f,0.9795f,0.178f,2.2002f,-0.483f,0.2013f,-0.8522f,-0.0641f,0f,0f,0f,1f],start_interpolation: 0,interpolation_duration: 1}
$data merge entity $(bone_chest1lid3) {transformation: [-0.8705f,-0.0057f,0.4921f,0.0787f,0.0942f,0.9795f,0.178f,2.4614f,-0.483f,0.2013f,-0.8522f,-0.5484f,0f,0f,0f,1f],start_interpolation: 0,interpolation_duration: 1}
$data merge entity $(bone_chest3) {transformation: [-0.8705f,-0.0057f,0.4921f,0.0796f,0.0942f,0.9795f,0.178f,2.3084f,-0.483f,0.2013f,-0.8522f,-0.5799f,0f,0f,0f,1f],start_interpolation: 0,interpolation_duration: 1}
$data merge entity $(bone_hugeasssword2) {transformation: [-1.9273f,2.4987f,-2.32f,-0.7539f,-0.6971f,2.32f,3.0777f,4.3599f,3.3376f,1.9274f,-0.6969f,-0.651f,0f,0f,0f,1f],start_interpolation: 0,interpolation_duration: 1}
$data merge entity $(bone_belt) {transformation: [-0.8705f,-0.0057f,0.4921f,0.1607f,0.0942f,0.9795f,0.178f,2.6438f,-0.483f,0.2013f,-0.8522f,-0.0168f,0f,0f,0f,1f],start_interpolation: 0,interpolation_duration: 1}
$data merge entity $(bone_torn_part) {transformation: [-0.8705f,-0.2008f,0.4493f,0.0391f,0.0942f,0.8281f,0.5526f,2.398f,-0.483f,0.5234f,-0.702f,-0.1012f,0f,0f,0f,1f],start_interpolation: 0,interpolation_duration: 1}
$data merge entity $(bone_lowerbody) {transformation: [-0.8705f,0.1349f,0.4732f,-0.0084f,0.0942f,0.9896f,-0.109f,1.921f,-0.483f,-0.0503f,-0.8742f,0.0935f,0f,0f,0f,1f],start_interpolation: 0,interpolation_duration: 1}
$data merge entity $(bone_leftfoot) {transformation: [-0.9727f,-0.2301f,0.0284f,0.241f,-0.2197f,0.954f,0.2042f,0.1902f,-0.0741f,0.1924f,-0.9785f,0.6209f,0f,0f,0f,1f],start_interpolation: 0,interpolation_duration: 1}
$data merge entity $(bone_leftlowerleg) {transformation: [-0.9727f,-0.2293f,0.0341f,-0.0187f,-0.2197f,0.9587f,0.1806f,1.226f,-0.0741f,0.1682f,-0.983f,0.9585f,0f,0f,0f,1f],start_interpolation: 0,interpolation_duration: 1}
$data merge entity $(bone_leftleg) {transformation: [-0.9804f,0.0723f,0.1835f,0.0358f,-0.0953f,0.6409f,-0.7617f,1.7536f,-0.1726f,-0.7642f,-0.6214f,0.2753f,0f,0f,0f,1f],start_interpolation: 0,interpolation_duration: 1}
$data merge entity $(bone_rightfoot) {transformation: [-0.5002f,0.0446f,0.8647f,-0.2672f,0.1744f,0.9834f,0.0502f,0.1531f,-0.8481f,0.1759f,-0.4997f,-0.3041f,0f,0f,0f,1f],start_interpolation: 0,interpolation_duration: 1}
$data merge entity $(bone_rightlowerleg) {transformation: [-0.5002f,-0.2694f,0.8229f,-0.6925f,0.1744f,0.8995f,0.4005f,1.0895f,-0.8481f,0.3439f,-0.403f,0.1394f,0f,0f,0f,1f],start_interpolation: 0,interpolation_duration: 1}
$data merge entity $(bone_rightleg) {transformation: [-0.605f,0.4306f,0.6697f,-0.3083f,0.0727f,0.8675f,-0.492f,1.8696f,-0.7929f,-0.249f,-0.5562f,-0.0648f,0f,0f,0f,1f],start_interpolation: 0,interpolation_duration: 1}
$data merge entity $(bone_sack_top) {transformation: [-0.2972f,-0.0147f,-0.0112f,-0.3119f,-0.0063f,0.7883f,0.019f,2.0407f,0.0109f,0.051f,-0.2966f,1.4641f,0f,0f,0f,1f],start_interpolation: 0,interpolation_duration: 1}
$data merge entity $(bone_sack_main) {transformation: [-0.4605f,-0.0086f,-0.0174f,-0.3119f,-0.0097f,0.4599f,0.0294f,2.0407f,0.0168f,0.0298f,-0.4596f,1.4641f,0f,0f,0f,1f],start_interpolation: 0,interpolation_duration: 1}
data modify entity @s data merge value {"cameras":{},"locators":{"lefthand":{"posx":-0.027063088265163737,"posy":2.108676243522096,"posz":1.3994895564433307,"roty":66.10932461185394,"rotx":-66.2452898316427},"sword":{"posx":-0.17212179841889963,"posy":6.284182482543848,"posz":1.1755788875455186,"roty":270.5697861930055,"rotx":-77.45129534260735},"righthand":{"posx":-0.9732632513056938,"posy":2.6847707050282534,"posz":1.1676115574740482,"roty":270.5697861930055,"rotx":-77.45129534260735},"chest":{"posx":-0.3946995716441898,"posy":2.267206683781874,"posz":0.07278172515649776,"roty":30.004174615235655,"rotx":10.252073250024392},"sack":{"posx":-0.2681151395376235,"posy":2.337346717166829,"posz":1.4814037795242367,"roty":357.83050548743574,"rotx":3.6589171004632712}}}