# This file was generated by Animated Java via MC-Build. It is not recommended to edit this file directly.
$data merge entity $(bone_nose) {transformation: [-0.9496f,-0.1352f,0.2829f,-0.5487f,-0.0239f,0.9308f,0.3646f,3.2527f,-0.3127f,0.3395f,-0.8871f,0.9766f,0f,0f,0f,1f],start_interpolation: 0,interpolation_duration: 1}
$data merge entity $(bone_glowing_eye) {transformation: [-0.9496f,-0.1352f,0.2829f,-0.6864f,-0.0239f,0.9308f,0.3646f,3.3f,-0.3127f,0.3395f,-0.8871f,0.9915f,0f,0f,0f,1f],start_interpolation: 0,interpolation_duration: 1}
$data merge entity $(bone_head) {transformation: [-0.9496f,-0.1352f,0.2829f,-0.479f,-0.0239f,0.9308f,0.3646f,3.206f,-0.3127f,0.3395f,-0.8871f,0.7686f,0f,0f,0f,1f],start_interpolation: 0,interpolation_duration: 1}
$data merge entity $(bone_leftthumb2) {transformation: [-0.8158f,-0.085f,0.5721f,0.3788f,-0.5401f,-0.2418f,-0.8061f,2.8256f,0.2068f,-0.9666f,0.1514f,2.8934f,0f,0f,0f,1f],start_interpolation: 0,interpolation_duration: 1}
$data merge entity $(bone_leftthumb) {transformation: [-0.8158f,-0.085f,0.5721f,0.4068f,-0.5401f,-0.2418f,-0.8061f,2.6974f,0.2068f,-0.9666f,0.1514f,2.6693f,0f,0f,0f,1f],start_interpolation: 0,interpolation_duration: 1}
$data merge entity $(bone_leftpointerfinger) {transformation: [-0.7375f,-0.3589f,0.5721f,0.5507f,-0.4248f,-0.4119f,-0.8061f,2.798f,0.5249f,-0.8376f,0.1514f,2.9709f,0f,0f,0f,1f],start_interpolation: 0,interpolation_duration: 1}
$data merge entity $(bone_leftmidfinger) {transformation: [-0.8158f,-0.085f,0.5721f,0.6401f,-0.5401f,-0.2418f,-0.8061f,2.6721f,0.2068f,-0.9666f,0.1514f,2.9946f,0f,0f,0f,1f],start_interpolation: 0,interpolation_duration: 1}
$data merge entity $(bone_leftringfinger) {transformation: [-0.7862f,0.2337f,0.5721f,0.7295f,-0.5915f,-0.0167f,-0.8061f,2.5461f,-0.1788f,-0.9722f,0.1514f,3.0182f,0f,0f,0f,1f],start_interpolation: 0,interpolation_duration: 1}
$data merge entity $(bone_invisibility) {transformation: [-0.0348f,-0.5773f,0.8158f,0.3706f,-0.3112f,0.782f,0.5401f,2.6955f,-0.9497f,-0.2351f,-0.2068f,2.8993f,0f,0f,0f,1f],start_interpolation: 0,interpolation_duration: 1}
$data merge entity $(bone_swiftness) {transformation: [0.5721f,-0.085f,0.8158f,0.4469f,-0.8061f,-0.2418f,0.5401f,2.549f,0.1514f,-0.9666f,-0.2068f,3.0693f,0f,0f,0f,1f],start_interpolation: 0,interpolation_duration: 1}
$data merge entity $(bone_suspicious_stew) {transformation: [0.1648f,-0.5544f,0.8158f,0.4819f,-0.5598f,0.6284f,0.5401f,2.5557f,-0.8121f,-0.5457f,-0.2068f,2.9729f,0f,0f,0f,1f],start_interpolation: 0,interpolation_duration: 1}
$data merge entity $(bone_log) {transformation: [-0.8158f,-0.085f,0.5721f,0.4216f,-0.5401f,-0.2418f,-0.8061f,2.437f,0.2068f,-0.9666f,0.1514f,2.8786f,0f,0f,0f,1f],start_interpolation: 0,interpolation_duration: 1}
$data merge entity $(bone_planks) {transformation: [-0.8158f,-0.085f,0.5721f,0.3451f,-0.5401f,-0.2418f,-0.8061f,2.3864f,0.2068f,-0.9666f,0.1514f,2.898f,0f,0f,0f,1f],start_interpolation: 0,interpolation_duration: 1}
$data merge entity $(bone_lefthand1) {transformation: [-0.8158f,-0.085f,0.5721f,0.5864f,-0.5401f,-0.2418f,-0.8061f,2.5368f,0.2068f,-0.9666f,0.1514f,2.5805f,0f,0f,0f,1f],start_interpolation: 0,interpolation_duration: 1}
$data merge entity $(bone_leftforearm) {transformation: [-0.8136f,0.1464f,0.5627f,0.6211f,-0.5454f,0.1434f,-0.8258f,2.6004f,-0.2016f,-0.9788f,-0.0368f,1.8645f,0f,0f,0f,1f],start_interpolation: 0,interpolation_duration: 1}
$data merge entity $(bone_leftelbow) {transformation: [-0.8136f,0.1464f,0.5627f,0.6486f,-0.5454f,0.1434f,-0.8258f,2.6273f,-0.2016f,-0.9788f,-0.0368f,1.681f,0f,0f,0f,1f],start_interpolation: 0,interpolation_duration: 1}
$data merge entity $(bone_leftarm) {transformation: [-0.8853f,-0.2974f,0.3575f,0.2459f,-0.4398f,0.2854f,-0.8516f,2.7465f,0.1512f,-0.9111f,-0.3834f,1.2862f,0f,0f,0f,1f],start_interpolation: 0,interpolation_duration: 1}
$data merge entity $(bone_rightthumb2) {transformation: [-0.5972f,0.4426f,0.669f,-1.5031f,0.4204f,0.883f,-0.2089f,1.831f,-0.6831f,0.1565f,-0.7134f,-1.0594f,0f,0f,0f,1f],start_interpolation: 0,interpolation_duration: 1}
$data merge entity $(bone_rightthumb) {transformation: [-0.5972f,0.4426f,0.669f,-1.3374f,0.4204f,0.883f,-0.2089f,2.0297f,-0.6831f,0.1565f,-0.7134f,-1.082f,0f,0f,0f,1f],start_interpolation: 0,interpolation_duration: 1}
$data merge entity $(bone_rightpointerfinger) {transformation: [-0.0508f,0.5969f,0.8007f,-1.5048f,0.8168f,0.4862f,-0.3106f,1.9172f,-0.5747f,0.6382f,-0.5122f,-1.3669f,0f,0f,0f,1f],start_interpolation: 0,interpolation_duration: 1}
$data merge entity $(bone_rightmidfinger) {transformation: [0.0275f,0.5984f,0.8007f,-1.3797f,0.8733f,0.3754f,-0.3106f,1.8687f,-0.4865f,0.7078f,-0.5122f,-1.447f,0f,0f,0f,1f],start_interpolation: 0,interpolation_duration: 1}
$data merge entity $(bone_rightringfinger) {transformation: [0.0796f,0.5937f,0.8007f,-1.2546f,0.9027f,0.2979f,-0.3106f,1.8201f,-0.4229f,0.7475f,-0.5122f,-1.527f,0f,0f,0f,1f],start_interpolation: 0,interpolation_duration: 1}
$data merge entity $(bone_hugeasssword) {transformation: [-0.4021f,2.3115f,3.1361f,-1.245f,3.021f,2.1758f,-1.2164f,1.7815f,-2.4601f,2.2941f,-2.0063f,-1.1531f,0f,0f,0f,1f],start_interpolation: 0,interpolation_duration: 1}
$data merge entity $(bone_ice) {transformation: [-0.1027f,0.5902f,0.8007f,-1.2527f,0.7713f,0.5555f,-0.3106f,1.7608f,-0.6281f,0.5857f,-0.5122f,-1.1525f,0f,0f,0f,1f],start_interpolation: 0,interpolation_duration: 1}
$data merge entity $(bone_righthand1) {transformation: [-0.1027f,0.5902f,0.8007f,-1.1057f,0.7713f,0.5555f,-0.3106f,2.0828f,-0.6281f,0.5857f,-0.5122f,-1.1791f,0f,0f,0f,1f],start_interpolation: 0,interpolation_duration: 1}
$data merge entity $(bone_rightforearm) {transformation: [-0.4316f,0.2292f,0.8724f,-0.9312f,0.6238f,0.7745f,0.1052f,2.5867f,-0.6516f,0.5896f,-0.4773f,-0.7163f,0f,0f,0f,1f],start_interpolation: 0,interpolation_duration: 1}
$data merge entity $(bone_rightelbow) {transformation: [-0.4316f,0.2292f,0.8724f,-0.8883f,0.6238f,0.7745f,0.1052f,2.7319f,-0.6516f,0.5896f,-0.4773f,-0.6058f,0f,0f,0f,1f],start_interpolation: 0,interpolation_duration: 1}
$data merge entity $(bone_rightarm) {transformation: [-0.3007f,-0.1088f,0.9475f,-0.9647f,0.7271f,0.6167f,0.3016f,2.8458f,-0.6172f,0.7796f,-0.1063f,-0.047f,0f,0f,0f,1f],start_interpolation: 0,interpolation_duration: 1}
$data merge entity $(bone_chest1) {transformation: [-0.7789f,-0.425f,0.6215f,-0.1762f,0.1377f,0.7987f,0.7188f,2.7764f,-0.7402f,0.5958f,-0.5203f,0.3666f,0f,0f,0f,1f],start_interpolation: 0,interpolation_duration: 1}
$data merge entity $(bone_chest1lid) {transformation: [-0.719f,-0.2647f,0.6426f,-0.3781f,0.1271f,0.8589f,0.4961f,2.0562f,-0.6833f,0.4384f,-0.5839f,-0.0546f,0f,0f,0f,1f],start_interpolation: 0,interpolation_duration: 1}
$data merge entity $(bone_chest2) {transformation: [-0.719f,-0.3923f,0.5737f,-0.3168f,0.1271f,0.7373f,0.6635f,1.941f,-0.6833f,0.55f,-0.4803f,-0.1405f,0f,0f,0f,1f],start_interpolation: 0,interpolation_duration: 1}
$data merge entity $(bone_chest1lid3) {transformation: [-0.719f,-0.3923f,0.5737f,0.0343f,0.1271f,0.7373f,0.6635f,2.4734f,-0.6833f,0.55f,-0.4803f,-0.3196f,0f,0f,0f,1f],start_interpolation: 0,interpolation_duration: 1}
$data merge entity $(bone_chest3) {transformation: [-0.719f,-0.3923f,0.5737f,0.0956f,0.1271f,0.7373f,0.6635f,2.3582f,-0.6833f,0.55f,-0.4803f,-0.4055f,0f,0f,0f,1f],start_interpolation: 0,interpolation_duration: 1}
$data merge entity $(bone_hugeasssword2) {transformation: [-2.2469f,1.0383f,-3.0354f,-1.3653f,-2.5987f,1.5838f,2.4655f,3.9643f,1.881f,3.4284f,-0.2197f,0.0357f,0f,0f,0f,1f],start_interpolation: 0,interpolation_duration: 1}
$data merge entity $(bone_belt) {transformation: [-0.719f,-0.3923f,0.5737f,-0.072f,0.1271f,0.7373f,0.6635f,2.3918f,-0.6833f,0.55f,-0.4803f,0.2323f,0f,0f,0f,1f],start_interpolation: 0,interpolation_duration: 1}
$data merge entity $(bone_torn_part) {transformation: [-0.719f,-0.6575f,0.225f,-0.021f,0.1271f,0.1939f,0.9727f,2.1657f,-0.6833f,0.728f,-0.0558f,-0.0417f,0f,0f,0f,1f],start_interpolation: 0,interpolation_duration: 1}
$data merge entity $(bone_lowerbody) {transformation: [-0.719f,-0.359f,0.5951f,0.1408f,0.1271f,0.7738f,0.6205f,1.6882f,-0.6833f,0.5218f,-0.5107f,-0.158f,0f,0f,0f,1f],start_interpolation: 0,interpolation_duration: 1}
$data merge entity $(bone_leftfoot) {transformation: [-0.9762f,-0.0867f,0.1989f,0.3117f,-0.0873f,0.9962f,0.0057f,0.1383f,-0.1987f,-0.0117f,-0.98f,0.5432f,0f,0f,0f,1f],start_interpolation: 0,interpolation_duration: 1}
$data merge entity $(bone_leftlowerleg) {transformation: [-0.9762f,-0.0865f,0.199f,0.1852f,-0.0873f,0.9962f,0.0048f,1.2427f,-0.1987f,-0.0127f,-0.98f,0.6797f,0f,0f,0f,1f],start_interpolation: 0,interpolation_duration: 1}
$data merge entity $(bone_leftleg) {transformation: [-0.948f,0.2897f,0.1319f,0.4265f,0.0139f,0.4515f,-0.8922f,1.6038f,-0.318f,-0.8439f,-0.4321f,-0.0681f,0f,0f,0f,1f],start_interpolation: 0,interpolation_duration: 1}
$data merge entity $(bone_rightfoot) {transformation: [-0.4775f,-0.0339f,0.878f,-0.3014f,0.1087f,0.9893f,0.0973f,0.1838f,-0.8719f,0.1419f,-0.4687f,-0.256f,0f,0f,0f,1f],start_interpolation: 0,interpolation_duration: 1}
$data merge entity $(bone_rightlowerleg) {transformation: [-0.4775f,-0.1003f,0.8729f,-0.5468f,0.1087f,0.9791f,0.172f,1.2435f,-0.8719f,0.177f,-0.4566f,0.0106f,0f,0f,0f,1f],start_interpolation: 0,interpolation_duration: 1}
$data merge entity $(bone_rightleg) {transformation: [-0.6051f,0.7003f,0.3787f,0.0821f,0.0728f,0.5223f,-0.8496f,1.7199f,-0.7928f,-0.4865f,-0.367f,-0.4081f,0f,0f,0f,1f],start_interpolation: 0,interpolation_duration: 1}
$data merge entity $(bone_sack_top) {transformation: [-0.04f,0f,0f,-0.0772f,0f,0.1f,0f,-0.9156f,0f,0f,-0.04f,-0.0562f,0f,0f,0f,1f],start_interpolation: 0,interpolation_duration: 1}
$data merge entity $(bone_sack_main) {transformation: [-0.0583f,0f,0f,-0.0772f,0f,0.0583f,0f,-0.9156f,0f,0f,-0.0583f,-0.0562f,0f,0f,0f,1f],start_interpolation: 0,interpolation_duration: 1}
data modify entity @s data merge value {"cameras":{},"locators":{"lefthand":{"posx":0.4957489245256636,"posy":2.519148061615277,"posz":2.9323679295092777,"roty":104.82285358821245,"rotx":-53.71882357087232},"sword":{"posx":-4.23665950552394,"posy":2.97449049739122,"posz":0.6763833557503551,"roty":57.39178404676251,"rotx":-18.093947137558168},"righthand":{"posx":-1.2840101960540273,"posy":1.8292414488845963,"posz":-1.2125112739687092,"roty":57.39178404676251,"rotx":-18.093947137558168},"chest":{"posx":-0.4657010958958727,"posy":1.910464390439655,"posz":-0.035296013542702925,"roty":50.06576896540619,"rotx":41.56729169537348},"sack":{"posx":-0.07090974030671296,"posy":-0.878111888744213,"posz":-0.05616364655671297,"roty":0,"rotx":0}}}