# This file was generated by Animated Java via MC-Build. It is not recommended to edit this file directly.
$data merge entity $(bone_nose) {transformation: [-0.9205f,0.2853f,0.2671f,0.5989f,0.1844f,0.9197f,-0.3467f,3.6635f,-0.3445f,-0.2698f,-0.8992f,-0.5443f,0f,0f,0f,1f],start_interpolation: 0,interpolation_duration: 1}
$data merge entity $(bone_glowing_eye) {transformation: [-0.9205f,0.2853f,0.2671f,0.4938f,0.1844f,0.9197f,-0.3467f,3.7609f,-0.3445f,-0.2698f,-0.8992f,-0.5743f,0f,0f,0f,1f],start_interpolation: 0,interpolation_duration: 1}
$data merge entity $(bone_head) {transformation: [-0.9205f,0.2853f,0.2671f,0.6137f,0.1844f,0.9197f,-0.3467f,3.485f,-0.3445f,-0.2698f,-0.8992f,-0.6794f,0f,0f,0f,1f],start_interpolation: 0,interpolation_duration: 1}
$data merge entity $(bone_leftthumb2) {transformation: [-0.6954f,0.0856f,-0.7135f,1.2301f,0.0033f,-0.9925f,-0.1223f,3.8177f,-0.7187f,-0.0874f,0.6899f,0.0171f,0f,0f,0f,1f],start_interpolation: 0,interpolation_duration: 1}
$data merge entity $(bone_leftthumb) {transformation: [-0.6954f,0.0856f,-0.7135f,1.1901f,0.0033f,-0.9925f,-0.1223f,3.5638f,-0.7187f,-0.0874f,0.6899f,0.0547f,0f,0f,0f,1f],start_interpolation: 0,interpolation_duration: 1}
$data merge entity $(bone_leftpointerfinger) {transformation: [-0.6827f,-0.1574f,-0.7135f,1.2047f,0.3426f,-0.9315f,-0.1223f,3.8834f,-0.6454f,-0.3279f,0.6899f,0.1943f,0f,0f,0f,1f],start_interpolation: 0,interpolation_duration: 1}
$data merge entity $(bone_leftmidfinger) {transformation: [-0.6954f,0.0856f,-0.7135f,1.0932f,0.0033f,-0.9925f,-0.1223f,3.8643f,-0.7187f,-0.0874f,0.6899f,0.3021f,0f,0f,0f,1f],start_interpolation: 0,interpolation_duration: 1}
$data merge entity $(bone_leftringfinger) {transformation: [-0.6097f,0.3452f,-0.7135f,0.9817f,-0.3767f,-0.9182f,-0.1223f,3.8452f,-0.6974f,0.1943f,0.6899f,0.4099f,0f,0f,0f,1f],start_interpolation: 0,interpolation_duration: 1}
$data merge entity $(bone_invisibility) {transformation: [0.0231f,0.7183f,0.6954f,1.1059f,-0.9994f,0.0353f,-0.0033f,3.7793f,-0.0269f,-0.6948f,0.7187f,0.0284f,0f,0f,0f,1f],start_interpolation: 0,interpolation_duration: 1}
$data merge entity $(bone_swiftness) {transformation: [-0.7135f,0.0856f,0.6954f,0.9243f,-0.1223f,-0.9925f,-0.0033f,3.8909f,0.6899f,-0.0874f,0.7187f,0.1322f,0f,0f,0f,1f],start_interpolation: 0,interpolation_duration: 1}
$data merge entity $(bone_suspicious_stew) {transformation: [-0.224f,0.6829f,0.6954f,0.9681f,-0.9512f,-0.3086f,-0.0033f,3.8029f,0.2123f,-0.6622f,0.7187f,0.1619f,0f,0f,0f,1f],start_interpolation: 0,interpolation_duration: 1}
$data merge entity $(bone_log) {transformation: [-0.6954f,0.0856f,-0.7135f,0.8802f,0.0033f,-0.9925f,-0.1223f,3.6734f,-0.7187f,-0.0874f,0.6899f,0.1159f,0f,0f,0f,1f],start_interpolation: 0,interpolation_duration: 1}
$data merge entity $(bone_planks) {transformation: [-0.6954f,0.0856f,-0.7135f,0.815f,0.0033f,-0.9925f,-0.1223f,3.6737f,-0.7187f,-0.0874f,0.6899f,0.0485f,0f,0f,0f,1f],start_interpolation: 0,interpolation_duration: 1}
$data merge entity $(bone_lefthand1) {transformation: [-0.6954f,0.0856f,-0.7135f,1.0977f,0.0033f,-0.9925f,-0.1223f,3.4282f,-0.7187f,-0.0874f,0.6899f,0.2522f,0f,0f,0f,1f],start_interpolation: 0,interpolation_duration: 1}
$data merge entity $(bone_leftforearm) {transformation: [-0.6415f,0.2156f,-0.7362f,1.2046f,-0.1676f,-0.9759f,-0.1398f,2.7177f,-0.7486f,0.0337f,0.6621f,0.2109f,0f,0f,0f,1f],start_interpolation: 0,interpolation_duration: 1}
$data merge entity $(bone_leftelbow) {transformation: [-0.6415f,0.2156f,-0.7362f,1.245f,-0.1676f,-0.9759f,-0.1398f,2.5347f,-0.7486f,0.0337f,0.6621f,0.2172f,0f,0f,0f,1f],start_interpolation: 0,interpolation_duration: 1}
$data merge entity $(bone_leftarm) {transformation: [-0.7804f,0.1791f,0.5991f,1.09f,-0.1454f,0.8798f,-0.4525f,2.9935f,-0.6082f,-0.4402f,-0.6605f,-0.0952f,0f,0f,0f,1f],start_interpolation: 0,interpolation_duration: 1}
$data merge entity $(bone_rightthumb2) {transformation: [-0.0099f,-0.9415f,0.3369f,0.4582f,0.9961f,-0.0387f,-0.0788f,3.7122f,0.0872f,0.3348f,0.9382f,-0.4322f,0f,0f,0f,1f],start_interpolation: 0,interpolation_duration: 1}
$data merge entity $(bone_rightthumb) {transformation: [-0.0099f,-0.9415f,0.3369f,0.2561f,0.9961f,-0.0387f,-0.0788f,3.696f,0.0872f,0.3348f,0.9382f,-0.2699f,0f,0f,0f,1f],start_interpolation: 0,interpolation_duration: 1}
$data merge entity $(bone_rightpointerfinger) {transformation: [-0.5115f,-0.7942f,0.328f,0.4976f,0.7236f,-0.604f,-0.334f,3.9417f,0.4633f,0.0665f,0.8837f,-0.2136f,0f,0f,0f,1f],start_interpolation: 0,interpolation_duration: 1}
$data merge entity $(bone_rightmidfinger) {transformation: [-0.6108f,-0.7207f,0.328f,0.5488f,0.6386f,-0.6933f,-0.334f,3.8895f,0.4681f,0.0055f,0.8837f,-0.0755f,0f,0f,0f,1f],start_interpolation: 0,interpolation_duration: 1}
$data merge entity $(bone_rightringfinger) {transformation: [-0.6713f,-0.6647f,0.328f,0.6f,0.5758f,-0.7463f,-0.334f,3.8373f,0.4667f,-0.0354f,0.8837f,0.0626f,0f,0f,0f,1f],start_interpolation: 0,interpolation_duration: 1}
$data merge entity $(bone_hugeasssword) {transformation: [-1.7247f,-3.2734f,1.2846f,0.4909f,3.0297f,-2.1096f,-1.3081f,3.5798f,1.7851f,0.4176f,3.4611f,-0.1887f,0f,0f,0f,1f],start_interpolation: 0,interpolation_duration: 1}
$data merge entity $(bone_ice) {transformation: [-0.4404f,-0.8358f,0.328f,0.5108f,0.7735f,-0.5386f,-0.334f,3.5762f,0.4558f,0.1066f,0.8837f,-0.1975f,0f,0f,0f,1f],start_interpolation: 0,interpolation_duration: 1}
$data merge entity $(bone_righthand1) {transformation: [-0.4404f,-0.8358f,0.328f,0.202f,0.7735f,-0.5386f,-0.334f,3.6245f,0.4558f,0.1066f,0.8837f,-0.0293f,0f,0f,0f,1f],start_interpolation: 0,interpolation_duration: 1}
$data merge entity $(bone_rightforearm) {transformation: [-0.5045f,-0.8579f,-0.0978f,-0.3681f,0.8225f,-0.443f,-0.3567f,3.2671f,0.2627f,-0.2604f,0.9291f,-0.2433f,0f,0f,0f,1f],start_interpolation: 0,interpolation_duration: 1}
$data merge entity $(bone_rightelbow) {transformation: [-0.5045f,-0.8579f,-0.0978f,-0.5289f,0.8225f,-0.443f,-0.3567f,3.184f,0.2627f,-0.2604f,0.9291f,-0.2921f,0f,0f,0f,1f],start_interpolation: 0,interpolation_duration: 1}
$data merge entity $(bone_rightarm) {transformation: [-0.6353f,-0.0651f,-0.7696f,-0.3355f,0.7509f,0.1808f,-0.6352f,3.1594f,0.1805f,-0.9814f,-0.066f,-0.8335f,0f,0f,0f,1f],start_interpolation: 0,interpolation_duration: 1}
$data merge entity $(bone_chest1) {transformation: [-0.9257f,0.3333f,0.4535f,0.4439f,0.0973f,0.9546f,-0.5029f,2.8688f,-0.5543f,-0.389f,-0.8456f,-0.5086f,0f,0f,0f,1f],start_interpolation: 0,interpolation_duration: 1}
$data merge entity $(bone_chest1lid) {transformation: [-0.8545f,0.2454f,0.4579f,-0.2219f,0.0898f,0.9379f,-0.335f,2.4789f,-0.5117f,-0.2452f,-0.8235f,-0.1324f,0f,0f,0f,1f],start_interpolation: 0,interpolation_duration: 1}
$data merge entity $(bone_chest2) {transformation: [-0.8545f,0.3076f,0.4186f,-0.27f,0.0898f,0.8812f,-0.4642f,2.3412f,-0.5117f,-0.3591f,-0.7805f,-0.0763f,0f,0f,0f,1f],start_interpolation: 0,interpolation_duration: 1}
$data merge entity $(bone_chest1lid3) {transformation: [-0.8545f,0.3076f,0.4186f,0.0997f,0.0898f,0.8812f,-0.4642f,2.1758f,-0.5117f,-0.3591f,-0.7805f,-0.6005f,0f,0f,0f,1f],start_interpolation: 0,interpolation_duration: 1}
$data merge entity $(bone_chest3) {transformation: [-0.8545f,0.3076f,0.4186f,0.0516f,0.0898f,0.8812f,-0.4642f,2.0382f,-0.5117f,-0.3591f,-0.7805f,-0.5444f,0f,0f,0f,1f],start_interpolation: 0,interpolation_duration: 1}
$data merge entity $(bone_hugeasssword2) {transformation: [-1.6396f,3.2814f,-1.3726f,-0.141f,1.8182f,2.0722f,2.7821f,3.8788f,3.0571f,0.5275f,-2.3908f,-1.7624f,0f,0f,0f,1f],start_interpolation: 0,interpolation_duration: 1}
$data merge entity $(bone_belt) {transformation: [-0.8545f,0.3076f,0.4186f,0.2939f,0.0898f,0.8812f,-0.4642f,2.5757f,-0.5117f,-0.3591f,-0.7805f,-0.247f,0f,0f,0f,1f],start_interpolation: 0,interpolation_duration: 1}
$data merge entity $(bone_torn_part) {transformation: [-0.8545f,-0.0695f,0.5148f,0.1055f,0.0898f,0.9563f,0.2782f,2.3239f,-0.5117f,0.284f,-0.8109f,-0.2178f,0f,0f,0f,1f],start_interpolation: 0,interpolation_duration: 1}
$data merge entity $(bone_lowerbody) {transformation: [-0.8545f,0.2777f,0.4391f,-0.0084f,0.0898f,0.9114f,-0.4016f,1.9266f,-0.5117f,-0.3037f,-0.8037f,0.0935f,0f,0f,0f,1f],start_interpolation: 0,interpolation_duration: 1}
$data merge entity $(bone_leftfoot) {transformation: [-0.9737f,-0.2235f,0.0436f,0.2193f,-0.2113f,0.9584f,0.1921f,0.2131f,-0.0847f,0.1778f,-0.9804f,0.6276f,0f,0f,0f,1f],start_interpolation: 0,interpolation_duration: 1}
$data merge entity $(bone_leftlowerleg) {transformation: [-0.9737f,-0.2232f,0.0448f,-0.0352f,-0.2113f,0.9593f,0.1872f,1.2486f,-0.0847f,0.1728f,-0.9813f,0.97f,0f,0f,0f,1f],start_interpolation: 0,interpolation_duration: 1}
$data merge entity $(bone_leftleg) {transformation: [-0.9784f,0.0914f,0.1853f,0.0358f,-0.0893f,0.6216f,-0.7782f,1.7592f,-0.1863f,-0.778f,-0.6001f,0.2753f,0f,0f,0f,1f],start_interpolation: 0,interpolation_duration: 1}
$data merge entity $(bone_rightfoot) {transformation: [-0.4982f,0.0346f,0.8664f,-0.3052f,0.1694f,0.9838f,0.0581f,0.1732f,-0.8504f,0.1757f,-0.496f,-0.2681f,0f,0f,0f,1f],start_interpolation: 0,interpolation_duration: 1}
$data merge entity $(bone_rightlowerleg) {transformation: [-0.4982f,-0.2619f,0.8266f,-0.7228f,0.1694f,0.9055f,0.389f,1.118f,-0.8504f,0.3338f,-0.4067f,0.1647f,0f,0f,0f,1f],start_interpolation: 0,interpolation_duration: 1}
$data merge entity $(bone_rightleg) {transformation: [-0.605f,0.4643f,0.6469f,-0.3081f,0.0727f,0.8412f,-0.5358f,1.8752f,-0.7929f,-0.2771f,-0.5427f,-0.0649f,0f,0f,0f,1f],start_interpolation: 0,interpolation_duration: 1}
$data merge entity $(bone_sack_top) {transformation: [-0.3346f,-0.3646f,0.1642f,1.0016f,0.0976f,0.502f,0.3384f,3.6614f,-0.1846f,0.9267f,-0.1187f,-0.0119f,0f,0f,0f,1f],start_interpolation: 0,interpolation_duration: 1}
$data merge entity $(bone_sack_main) {transformation: [-0.5785f,-0.2434f,0.2839f,1.0016f,0.1688f,0.3351f,0.585f,3.6614f,-0.3191f,0.6186f,-0.2052f,-0.0119f,0f,0f,0f,1f],start_interpolation: 0,interpolation_duration: 1}
data modify entity @s data merge value {"cameras":{},"locators":{"lefthand":{"posx":0.9498556722482469,"posy":3.7525142990633578,"posz":0.1793265137717704,"roty":225.96718395769582,"rotx":-7.022863154968522},"sword":{"posx":-0.7319361861767462,"posy":4.89385006559452,"posz":-3.428843430494313,"roty":159.63790474230262,"rotx":-19.510116652771618},"righthand":{"posx":0.4774656705459614,"posy":3.662323539541782,"posz":-0.17026309320260458,"roty":159.63790474230262,"rotx":-19.510116652771618},"chest":{"posx":-0.33326023443846253,"posy":2.4991263115306963,"posz":-0.004017269637700674,"roty":28.206326285283325,"rotx":-27.66004310738492},"sack":{"posx":0.9240265107580957,"posy":3.8323808067701366,"posz":0.36823507533770383,"roty":54.13425625726808,"rotx":59.088783365233446}}}