# This file was generated by Animated Java via MC-Build. It is not recommended to edit this file directly.
$data merge entity $(bone_nose) {transformation: [-0.9215f,0.2915f,0.2567f,0.591f,0.183f,0.9088f,-0.3751f,3.6732f,-0.3426f,-0.2987f,-0.8908f,-0.5358f,0f,0f,0f,1f],start_interpolation: 0,interpolation_duration: 1}
$data merge entity $(bone_glowing_eye) {transformation: [-0.9215f,0.2915f,0.2567f,0.4866f,0.183f,0.9088f,-0.3751f,3.7707f,-0.3426f,-0.2987f,-0.8908f,-0.5678f,0f,0f,0f,1f],start_interpolation: 0,interpolation_duration: 1}
$data merge entity $(bone_head) {transformation: [-0.9215f,0.2915f,0.2567f,0.6031f,0.183f,0.9088f,-0.3751f,3.4908f,-0.3426f,-0.2987f,-0.8908f,-0.6657f,0f,0f,0f,1f],start_interpolation: 0,interpolation_duration: 1}
$data merge entity $(bone_leftthumb2) {transformation: [-0.7064f,0.1046f,-0.7001f,1.1945f,0.003f,-0.9886f,-0.1507f,3.8214f,-0.7079f,-0.1085f,0.698f,0.0486f,0f,0f,0f,1f],start_interpolation: 0,interpolation_duration: 1}
$data merge entity $(bone_leftthumb) {transformation: [-0.7064f,0.1046f,-0.7001f,1.1603f,0.003f,-0.9886f,-0.1507f,3.5661f,-0.7079f,-0.1085f,0.698f,0.0816f,0f,0f,0f,1f],start_interpolation: 0,interpolation_duration: 1}
$data merge entity $(bone_leftpointerfinger) {transformation: [-0.6995f,-0.1433f,-0.7001f,1.1704f,0.3409f,-0.9279f,-0.1507f,3.8831f,-0.628f,-0.3441f,0.698f,0.2273f,0f,0f,0f,1f],start_interpolation: 0,interpolation_duration: 1}
$data merge entity $(bone_leftmidfinger) {transformation: [-0.7064f,0.1046f,-0.7001f,1.0611f,0.003f,-0.9886f,-0.1507f,3.8596f,-0.7079f,-0.1085f,0.698f,0.3364f,0f,0f,0f,1f],start_interpolation: 0,interpolation_duration: 1}
$data merge entity $(bone_leftringfinger) {transformation: [-0.6126f,0.367f,-0.7001f,0.9517f,-0.3756f,-0.9145f,-0.1507f,3.836f,-0.6955f,0.1706f,0.698f,0.4454f,0f,0f,0f,1f],start_interpolation: 0,interpolation_duration: 1}
$data merge entity $(bone_invisibility) {transformation: [0.0432f,0.7065f,0.7064f,1.0713f,-0.9979f,0.064f,-0.003f,3.7802f,-0.0473f,-0.7048f,0.7079f,0.0609f,0f,0f,0f,1f],start_interpolation: 0,interpolation_duration: 1}
$data merge entity $(bone_swiftness) {transformation: [-0.7001f,0.1046f,0.7064f,0.8891f,-0.1507f,-0.9886f,-0.003f,3.886f,0.698f,-0.1085f,0.7079f,0.1696f,0f,0f,0f,1f],start_interpolation: 0,interpolation_duration: 1}
$data merge entity $(bone_suspicious_stew) {transformation: [-0.2011f,0.6787f,0.7064f,0.9352f,-0.9596f,-0.2812f,-0.003f,3.7983f,0.1966f,-0.6784f,0.7079f,0.1969f,0f,0f,0f,1f],start_interpolation: 0,interpolation_duration: 1}
$data merge entity $(bone_log) {transformation: [-0.7064f,0.1046f,-0.7001f,0.8492f,0.003f,-0.9886f,-0.1507f,3.668f,-0.7079f,-0.1085f,0.698f,0.1497f,0f,0f,0f,1f],start_interpolation: 0,interpolation_duration: 1}
$data merge entity $(bone_planks) {transformation: [-0.7064f,0.1046f,-0.7001f,0.783f,0.003f,-0.9886f,-0.1507f,3.6682f,-0.7079f,-0.1085f,0.698f,0.0833f,0f,0f,0f,1f],start_interpolation: 0,interpolation_duration: 1}
$data merge entity $(bone_lefthand1) {transformation: [-0.7064f,0.1046f,-0.7001f,1.0738f,0.003f,-0.9886f,-0.1507f,3.4248f,-0.7079f,-0.1085f,0.698f,0.2777f,0f,0f,0f,1f],start_interpolation: 0,interpolation_duration: 1}
$data merge entity $(bone_leftforearm) {transformation: [-0.6494f,0.2361f,-0.7228f,1.1946f,-0.1661f,-0.9717f,-0.1682f,2.7176f,-0.7421f,0.0109f,0.6702f,0.2206f,0f,0f,0f,1f],start_interpolation: 0,interpolation_duration: 1}
$data merge entity $(bone_leftelbow) {transformation: [-0.6494f,0.2361f,-0.7228f,1.2389f,-0.1661f,-0.9717f,-0.1682f,2.5354f,-0.7421f,0.0109f,0.6702f,0.2227f,0f,0f,0f,1f],start_interpolation: 0,interpolation_duration: 1}
$data merge entity $(bone_leftarm) {transformation: [-0.7869f,0.1835f,0.5892f,1.0854f,-0.1418f,0.8754f,-0.462f,2.9937f,-0.6006f,-0.4471f,-0.6628f,-0.0913f,0f,0f,0f,1f],start_interpolation: 0,interpolation_duration: 1}
$data merge entity $(bone_rightthumb2) {transformation: [-0.0339f,-0.9434f,0.33f,0.4305f,0.993f,-0.0692f,-0.0957f,3.7226f,0.1131f,0.3245f,0.9391f,-0.395f,0f,0f,0f,1f],start_interpolation: 0,interpolation_duration: 1}
$data merge entity $(bone_rightthumb) {transformation: [-0.0339f,-0.9434f,0.33f,0.2274f,0.993f,-0.0692f,-0.0957f,3.6975f,0.1131f,0.3245f,0.9391f,-0.2352f,0f,0f,0f,1f],start_interpolation: 0,interpolation_duration: 1}
$data merge entity $(bone_rightpointerfinger) {transformation: [-0.5325f,-0.7805f,0.3276f,0.4625f,0.6992f,-0.6237f,-0.3495f,3.9471f,0.4771f,0.0429f,0.8778f,-0.1701f,0f,0f,0f,1f],start_interpolation: 0,interpolation_duration: 1}
$data merge entity $(bone_rightmidfinger) {transformation: [-0.6298f,-0.7043f,0.3276f,0.5137f,0.6118f,-0.7096f,-0.3495f,3.8925f,0.4786f,-0.0197f,0.8778f,-0.033f,0f,0f,0f,1f],start_interpolation: 0,interpolation_duration: 1}
$data merge entity $(bone_rightringfinger) {transformation: [-0.6888f,-0.6467f,0.3276f,0.5649f,0.5476f,-0.7602f,-0.3495f,3.8379f,0.475f,-0.0613f,0.8778f,0.1042f,0f,0f,0f,1f],start_interpolation: 0,interpolation_duration: 1}
$data merge entity $(bone_hugeasssword) {transformation: [-1.8112f,-3.227f,1.283f,0.464f,2.941f,-2.1948f,-1.3688f,3.5846f,1.8467f,0.3304f,3.4381f,-0.1548f,0f,0f,0f,1f],start_interpolation: 0,interpolation_duration: 1}
$data merge entity $(bone_ice) {transformation: [-0.4624f,-0.8239f,0.3276f,0.4841f,0.7509f,-0.5604f,-0.3495f,3.5817f,0.4715f,0.0844f,0.8778f,-0.1635f,0f,0f,0f,1f],start_interpolation: 0,interpolation_duration: 1}
$data merge entity $(bone_righthand1) {transformation: [-0.4624f,-0.8239f,0.3276f,0.1728f,0.7509f,-0.5604f,-0.3495f,3.6184f,0.4715f,0.0844f,0.8778f,0.0029f,0f,0f,0f,1f],start_interpolation: 0,interpolation_duration: 1}
$data merge entity $(bone_rightforearm) {transformation: [-0.5259f,-0.8449f,-0.0979f,-0.3869f,0.8034f,-0.4557f,-0.3832f,3.2537f,0.2792f,-0.2802f,0.9184f,-0.2259f,0f,0f,0f,1f],start_interpolation: 0,interpolation_duration: 1}
$data merge entity $(bone_rightelbow) {transformation: [-0.5259f,-0.8449f,-0.0979f,-0.5453f,0.8034f,-0.4557f,-0.3832f,3.1683f,0.2792f,-0.2802f,0.9184f,-0.2785f,0f,0f,0f,1f],start_interpolation: 0,interpolation_duration: 1}
$data merge entity $(bone_rightarm) {transformation: [-0.6541f,-0.0587f,-0.7541f,-0.3456f,0.7312f,0.206f,-0.6503f,3.1628f,0.1935f,-0.9768f,-0.0918f,-0.818f,0f,0f,0f,1f],start_interpolation: 0,interpolation_duration: 1}
$data merge entity $(bone_chest1) {transformation: [-0.9297f,0.3264f,0.4503f,0.4372f,0.1004f,0.9612f,-0.4895f,2.8715f,-0.547f,-0.3783f,-0.8551f,-0.5021f,0f,0f,0f,1f],start_interpolation: 0,interpolation_duration: 1}
$data merge entity $(bone_chest1lid) {transformation: [-0.8582f,0.2395f,0.4541f,-0.2243f,0.0926f,0.9422f,-0.3219f,2.4735f,-0.5049f,-0.2341f,-0.8308f,-0.1269f,0f,0f,0f,1f],start_interpolation: 0,interpolation_duration: 1}
$data merge entity $(bone_chest2) {transformation: [-0.8582f,0.3013f,0.4157f,-0.2714f,0.0926f,0.8873f,-0.4518f,2.3348f,-0.5049f,-0.3492f,-0.7894f,-0.0723f,0f,0f,0f,1f],start_interpolation: 0,interpolation_duration: 1}
$data merge entity $(bone_chest1lid3) {transformation: [-0.8582f,0.3013f,0.4157f,0.0956f,0.0926f,0.8873f,-0.4518f,2.1783f,-0.5049f,-0.3492f,-0.7894f,-0.601f,0f,0f,0f,1f],start_interpolation: 0,interpolation_duration: 1}
$data merge entity $(bone_chest3) {transformation: [-0.8582f,0.3013f,0.4157f,0.0485f,0.0926f,0.8873f,-0.4518f,2.0396f,-0.5049f,-0.3492f,-0.7894f,-0.5465f,0f,0f,0f,1f],start_interpolation: 0,interpolation_duration: 1}
$data merge entity $(bone_hugeasssword2) {transformation: [-1.628f,3.2753f,-1.4008f,-0.1604f,1.7696f,2.0803f,2.8074f,3.8954f,3.0917f,0.534f,-2.3445f,-1.7385f,0f,0f,0f,1f],start_interpolation: 0,interpolation_duration: 1}
$data merge entity $(bone_belt) {transformation: [-0.8582f,0.3013f,0.4157f,0.2903f,0.0926f,0.8873f,-0.4518f,2.5742f,-0.5049f,-0.3492f,-0.7894f,-0.2435f,0f,0f,0f,1f],start_interpolation: 0,interpolation_duration: 1}
$data merge entity $(bone_torn_part) {transformation: [-0.8582f,-0.0683f,0.5088f,0.1029f,0.0926f,0.9542f,0.2844f,2.3222f,-0.5049f,0.2912f,-0.8125f,-0.2158f,0f,0f,0f,1f],start_interpolation: 0,interpolation_duration: 1}
$data merge entity $(bone_lowerbody) {transformation: [-0.8582f,0.2747f,0.4337f,-0.0084f,0.0926f,0.9138f,-0.3955f,1.9226f,-0.5049f,-0.2992f,-0.8096f,0.0935f,0f,0f,0f,1f],start_interpolation: 0,interpolation_duration: 1}
$data merge entity $(bone_leftfoot) {transformation: [-0.9736f,-0.2241f,0.0441f,0.2198f,-0.2121f,0.9585f,0.1904f,0.2117f,-0.0849f,0.176f,-0.9807f,0.6284f,0f,0f,0f,1f],start_interpolation: 0,interpolation_duration: 1}
$data merge entity $(bone_leftlowerleg) {transformation: [-0.9736f,-0.224f,0.0447f,-0.0356f,-0.2121f,0.959f,0.1879f,1.2468f,-0.0849f,0.1735f,-0.9812f,0.9716f,0f,0f,0f,1f],start_interpolation: 0,interpolation_duration: 1}
$data merge entity $(bone_leftleg) {transformation: [-0.9782f,0.0918f,0.1862f,0.0358f,-0.0903f,0.6192f,-0.78f,1.7552f,-0.1869f,-0.7799f,-0.5974f,0.2753f,0f,0f,0f,1f],start_interpolation: 0,interpolation_duration: 1}
$data merge entity $(bone_rightfoot) {transformation: [-0.4985f,0.033f,0.8663f,-0.3052f,0.1693f,0.9837f,0.0599f,0.1727f,-0.8502f,0.1765f,-0.496f,-0.2672f,0f,0f,0f,1f],start_interpolation: 0,interpolation_duration: 1}
$data merge entity $(bone_rightlowerleg) {transformation: [-0.4985f,-0.2642f,0.8257f,-0.7252f,0.1693f,0.9044f,0.3916f,1.1159f,-0.8502f,0.335f,-0.4061f,0.1667f,0f,0f,0f,1f],start_interpolation: 0,interpolation_duration: 1}
$data merge entity $(bone_rightleg) {transformation: [-0.605f,0.467f,0.6449f,-0.3081f,0.0727f,0.839f,-0.5393f,1.8712f,-0.7929f,-0.2794f,-0.5415f,-0.0649f,0f,0f,0f,1f],start_interpolation: 0,interpolation_duration: 1}
$data merge entity $(bone_sack_top) {transformation: [-0.342f,-0.3653f,0.1729f,0.976f,0.1006f,0.5211f,0.3443f,3.6408f,-0.1933f,0.9177f,-0.1267f,0.0008f,0f,0f,0f,1f],start_interpolation: 0,interpolation_duration: 1}
$data merge entity $(bone_sack_main) {transformation: [-0.6145f,-0.2888f,0.3106f,0.976f,0.1808f,0.4121f,0.6186f,3.6408f,-0.3473f,0.7256f,-0.2276f,0.0008f,0f,0f,0f,1f],start_interpolation: 0,interpolation_duration: 1}
data modify entity @s data merge value {"cameras":{},"locators":{"lefthand":{"posx":0.9181813958800246,"posy":3.747281132794359,"posz":0.21360925227121114,"roty":225.0865848667055,"rotx":-8.667265798922775},"sword":{"posx":-0.7593837143480779,"posy":4.954953866151761,"posz":-3.371267854358748,"roty":159.53618048599017,"rotx":-20.454923621189405},"righthand":{"posx":0.4485367509395222,"posy":3.6662819000199063,"posz":-0.13430802092780975,"roty":159.53618048599017,"rotx":-20.454923621189405},"chest":{"posx":-0.3349328855603031,"posy":2.4915190449735687,"posz":0.0024745507752583773,"roty":27.770993186756783,"rotx":-26.85966548703627},"sack":{"posx":0.8979324905833872,"posy":3.818943233545608,"posz":0.37815453780509645,"roty":53.76243447247434,"rotx":58.09628404391518}}}