# This file was generated by Animated Java via MC-Build. It is not recommended to edit this file directly.
$data merge entity $(bone_nose) {transformation: [-0.9873f,0.0962f,0.1265f,0.189f,0.1038f,0.9931f,0.0545f,3.5579f,-0.1204f,0.067f,-0.9905f,0.5839f,0f,0f,0f,1f],start_interpolation: 0,interpolation_duration: 1}
$data merge entity $(bone_glowing_eye) {transformation: [-0.9873f,0.0962f,0.1265f,0.0677f,0.1038f,0.9931f,0.0545f,3.6362f,-0.1204f,0.067f,-0.9905f,0.6079f,0f,0f,0f,1f],start_interpolation: 0,interpolation_duration: 1}
$data merge entity $(bone_head) {transformation: [-0.9873f,0.0962f,0.1265f,0.2008f,0.1038f,0.9931f,0.0545f,3.4455f,-0.1204f,0.067f,-0.9905f,0.3901f,0f,0f,0f,1f],start_interpolation: 0,interpolation_duration: 1}
$data merge entity $(bone_leftthumb2) {transformation: [-0.887f,0.4605f,-0.0328f,0.3911f,-0.0636f,-0.1923f,-0.9793f,2.8518f,-0.4573f,-0.8666f,0.1999f,1.6235f,0f,0f,0f,1f],start_interpolation: 0,interpolation_duration: 1}
$data merge entity $(bone_leftthumb) {transformation: [-0.887f,0.4605f,-0.0328f,0.5012f,-0.0636f,-0.1923f,-0.9793f,2.721f,-0.4573f,-0.8666f,0.1999f,1.4281f,0f,0f,0f,1f],start_interpolation: 0,interpolation_duration: 1}
$data merge entity $(bone_leftpointerfinger) {transformation: [-0.9911f,0.1294f,-0.0328f,0.4456f,0.006f,-0.2024f,-0.9793f,2.7451f,-0.1333f,-0.9707f,0.1999f,1.7718f,0f,0f,0f,1f],start_interpolation: 0,interpolation_duration: 1}
$data merge entity $(bone_leftmidfinger) {transformation: [-0.887f,0.4605f,-0.0328f,0.4405f,-0.0636f,-0.1923f,-0.9793f,2.5921f,-0.4573f,-0.8666f,0.1999f,1.803f,0f,0f,0f,1f],start_interpolation: 0,interpolation_duration: 1}
$data merge entity $(bone_leftringfinger) {transformation: [-0.6433f,0.7649f,-0.0328f,0.4353f,-0.1324f,-0.1533f,-0.9793f,2.4391f,-0.7541f,-0.6256f,0.1999f,1.8342f,0f,0f,0f,1f],start_interpolation: 0,interpolation_duration: 1}
$data merge entity $(bone_invisibility) {transformation: [0.4559f,0.0728f,0.887f,0.3307f,-0.2769f,0.9588f,0.0636f,2.7428f,-0.8459f,-0.2746f,0.4573f,1.585f,0f,0f,0f,1f],start_interpolation: 0,interpolation_duration: 1}
$data merge entity $(bone_swiftness) {transformation: [-0.0328f,0.4605f,0.887f,0.216f,-0.9793f,-0.1923f,0.0636f,2.5819f,0.1999f,-0.8666f,0.4573f,1.716f,0f,0f,0f,1f],start_interpolation: 0,interpolation_duration: 1}
$data merge entity $(bone_suspicious_stew) {transformation: [0.4035f,0.2243f,0.887f,0.3029f,-0.5881f,0.8063f,0.0636f,2.5682f,-0.7009f,-0.5474f,0.4573f,1.6631f,0f,0f,0f,1f],start_interpolation: 0,interpolation_duration: 1}
$data merge entity $(bone_log) {transformation: [-0.887f,0.4605f,-0.0328f,0.2758f,-0.0636f,-0.1923f,-0.9793f,2.4923f,-0.4573f,-0.8666f,0.1999f,1.5213f,0f,0f,0f,1f],start_interpolation: 0,interpolation_duration: 1}
$data merge entity $(bone_planks) {transformation: [-0.887f,0.4605f,-0.0328f,0.1926f,-0.0636f,-0.1923f,-0.9793f,2.4863f,-0.4573f,-0.8666f,0.1999f,1.4784f,0f,0f,0f,1f],start_interpolation: 0,interpolation_duration: 1}
$data merge entity $(bone_lefthand1) {transformation: [-0.887f,0.4605f,-0.0328f,0.6137f,-0.0636f,-0.1923f,-0.9793f,2.4907f,-0.4573f,-0.8666f,0.1999f,1.4127f,0f,0f,0f,1f],start_interpolation: 0,interpolation_duration: 1}
$data merge entity $(bone_leftforearm) {transformation: [-0.7897f,0.6109f,-0.0561f,0.9866f,-0.0591f,-0.1668f,-0.9842f,2.3731f,-0.6106f,-0.7739f,0.1679f,0.8085f,0f,0f,0f,1f],start_interpolation: 0,interpolation_duration: 1}
$data merge entity $(bone_leftelbow) {transformation: [-0.7897f,0.6109f,-0.0561f,1.1012f,-0.0591f,-0.1668f,-0.9842f,2.3418f,-0.6106f,-0.7739f,0.1679f,0.6634f,0f,0f,0f,1f],start_interpolation: 0,interpolation_duration: 1}
$data merge entity $(bone_leftarm) {transformation: [-0.8929f,0.0299f,0.4492f,0.8561f,-0.0832f,0.9697f,-0.2298f,2.841f,-0.4425f,-0.2426f,-0.8633f,0.512f,0f,0f,0f,1f],start_interpolation: 0,interpolation_duration: 1}
$data merge entity $(bone_rightthumb2) {transformation: [-0.4267f,-0.8952f,-0.1287f,-0.2927f,0.5338f,-0.1344f,-0.8349f,2.9971f,0.7301f,-0.4249f,0.5352f,1.3305f,0f,0f,0f,1f],start_interpolation: 0,interpolation_duration: 1}
$data merge entity $(bone_rightthumb) {transformation: [-0.4267f,-0.8952f,-0.1287f,-0.5232f,0.5338f,-0.1344f,-0.8349f,2.8928f,0.7301f,-0.4249f,0.5352f,1.272f,0f,0f,0f,1f],start_interpolation: 0,interpolation_duration: 1}
$data merge entity $(bone_rightpointerfinger) {transformation: [-0.8984f,-0.439f,-0.0139f,-0.4484f,0.1558f,-0.289f,-0.9446f,2.9583f,0.4107f,-0.8507f,0.328f,1.6066f,0f,0f,0f,1f],start_interpolation: 0,interpolation_duration: 1}
$data merge entity $(bone_rightmidfinger) {transformation: [-0.948f,-0.318f,-0.0139f,-0.4505f,0.1168f,-0.3069f,-0.9446f,2.8107f,0.2961f,-0.8971f,0.328f,1.6578f,0f,0f,0f,1f],start_interpolation: 0,interpolation_duration: 1}
$data merge entity $(bone_rightringfinger) {transformation: [-0.9721f,-0.2342f,-0.0139f,-0.4527f,0.0896f,-0.3159f,-0.9446f,2.6631f,0.2168f,-0.9195f,0.328f,1.7091f,0f,0f,0f,1f],start_interpolation: 0,interpolation_duration: 1}
$data merge entity $(bone_hugeasssword) {transformation: [-3.3554f,-2.0196f,-0.0543f,-0.3275f,0.7066f,-1.0744f,-3.6996f,2.7218f,1.8928f,-3.1792f,1.2848f,1.3594f,0f,0f,0f,1f],start_interpolation: 0,interpolation_duration: 1}
$data merge entity $(bone_ice) {transformation: [-0.8567f,-0.5157f,-0.0139f,-0.3061f,0.1804f,-0.2743f,-0.9446f,2.7233f,0.4833f,-0.8117f,0.328f,1.3646f,0f,0f,0f,1f],start_interpolation: 0,interpolation_duration: 1}
$data merge entity $(bone_righthand1) {transformation: [-0.8567f,-0.5157f,-0.0139f,-0.6496f,0.1804f,-0.2743f,-0.9446f,2.6703f,0.4833f,-0.8117f,0.328f,1.2927f,0f,0f,0f,1f],start_interpolation: 0,interpolation_duration: 1}
$data merge entity $(bone_rightforearm) {transformation: [-0.8385f,-0.4018f,-0.3681f,-0.8739f,0.3711f,0.0737f,-0.9257f,2.7134f,0.399f,-0.9128f,0.0873f,0.6246f,0f,0f,0f,1f],start_interpolation: 0,interpolation_duration: 1}
$data merge entity $(bone_rightelbow) {transformation: [-0.8385f,-0.4018f,-0.3681f,-0.9492f,0.3711f,0.0737f,-0.9257f,2.7272f,0.399f,-0.9128f,0.0873f,0.4535f,0f,0f,0f,1f],start_interpolation: 0,interpolation_duration: 1}
$data merge entity $(bone_rightarm) {transformation: [-0.9116f,0.0221f,-0.4106f,-0.68f,0.3206f,0.6632f,-0.6763f,3.0575f,0.2574f,-0.7481f,-0.6117f,0.0669f,0f,0f,0f,1f],start_interpolation: 0,interpolation_duration: 1}
$data merge entity $(bone_chest1) {transformation: [-1.0084f,0.0712f,0.3895f,0.1849f,0.1799f,1.0317f,0.2772f,2.8415f,-0.3528f,0.3227f,-0.9721f,0.1205f,0f,0f,0f,1f],start_interpolation: 0,interpolation_duration: 1}
$data merge entity $(bone_chest1lid) {transformation: [-0.9308f,0.0167f,0.3652f,-0.3185f,0.1661f,0.9092f,0.3818f,2.1472f,-0.3256f,0.4161f,-0.849f,0.1568f,0f,0f,0f,1f],start_interpolation: 0,interpolation_duration: 1}
$data merge entity $(bone_chest2) {transformation: [-0.9308f,0.0657f,0.3596f,-0.3288f,0.1661f,0.9523f,0.2559f,1.9984f,-0.3256f,0.2979f,-0.8973f,0.1103f,0f,0f,0f,1f],start_interpolation: 0,interpolation_duration: 1}
$data merge entity $(bone_chest1lid3) {transformation: [-0.9308f,0.0657f,0.3596f,-0.03f,0.1661f,0.9523f,0.2559f,2.3007f,-0.3256f,0.2979f,-0.8973f,-0.3977f,0f,0f,0f,1f],start_interpolation: 0,interpolation_duration: 1}
$data merge entity $(bone_chest3) {transformation: [-0.9308f,0.0657f,0.3596f,-0.0403f,0.1661f,0.9523f,0.2559f,2.1519f,-0.3256f,0.2979f,-0.8973f,-0.4442f,0f,0f,0f,1f],start_interpolation: 0,interpolation_duration: 1}
$data merge entity $(bone_hugeasssword2) {transformation: [-1.4084f,2.8617f,-2.2732f,-0.7904f,-1.0023f,2.0403f,3.1895f,4.2189f,3.5146f,1.7286f,-0.0013f,-0.1728f,0f,0f,0f,1f],start_interpolation: 0,interpolation_duration: 1}
$data merge entity $(bone_belt) {transformation: [-0.9308f,0.0657f,0.3596f,0.1415f,0.1661f,0.9523f,0.2559f,2.4233f,-0.3256f,0.2979f,-0.8973f,0.1297f,0f,0f,0f,1f],start_interpolation: 0,interpolation_duration: 1}
$data merge entity $(bone_torn_part) {transformation: [-0.9308f,-0.1383f,0.3383f,0.0041f,0.1661f,0.6645f,0.7286f,2.1798f,-0.3256f,0.7344f,-0.5955f,0.0189f,0f,0f,0f,1f],start_interpolation: 0,interpolation_duration: 1}
$data merge entity $(bone_lowerbody) {transformation: [-0.9308f,0.1115f,0.3481f,-0.0084f,0.1661f,0.9774f,0.131f,1.668f,-0.3256f,0.1798f,-0.9282f,0.0935f,0f,0f,0f,1f],start_interpolation: 0,interpolation_duration: 1}
$data merge entity $(bone_leftfoot) {transformation: [-0.9627f,-0.2667f,0.0465f,0.2447f,-0.2581f,0.956f,0.1399f,0.171f,-0.0818f,0.1226f,-0.9891f,0.5662f,0f,0f,0f,1f],start_interpolation: 0,interpolation_duration: 1}
$data merge entity $(bone_leftlowerleg) {transformation: [-0.9627f,-0.2707f,-0.0049f,-0.0548f,-0.2581f,0.912f,0.3187f,1.1339f,-0.0818f,0.3081f,-0.9478f,1.0536f,0f,0f,0f,1f],start_interpolation: 0,interpolation_duration: 1}
$data merge entity $(bone_leftleg) {transformation: [-0.9657f,0.112f,0.2342f,0.0358f,-0.1585f,0.4599f,-0.8737f,1.5006f,-0.2055f,-0.8809f,-0.4264f,0.2753f,0f,0f,0f,1f],start_interpolation: 0,interpolation_duration: 1}
$data merge entity $(bone_rightfoot) {transformation: [-0.5107f,-0.0546f,0.858f,-0.2855f,0.1694f,0.972f,0.1626f,0.1676f,-0.8429f,0.2284f,-0.4872f,-0.2365f,0f,0f,0f,1f],start_interpolation: 0,interpolation_duration: 1}
$data merge entity $(bone_rightlowerleg) {transformation: [-0.5107f,-0.4038f,0.759f,-0.8501f,0.1694f,0.8183f,0.5493f,0.9909f,-0.8429f,0.4091f,-0.3495f,0.271f,0f,0f,0f,1f],start_interpolation: 0,interpolation_duration: 1}
$data merge entity $(bone_rightleg) {transformation: [-0.6039f,0.605f,0.5188f,-0.3081f,0.0752f,0.6913f,-0.7187f,1.6166f,-0.7935f,-0.395f,-0.463f,-0.0649f,0f,0f,0f,1f],start_interpolation: 0,interpolation_duration: 1}
$data merge entity $(bone_sack_top) {transformation: [-0.562f,-0.4742f,-0.5409f,0.0194f,0.22f,-1.01f,0.2969f,2.8675f,-0.6145f,0.0721f,0.601f,1.4916f,0f,0f,0f,1f],start_interpolation: 0,interpolation_duration: 1}
$data merge entity $(bone_sack_main) {transformation: [-0.6094f,-0.6324f,-0.5852f,0.0194f,0.2386f,-1.347f,0.3212f,2.8675f,-0.6663f,0.0962f,0.6502f,1.4916f,0f,0f,0f,1f],start_interpolation: 0,interpolation_duration: 1}
data modify entity @s data merge value {"cameras":{},"locators":{"lefthand":{"posx":0.32349766771290783,"posy":2.52854934133559,"posz":1.628735284575442,"roty":189.31508203333135,"rotx":-78.31553154204913},"sword":{"posx":-0.3269669945285729,"posy":6.242339556331524,"posz":0.20785795815594077,"roty":182.4212619676036,"rotx":-70.83348416245146},"righthand":{"posx":-0.37811305884122987,"posy":2.759243575624335,"posz":1.4174375211805277,"roty":182.4212619676036,"rotx":-70.83348416245146},"chest":{"posx":-0.4079124613417295,"posy":2.05283911801923,"posz":0.26823995789634497,"roty":21.836996987950386,"rotx":14.827399207814333},"sack":{"posx":-0.11286617532347981,"posy":2.4709520197329327,"posz":1.5684866721177153,"roty":221.9855067303414,"rotx":20.161147637440326}}}