# This file was generated by Animated Java via MC-Build. It is not recommended to edit this file directly.
$data merge entity $(bone_nose) {transformation: [-0.9971f,0.0164f,0.074f,0.072f,0.0469f,0.9004f,0.4325f,3.0465f,-0.0595f,0.4347f,-0.8986f,1.2984f,0f,0f,0f,1f],start_interpolation: 0,interpolation_duration: 1}
$data merge entity $(bone_glowing_eye) {transformation: [-0.9971f,0.0164f,0.074f,-0.0541f,0.0469f,0.9004f,0.4325f,3.0982f,-0.0595f,0.4347f,-0.8986f,1.3518f,0f,0f,0f,1f],start_interpolation: 0,interpolation_duration: 1}
$data merge entity $(bone_head) {transformation: [-0.9971f,0.0164f,0.074f,0.0839f,0.0469f,0.9004f,0.4325f,3.0163f,-0.0595f,0.4347f,-0.8986f,1.0765f,0f,0f,0f,1f],start_interpolation: 0,interpolation_duration: 1}
$data merge entity $(bone_leftthumb2) {transformation: [-0.8751f,0.3395f,0.345f,0.4087f,-0.1172f,0.5428f,-0.8316f,1.5194f,-0.4696f,-0.7682f,-0.4352f,1.9679f,0f,0f,0f,1f],start_interpolation: 0,interpolation_duration: 1}
$data merge entity $(bone_leftthumb) {transformation: [-0.8751f,0.3395f,0.345f,0.5214f,-0.1172f,0.5428f,-0.8316f,1.5815f,-0.4696f,-0.7682f,-0.4352f,1.7424f,0f,0f,0f,1f],start_interpolation: 0,interpolation_duration: 1}
$data merge entity $(bone_leftpointerfinger) {transformation: [-0.9384f,0.0198f,0.345f,0.5219f,-0.2958f,0.47f,-0.8316f,1.3772f,-0.1786f,-0.8825f,-0.4352f,2.0254f,0f,0f,0f,1f],start_interpolation: 0,interpolation_duration: 1}
$data merge entity $(bone_leftmidfinger) {transformation: [-0.8751f,0.3395f,0.345f,0.5758f,-0.1172f,0.5428f,-0.8316f,1.2473f,-0.4696f,-0.7682f,-0.4352f,1.9574f,0f,0f,0f,1f],start_interpolation: 0,interpolation_duration: 1}
$data merge entity $(bone_leftringfinger) {transformation: [-0.6785f,0.6486f,0.345f,0.6297f,0.0994f,0.5464f,-0.8316f,1.1173f,-0.7278f,-0.53f,-0.4352f,1.8894f,0f,0f,0f,1f],start_interpolation: 0,interpolation_duration: 1}
$data merge entity $(bone_invisibility) {transformation: [0.3683f,-0.3141f,0.8751f,0.3842f,0.4683f,0.8758f,0.1172f,1.4406f,-0.8032f,0.3666f,0.4696f,1.8669f,0f,0f,0f,1f],start_interpolation: 0,interpolation_duration: 1}
$data merge entity $(bone_swiftness) {transformation: [0.345f,0.3395f,0.8751f,0.3573f,-0.8316f,0.5428f,0.1172f,1.2051f,-0.4352f,-0.7682f,0.4696f,1.8649f,0f,0f,0f,1f],start_interpolation: 0,interpolation_duration: 1}
$data merge entity $(bone_suspicious_stew) {transformation: [0.4535f,-0.1692f,0.8751f,0.4329f,0.1405f,0.9831f,0.1172f,1.2592f,-0.8801f,0.0698f,0.4696f,1.8213f,0f,0f,0f,1f],start_interpolation: 0,interpolation_duration: 1}
$data merge entity $(bone_log) {transformation: [-0.8751f,0.3395f,0.345f,0.4095f,-0.1172f,0.5428f,-0.8316f,1.2771f,-0.4696f,-0.7682f,-0.4352f,1.6609f,0f,0f,0f,1f],start_interpolation: 0,interpolation_duration: 1}
$data merge entity $(bone_planks) {transformation: [-0.8751f,0.3395f,0.345f,0.3275f,-0.1172f,0.5428f,-0.8316f,1.2661f,-0.4696f,-0.7682f,-0.4352f,1.6168f,0f,0f,0f,1f],start_interpolation: 0,interpolation_duration: 1}
$data merge entity $(bone_lefthand1) {transformation: [-0.8751f,0.3395f,0.345f,0.7024f,-0.1172f,0.5428f,-0.8316f,1.4681f,-0.4696f,-0.7682f,-0.4352f,1.5998f,0f,0f,0f,1f],start_interpolation: 0,interpolation_duration: 1}
$data merge entity $(bone_leftforearm) {transformation: [-0.8138f,0.4854f,0.3196f,0.9811f,0.0125f,0.5644f,-0.8254f,1.8781f,-0.581f,-0.6677f,-0.4653f,1.0782f,0f,0f,0f,1f],start_interpolation: 0,interpolation_duration: 1}
$data merge entity $(bone_leftelbow) {transformation: [-0.8138f,0.4854f,0.3196f,1.0721f,0.0125f,0.5644f,-0.8254f,1.984f,-0.581f,-0.6677f,-0.4653f,0.953f,0f,0f,0f,1f],start_interpolation: 0,interpolation_duration: 1}
$data merge entity $(bone_leftarm) {transformation: [-0.9072f,-0.0357f,0.4191f,0.7927f,-0.0509f,0.9984f,-0.0252f,2.4865f,-0.4175f,-0.0442f,-0.9076f,0.9137f,0f,0f,0f,1f],start_interpolation: 0,interpolation_duration: 1}
$data merge entity $(bone_rightthumb2) {transformation: [-0.6158f,-0.7347f,-0.2846f,-0.6984f,0.0152f,0.35f,-0.9366f,1.7912f,0.7877f,-0.5811f,-0.2044f,1.7368f,0f,0f,0f,1f],start_interpolation: 0,interpolation_duration: 1}
$data merge entity $(bone_rightthumb) {transformation: [-0.6158f,-0.7347f,-0.2846f,-0.9029f,0.0152f,0.35f,-0.9366f,1.797f,0.7877f,-0.5811f,-0.2044f,1.5768f,0f,0f,0f,1f],start_interpolation: 0,interpolation_duration: 1}
$data merge entity $(bone_rightpointerfinger) {transformation: [-0.9776f,-0.1759f,-0.1155f,-0.9277f,0.0324f,0.4164f,-0.9086f,1.617f,0.2079f,-0.892f,-0.4013f,1.8748f,0f,0f,0f,1f],start_interpolation: 0,interpolation_duration: 1}
$data merge entity $(bone_rightmidfinger) {transformation: [-0.9922f,-0.0468f,-0.1155f,-0.9457f,0.0865f,0.4086f,-0.9086f,1.475f,0.0897f,-0.9115f,-0.4013f,1.8121f,0f,0f,0f,1f],start_interpolation: 0,interpolation_duration: 1}
$data merge entity $(bone_rightringfinger) {transformation: [-0.9925f,0.0398f,-0.1155f,-0.9638f,0.1218f,0.3995f,-0.9086f,1.333f,0.0099f,-0.9159f,-0.4013f,1.7494f,0f,0f,0f,1f],start_interpolation: 0,interpolation_duration: 1}
$data merge entity $(bone_hugeasssword) {transformation: [-3.7543f,-1.0201f,-0.4523f,-0.7422f,-0.0157f,1.6356f,-3.5588f,1.5751f,1.1158f,-3.4095f,-1.5719f,1.5659f,0f,0f,0f,1f],start_interpolation: 0,interpolation_duration: 1}
$data merge entity $(bone_ice) {transformation: [-0.9586f,-0.2605f,-0.1155f,-0.7232f,-0.004f,0.4176f,-0.9086f,1.5686f,0.2849f,-0.8705f,-0.4013f,1.575f,0f,0f,0f,1f],start_interpolation: 0,interpolation_duration: 1}
$data merge entity $(bone_righthand1) {transformation: [-0.9586f,-0.2605f,-0.1155f,-1.0315f,-0.004f,0.4176f,-0.9086f,1.6436f,0.2849f,-0.8705f,-0.4013f,1.4161f,0f,0f,0f,1f],start_interpolation: 0,interpolation_duration: 1}
$data merge entity $(bone_rightforearm) {transformation: [-0.9153f,-0.1195f,-0.3847f,-1.0523f,0.1879f,0.7181f,-0.6701f,2.1472f,0.3563f,-0.6856f,-0.6348f,0.9216f,0f,0f,0f,1f],start_interpolation: 0,interpolation_duration: 1}
$data merge entity $(bone_rightelbow) {transformation: [-0.9153f,-0.1195f,-0.3847f,-1.0748f,0.1879f,0.7181f,-0.6701f,2.2819f,0.3563f,-0.6856f,-0.6348f,0.7931f,0f,0f,0f,1f],start_interpolation: 0,interpolation_duration: 1}
$data merge entity $(bone_rightarm) {transformation: [-0.9613f,0.0918f,-0.2596f,-0.7724f,0.1934f,0.8963f,-0.399f,2.7354f,0.1961f,-0.4338f,-0.8794f,0.6089f,0f,0f,0f,1f],start_interpolation: 0,interpolation_duration: 1}
$data merge entity $(bone_chest1) {transformation: [-1.033f,-0.0048f,0.3263f,0.1092f,0.2243f,0.7762f,0.7217f,2.6007f,-0.237f,0.7557f,-0.7391f,0.5622f,0f,0f,0f,1f],start_interpolation: 0,interpolation_duration: 1}
$data merge entity $(bone_chest1lid) {transformation: [-0.9536f,-0.0432f,0.2981f,-0.3312f,0.207f,0.6246f,0.753f,1.9211f,-0.2187f,0.7797f,-0.5867f,0.2777f,0f,0f,0f,1f],start_interpolation: 0,interpolation_duration: 1}
$data merge entity $(bone_chest2) {transformation: [-0.9536f,-0.0044f,0.3012f,-0.3305f,0.207f,0.7165f,0.6662f,1.8091f,-0.2187f,0.6976f,-0.6823f,0.1687f,0f,0f,0f,1f],start_interpolation: 0,interpolation_duration: 1}
$data merge entity $(bone_chest1lid3) {transformation: [-0.9536f,-0.0044f,0.3012f,-0.0787f,0.207f,0.7165f,0.6662f,2.3349f,-0.2187f,0.6976f,-0.6823f,-0.1457f,0f,0f,0f,1f],start_interpolation: 0,interpolation_duration: 1}
$data merge entity $(bone_chest3) {transformation: [-0.9536f,-0.0044f,0.3012f,-0.078f,0.207f,0.7165f,0.6662f,2.2229f,-0.2187f,0.6976f,-0.6823f,-0.2547f,0f,0f,0f,1f],start_interpolation: 0,interpolation_duration: 1}
$data merge entity $(bone_hugeasssword2) {transformation: [-1.1795f,2.7418f,-2.536f,-0.991f,-2.6092f,1.298f,2.6168f,3.8637f,2.6723f,2.4775f,1.4356f,0.9214f,0f,0f,0f,1f],start_interpolation: 0,interpolation_duration: 1}
$data merge entity $(bone_belt) {transformation: [-0.9536f,-0.0044f,0.3012f,0.1021f,0.207f,0.7165f,0.6662f,2.2215f,-0.2187f,0.6976f,-0.6823f,0.3806f,0f,0f,0f,1f],start_interpolation: 0,interpolation_duration: 1}
$data merge entity $(bone_torn_part) {transformation: [-0.9536f,-0.1291f,0.2721f,-0.0234f,0.207f,0.3752f,0.9035f,2.0417f,-0.2187f,0.9179f,-0.331f,0.1929f,0f,0f,0f,1f],start_interpolation: 0,interpolation_duration: 1}
$data merge entity $(bone_lowerbody) {transformation: [-0.9536f,0.076f,0.2914f,-0.0084f,0.207f,0.8682f,0.451f,1.5342f,-0.2187f,0.4904f,-0.8436f,0.0935f,0f,0f,0f,1f],start_interpolation: 0,interpolation_duration: 1}
$data merge entity $(bone_leftfoot) {transformation: [-0.9557f,-0.2892f,0.0542f,0.2468f,-0.2821f,0.953f,0.1104f,0.1593f,-0.0836f,0.0903f,-0.9924f,0.5234f,0f,0f,0f,1f],start_interpolation: 0,interpolation_duration: 1}
$data merge entity $(bone_leftlowerleg) {transformation: [-0.9557f,-0.2924f,-0.0327f,-0.0725f,-0.2821f,0.8791f,0.3841f,1.0756f,-0.0836f,0.3763f,-0.9227f,1.0827f,0f,0f,0f,1f],start_interpolation: 0,interpolation_duration: 1}
$data merge entity $(bone_leftleg) {transformation: [-0.9566f,0.1313f,0.2601f,0.0358f,-0.1951f,0.3745f,-0.9065f,1.3668f,-0.2165f,-0.9179f,-0.3326f,0.2753f,0f,0f,0f,1f],start_interpolation: 0,interpolation_duration: 1}
$data merge entity $(bone_rightfoot) {transformation: [-0.5164f,-0.0974f,0.8508f,-0.2727f,0.1749f,0.9606f,0.2162f,0.1894f,-0.8383f,0.2605f,-0.479f,-0.2259f,0f,0f,0f,1f],start_interpolation: 0,interpolation_duration: 1}
$data merge entity $(bone_rightlowerleg) {transformation: [-0.5164f,-0.469f,0.7165f,-0.9031f,0.1749f,0.7612f,0.6244f,0.9379f,-0.8383f,0.4478f,-0.3111f,0.3187f,0f,0f,0f,1f],start_interpolation: 0,interpolation_duration: 1}
$data merge entity $(bone_rightleg) {transformation: [-0.6038f,0.6633f,0.4421f,-0.3081f,0.0755f,0.5997f,-0.7966f,1.4828f,-0.7935f,-0.4476f,-0.4122f,-0.0649f,0f,0f,0f,1f],start_interpolation: 0,interpolation_duration: 1}
$data merge entity $(bone_sack_top) {transformation: [-0.2189f,-0.205f,-1.3675f,-0.2788f,0.2922f,-1.0784f,0.2111f,1.5662f,-1.3608f,-0.1986f,0.2653f,1.7885f,0f,0f,0f,1f],start_interpolation: 0,interpolation_duration: 1}
$data merge entity $(bone_sack_main) {transformation: [-0.1464f,-0.2751f,-0.9055f,-0.2788f,0.1954f,-1.4474f,0.1398f,1.5662f,-0.9101f,-0.2666f,0.1757f,1.7885f,0f,0f,0f,1f],start_interpolation: 0,interpolation_duration: 1}
data modify entity @s data merge value {"cameras":{},"locators":{"lefthand":{"posx":0.45962010063774317,"posy":1.2586846486634617,"posz":1.7717023915300099,"roty":38.40296531623923,"rotx":-56.266910362805206},"sword":{"posx":-0.3813228867868828,"posy":4.926451002312712,"posz":3.1015070500863207,"roty":343.94767956248984,"rotx":-65.31571114515435},"righthand":{"posx":-0.807146669244931,"posy":1.5759046957407539,"posz":1.6215848211127417,"roty":343.94767956248984,"rotx":-65.31571114515435},"chest":{"posx":-0.4077866604154865,"posy":1.7786679991924486,"posz":0.3338897126109272,"roty":23.816174953305563,"rotx":41.772712415573785},"sack":{"posx":-0.34479522406173146,"posy":1.1473230417878384,"posz":1.7814046123981415,"roty":259.02143192386717,"rotx":8.61719445824391}}}