# This file was generated by Animated Java via MC-Build. It is not recommended to edit this file directly.
$data merge entity $(bone_nose) {transformation: [-0.9821f,0.0457f,0.1828f,0.04f,0.1775f,0.5497f,0.8163f,2.5855f,-0.0632f,0.8341f,-0.548f,1.7153f,0f,0f,0f,1f],start_interpolation: 0,interpolation_duration: 1}
$data merge entity $(bone_glowing_eye) {transformation: [-0.9821f,0.0457f,0.1828f,-0.0861f,0.1775f,0.5497f,0.8163f,2.6164f,-0.0632f,0.8341f,-0.548f,1.783f,0f,0f,0f,1f],start_interpolation: 0,interpolation_duration: 1}
$data merge entity $(bone_head) {transformation: [-0.9821f,0.0457f,0.1828f,0.0686f,0.1775f,0.5497f,0.8163f,2.6704f,-0.0632f,0.8341f,-0.548f,1.5096f,0f,0f,0f,1f],start_interpolation: 0,interpolation_duration: 1}
$data merge entity $(bone_leftthumb2) {transformation: [-0.8273f,0.5354f,0.17f,-0.109f,0.4112f,0.7833f,-0.4661f,0.8857f,-0.3827f,-0.3157f,-0.8682f,1.7084f,0f,0f,0f,1f],start_interpolation: 0,interpolation_duration: 1}
$data merge entity $(bone_leftthumb) {transformation: [-0.8273f,0.5354f,0.17f,0.0368f,0.4112f,0.7833f,-0.4661f,1.0379f,-0.3827f,-0.3157f,-0.8682f,1.5568f,0f,0f,0f,1f],start_interpolation: 0,interpolation_duration: 1}
$data merge entity $(bone_leftpointerfinger) {transformation: [-0.9605f,0.2202f,0.17f,-0.0404f,0.1185f,0.8767f,-0.4661f,0.7141f,-0.2517f,-0.4276f,-0.8682f,1.6616f,0f,0f,0f,1f],start_interpolation: 0,interpolation_duration: 1}
$data merge entity $(bone_leftmidfinger) {transformation: [-0.8273f,0.5354f,0.17f,-0.0139f,0.4112f,0.7833f,-0.4661f,0.6413f,-0.3827f,-0.3157f,-0.8682f,1.5259f,0f,0f,0f,1f],start_interpolation: 0,interpolation_duration: 1}
$data merge entity $(bone_leftringfinger) {transformation: [-0.5594f,0.8113f,0.17f,0.0127f,0.6797f,0.5663f,-0.4661f,0.5684f,-0.4744f,-0.1452f,-0.8682f,1.3903f,0f,0f,0f,1f],start_interpolation: 0,interpolation_duration: 1}
$data merge entity $(bone_invisibility) {transformation: [0.5482f,-0.1226f,0.8273f,-0.1423f,0.7397f,0.5326f,-0.4112f,0.8914f,-0.3902f,0.8374f,0.3827f,1.5824f,0f,0f,0f,1f],start_interpolation: 0,interpolation_duration: 1}
$data merge entity $(bone_swiftness) {transformation: [0.17f,0.5354f,0.8273f,-0.226f,-0.4661f,0.7833f,-0.4112f,0.7194f,-0.8682f,-0.3157f,0.3827f,1.4424f,0f,0f,0f,1f],start_interpolation: 0,interpolation_duration: 1}
$data merge entity $(bone_suspicious_stew) {transformation: [0.5571f,0.0723f,0.8273f,-0.1355f,0.5129f,0.7535f,-0.4112f,0.7673f,-0.6531f,0.6534f,0.3827f,1.4344f,0f,0f,0f,1f],start_interpolation: 0,interpolation_duration: 1}
$data merge entity $(bone_log) {transformation: [-0.8273f,0.5354f,0.17f,-0.1382f,0.4112f,0.7833f,-0.4661f,0.8819f,-0.3827f,-0.3157f,-0.8682f,1.3184f,0f,0f,0f,1f],start_interpolation: 0,interpolation_duration: 1}
$data merge entity $(bone_planks) {transformation: [-0.8273f,0.5354f,0.17f,-0.2157f,0.4112f,0.7833f,-0.4661f,0.9205f,-0.3827f,-0.3157f,-0.8682f,1.2825f,0f,0f,0f,1f],start_interpolation: 0,interpolation_duration: 1}
$data merge entity $(bone_lefthand1) {transformation: [-0.8273f,0.5354f,0.17f,0.1972f,0.4112f,0.7833f,-0.4661f,0.9895f,-0.3827f,-0.3157f,-0.8682f,1.3623f,0f,0f,0f,1f],start_interpolation: 0,interpolation_duration: 1}
$data merge entity $(bone_leftforearm) {transformation: [-0.7255f,0.6717f,0.1499f,0.6174f,0.5608f,0.7032f,-0.4371f,1.5409f,-0.399f,-0.233f,-0.8868f,1.169f,0f,0f,0f,1f],start_interpolation: 0,interpolation_duration: 1}
$data merge entity $(bone_leftelbow) {transformation: [-0.7255f,0.6717f,0.1499f,0.7434f,0.5608f,0.7032f,-0.4371f,1.6727f,-0.399f,-0.233f,-0.8868f,1.1253f,0f,0f,0f,1f],start_interpolation: 0,interpolation_duration: 1}
$data merge entity $(bone_leftarm) {transformation: [-0.8061f,0.5192f,0.284f,0.7863f,0.5112f,0.8527f,-0.1078f,2.2456f,-0.2982f,0.0583f,-0.9527f,1.1721f,0f,0f,0f,1f],start_interpolation: 0,interpolation_duration: 1}
$data merge entity $(bone_rightthumb2) {transformation: [-0.5405f,-0.8292f,-0.1426f,-0.4473f,-0.5297f,0.467f,-0.708f,1.1651f,0.6537f,-0.3072f,-0.6916f,1.5294f,0f,0f,0f,1f],start_interpolation: 0,interpolation_duration: 1}
$data merge entity $(bone_rightthumb) {transformation: [-0.5405f,-0.8292f,-0.1426f,-0.6628f,-0.5297f,0.467f,-0.708f,1.2191f,0.6537f,-0.3072f,-0.6916f,1.395f,0f,0f,0f,1f],start_interpolation: 0,interpolation_duration: 1}
$data merge entity $(bone_rightpointerfinger) {transformation: [-0.9482f,-0.3175f,0.0021f,-0.6321f,-0.267f,0.7935f,-0.5468f,0.9051f,0.1719f,-0.5191f,-0.8372f,1.5442f,0f,0f,0f,1f],start_interpolation: 0,interpolation_duration: 1}
$data merge entity $(bone_rightmidfinger) {transformation: [-0.9816f,-0.191f,0.0021f,-0.6318f,-0.1611f,0.8216f,-0.5468f,0.8196f,0.1027f,-0.5371f,-0.8372f,1.4134f,0f,0f,0f,1f],start_interpolation: 0,interpolation_duration: 1}
$data merge entity $(bone_rightringfinger) {transformation: [-0.9945f,-0.1048f,0.0021f,-0.6315f,-0.0889f,0.8325f,-0.5468f,0.7342f,0.0555f,-0.544f,-0.8372f,1.2825f,0f,0f,0f,1f],start_interpolation: 0,interpolation_duration: 1}
$data merge entity $(bone_hugeasssword) {transformation: [-3.5914f,-1.5626f,0.0084f,-0.4693f,-1.3125f,3.0051f,-2.1418f,1.073f,0.8481f,-1.9667f,-3.2792f,1.2669f,0f,0f,0f,1f],start_interpolation: 0,interpolation_duration: 1}
$data merge entity $(bone_ice) {transformation: [-0.917f,-0.399f,0.0021f,-0.4487f,-0.3351f,0.7673f,-0.5468f,1.0663f,0.2165f,-0.5021f,-0.8372f,1.2714f,0f,0f,0f,1f],start_interpolation: 0,interpolation_duration: 1}
$data merge entity $(bone_righthand1) {transformation: [-0.917f,-0.399f,0.0021f,-0.7776f,-0.3351f,0.7673f,-0.5468f,1.1572f,0.2165f,-0.5021f,-0.8372f,1.1738f,0f,0f,0f,1f],start_interpolation: 0,interpolation_duration: 1}
$data merge entity $(bone_rightforearm) {transformation: [-0.9f,-0.2943f,-0.3216f,-0.9233f,-0.2089f,0.9387f,-0.2743f,1.8346f,0.3826f,-0.1797f,-0.9063f,1.0377f,0f,0f,0f,1f],start_interpolation: 0,interpolation_duration: 1}
$data merge entity $(bone_rightelbow) {transformation: [-0.9f,-0.2943f,-0.3216f,-0.9785f,-0.2089f,0.9387f,-0.2743f,2.0106f,0.3826f,-0.1797f,-0.9063f,1.004f,0f,0f,0f,1f],start_interpolation: 0,interpolation_duration: 1}
$data merge entity $(bone_rightarm) {transformation: [-0.9713f,-0.1162f,-0.2074f,-0.7858f,-0.0836f,0.9836f,-0.1597f,2.5519f,0.2226f,-0.1377f,-0.9651f,0.9741f,0f,0f,0f,1f],start_interpolation: 0,interpolation_duration: 1}
$data merge entity $(bone_chest1) {transformation: [-1.0391f,-0.014f,0.3061f,0.0979f,0.2709f,0.4642f,0.9406f,2.4606f,-0.1433f,0.9787f,-0.4418f,0.8828f,0f,0f,0f,1f],start_interpolation: 0,interpolation_duration: 1}
$data merge entity $(bone_chest1lid) {transformation: [-0.9592f,-0.0397f,0.2801f,-0.3314f,0.25f,0.344f,0.9051f,1.9133f,-0.1323f,0.9381f,-0.32f,0.3798f,0f,0f,0f,1f],start_interpolation: 0,interpolation_duration: 1}
$data merge entity $(bone_chest2) {transformation: [-0.9592f,-0.0129f,0.2826f,-0.3293f,0.25f,0.4285f,0.8682f,1.8463f,-0.1323f,0.9034f,-0.4078f,0.2386f,0f,0f,0f,1f],start_interpolation: 0,interpolation_duration: 1}
$data merge entity $(bone_chest1lid3) {transformation: [-0.9592f,-0.0129f,0.2826f,-0.0904f,0.25f,0.4285f,0.8682f,2.4539f,-0.1323f,0.9034f,-0.4078f,0.1268f,0f,0f,0f,1f],start_interpolation: 0,interpolation_duration: 1}
$data merge entity $(bone_chest3) {transformation: [-0.9592f,-0.0129f,0.2826f,-0.0884f,0.25f,0.4285f,0.8682f,2.3869f,-0.1323f,0.9034f,-0.4078f,-0.0144f,0f,0f,0f,1f],start_interpolation: 0,interpolation_duration: 1}
$data merge entity $(bone_hugeasssword2) {transformation: [-1.1068f,2.7356f,-2.5753f,-1.024f,-3.4006f,0.4119f,1.899f,3.4958f,1.5972f,2.7726f,2.2587f,1.66f,0f,0f,0f,1f],start_interpolation: 0,interpolation_duration: 1}
$data merge entity $(bone_belt) {transformation: [-0.9592f,-0.0129f,0.2826f,0.0968f,0.25f,0.4285f,0.8682f,2.1682f,-0.1323f,0.9034f,-0.4078f,0.5806f,0f,0f,0f,1f],start_interpolation: 0,interpolation_duration: 1}
$data merge entity $(bone_torn_part) {transformation: [-0.9592f,-0.1196f,0.2564f,-0.0279f,0.25f,0.0654f,0.966f,2.0606f,-0.1323f,0.9907f,-0.0329f,0.3477f,0f,0f,0f,1f],start_interpolation: 0,interpolation_duration: 1}
$data merge entity $(bone_lowerbody) {transformation: [-0.9592f,0.0732f,0.2733f,-0.0084f,0.25f,0.6711f,0.698f,1.6104f,-0.1323f,0.7378f,-0.662f,0.0935f,0f,0f,0f,1f],start_interpolation: 0,interpolation_duration: 1}
$data merge entity $(bone_leftfoot) {transformation: [-0.947f,-0.2991f,0.117f,0.2814f,-0.2908f,0.9532f,0.0828f,0.1161f,-0.1363f,0.0444f,-0.9897f,0.5324f,0f,0f,0f,1f],start_interpolation: 0,interpolation_duration: 1}
$data merge entity $(bone_leftlowerleg) {transformation: [-0.947f,-0.32f,0.0267f,-0.0778f,-0.2908f,0.8898f,0.3518f,1.0492f,-0.1363f,0.3254f,-0.9357f,1.0372f,0f,0f,0f,1f],start_interpolation: 0,interpolation_duration: 1}
$data merge entity $(bone_leftleg) {transformation: [-0.948f,0.1362f,0.2877f,0.0358f,-0.1876f,0.4909f,-0.8508f,1.443f,-0.2571f,-0.8605f,-0.4398f,0.2753f,0f,0f,0f,1f],start_interpolation: 0,interpolation_duration: 1}
$data merge entity $(bone_rightfoot) {transformation: [-0.5461f,-0.0708f,0.8348f,-0.2805f,0.184f,0.9619f,0.2019f,0.1622f,-0.8173f,0.2639f,-0.5122f,-0.267f,0f,0f,0f,1f],start_interpolation: 0,interpolation_duration: 1}
$data merge entity $(bone_rightlowerleg) {transformation: [-0.5461f,-0.4145f,0.728f,-0.8522f,0.184f,0.7884f,0.587f,0.9466f,-0.8173f,0.4545f,-0.3542f,0.2916f,0f,0f,0f,1f],start_interpolation: 0,interpolation_duration: 1}
$data merge entity $(bone_rightleg) {transformation: [-0.6103f,0.6071f,0.5088f,-0.3081f,0.06f,0.6759f,-0.7345f,1.559f,-0.7899f,-0.4178f,-0.449f,-0.0649f,0f,0f,0f,1f],start_interpolation: 0,interpolation_duration: 1}
$data merge entity $(bone_sack_top) {transformation: [0.0561f,-0.1229f,-0.3208f,-0.2611f,0.2128f,-0.8023f,0.0649f,0.9909f,-0.2429f,-0.7315f,-0.0173f,1.6088f,0f,0f,0f,1f],start_interpolation: 0,interpolation_duration: 1}
$data merge entity $(bone_sack_main) {transformation: [0.1182f,-0.1248f,-0.7925f,-0.2611f,0.4482f,-0.8151f,0.1603f,0.9909f,-0.5114f,-0.7432f,-0.0427f,1.6088f,0f,0f,0f,1f],start_interpolation: 0,interpolation_duration: 1}
data modify entity @s data merge value {"cameras":{},"locators":{"lefthand":{"posx":-0.10511829154366242,"posy":0.7894714049543188,"posz":1.3924927308663024,"roty":11.075675912211011,"rotx":-27.784251137660906},"sword":{"posx":-0.5363640151096896,"posy":3.0478540855632312,"posz":4.399939581191047,"roty":0.14603145652824878,"rotx":-33.15006207466356},"righthand":{"posx":-0.5284952613264204,"posy":1.031404788989076,"posz":1.312622531217155,"roty":0.14603145652824878,"rotx":-33.15006207466356},"chest":{"posx":-0.4046736134697972,"posy":1.7586468581713546,"posz":0.3829001789707463,"roty":34.71992501479471,"rotx":60.255243870614414},"sack":{"posx":-0.3189107004078683,"posy":0.6456616278087689,"posz":1.3850836659196897,"roty":273.08445560026206,"rotx":11.41943971035831}}}