# This file was generated by Animated Java via MC-Build. It is not recommended to edit this file directly.
$data merge entity $(bone_nose) {transformation: [-0.9521f,-0.107f,0.2865f,-0.3604f,0.0228f,0.9094f,0.4153f,3.422f,-0.305f,0.402f,-0.8634f,0.887f,0f,0f,0f,1f],start_interpolation: 0,interpolation_duration: 1}
$data merge entity $(bone_glowing_eye) {transformation: [-0.9521f,-0.107f,0.2865f,-0.4967f,0.0228f,0.9094f,0.4153f,3.4719f,-0.305f,0.402f,-0.8634f,0.9062f,0f,0f,0f,1f],start_interpolation: 0,interpolation_duration: 1}
$data merge entity $(bone_head) {transformation: [-0.9521f,-0.107f,0.2865f,-0.2936f,0.0228f,0.9094f,0.4153f,3.3875f,-0.305f,0.402f,-0.8634f,0.6757f,0f,0f,0f,1f],start_interpolation: 0,interpolation_duration: 1}
$data merge entity $(bone_leftthumb2) {transformation: [-0.9065f,0.2224f,0.359f,0.1178f,-0.3636f,0.0214f,-0.9313f,2.6394f,-0.2148f,-0.9747f,0.0615f,2.6277f,0f,0f,0f,1f],start_interpolation: 0,interpolation_duration: 1}
$data merge entity $(bone_leftthumb) {transformation: [-0.9065f,0.2224f,0.359f,0.2031f,-0.3636f,0.0214f,-0.9313f,2.565f,-0.2148f,-0.9747f,0.0615f,2.3939f,0f,0f,0f,1f],start_interpolation: 0,interpolation_duration: 1}
$data merge entity $(bone_leftpointerfinger) {transformation: [-0.9279f,-0.101f,0.359f,0.2461f,-0.349f,-0.1043f,-0.9313f,2.5541f,0.1315f,-0.9894f,0.0615f,2.7401f,0f,0f,0f,1f],start_interpolation: 0,interpolation_duration: 1}
$data merge entity $(bone_leftmidfinger) {transformation: [-0.9065f,0.2224f,0.359f,0.3022f,-0.3636f,0.0214f,-0.9313f,2.4086f,-0.2148f,-0.9747f,0.0615f,2.7498f,0f,0f,0f,1f],start_interpolation: 0,interpolation_duration: 1}
$data merge entity $(bone_leftringfinger) {transformation: [-0.7523f,0.5524f,0.359f,0.3582f,-0.3278f,0.1589f,-0.9313f,2.2631f,-0.5715f,-0.8183f,0.0615f,2.7594f,0f,0f,0f,1f],start_interpolation: 0,interpolation_duration: 1}
$data merge entity $(bone_invisibility) {transformation: [0.2528f,-0.3382f,0.9065f,0.0892f,-0.0599f,0.9296f,0.3636f,2.5174f,-0.9657f,-0.1462f,0.2148f,2.5913f,0f,0f,0f,1f],start_interpolation: 0,interpolation_duration: 1}
$data merge entity $(bone_swiftness) {transformation: [0.359f,0.2224f,0.9065f,0.0792f,-0.9313f,0.0214f,0.3636f,2.321f,0.0615f,-0.9747f,0.2148f,2.7237f,0f,0f,0f,1f],start_interpolation: 0,interpolation_duration: 1}
$data merge entity $(bone_suspicious_stew) {transformation: [0.3533f,-0.2314f,0.9065f,0.1461f,-0.3742f,0.8531f,0.3636f,2.3418f,-0.8574f,-0.4677f,0.2148f,2.6486f,0f,0f,0f,1f],start_interpolation: 0,interpolation_duration: 1}
$data merge entity $(bone_log) {transformation: [-0.9065f,0.2224f,0.359f,0.1057f,-0.3636f,0.0214f,-0.9313f,2.2667f,-0.2148f,-0.9747f,0.0615f,2.5095f,0f,0f,0f,1f],start_interpolation: 0,interpolation_duration: 1}
$data merge entity $(bone_planks) {transformation: [-0.9065f,0.2224f,0.359f,0.0208f,-0.3636f,0.0214f,-0.9313f,2.2326f,-0.2148f,-0.9747f,0.0615f,2.4893f,0f,0f,0f,1f],start_interpolation: 0,interpolation_duration: 1}
$data merge entity $(bone_lefthand1) {transformation: [-0.9065f,0.2224f,0.359f,0.3767f,-0.3636f,0.0214f,-0.9313f,2.3921f,-0.2148f,-0.9747f,0.0615f,2.3176f,0f,0f,0f,1f],start_interpolation: 0,interpolation_duration: 1}
$data merge entity $(bone_leftforearm) {transformation: [-0.7887f,0.4714f,0.3946f,0.647f,-0.2918f,0.2779f,-0.9152f,2.5731f,-0.5411f,-0.837f,-0.0817f,1.6756f,0f,0f,0f,1f],start_interpolation: 0,interpolation_duration: 1}
$data merge entity $(bone_leftelbow) {transformation: [-0.7887f,0.4714f,0.3946f,0.7353f,-0.2918f,0.2779f,-0.9152f,2.6252f,-0.5411f,-0.837f,-0.0817f,1.5186f,0f,0f,0f,1f],start_interpolation: 0,interpolation_duration: 1}
$data merge entity $(bone_leftarm) {transformation: [-0.9743f,-0.1065f,0.1985f,0.424f,-0.2249f,0.5076f,-0.8317f,2.9091f,-0.0122f,-0.855f,-0.5185f,1.1254f,0f,0f,0f,1f],start_interpolation: 0,interpolation_duration: 1}
$data merge entity $(bone_rightthumb2) {transformation: [-0.7177f,0.37f,0.5899f,-1.4577f,0.2693f,0.9287f,-0.2549f,1.8563f,-0.6422f,-0.024f,-0.7662f,-0.8987f,0f,0f,0f,1f],start_interpolation: 0,interpolation_duration: 1}
$data merge entity $(bone_rightthumb) {transformation: [-0.7177f,0.37f,0.5899f,-1.3166f,0.2693f,0.9287f,-0.2549f,2.0623f,-0.6422f,-0.024f,-0.7662f,-0.9701f,0f,0f,0f,1f],start_interpolation: 0,interpolation_duration: 1}
$data merge entity $(bone_rightpointerfinger) {transformation: [-0.2036f,0.6226f,0.7556f,-1.5069f,0.7194f,0.6186f,-0.3159f,1.8972f,-0.6641f,0.4793f,-0.5739f,-1.2116f,0f,0f,0f,1f],start_interpolation: 0,interpolation_duration: 1}
$data merge entity $(bone_rightmidfinger) {transformation: [-0.1206f,0.6439f,0.7556f,-1.3889f,0.794f,0.5194f,-0.3159f,1.8478f,-0.5958f,0.5619f,-0.5739f,-1.3012f,0f,0f,0f,1f],start_interpolation: 0,interpolation_duration: 1}
$data merge entity $(bone_rightringfinger) {transformation: [-0.064f,0.6519f,0.7556f,-1.2708f,0.8363f,0.4482f,-0.3159f,1.7985f,-0.5446f,0.6116f,-0.5739f,-1.3909f,0f,0f,0f,1f],start_interpolation: 0,interpolation_duration: 1}
$data merge entity $(bone_hugeasssword) {transformation: [-1.0068f,2.3598f,2.9594f,-1.21f,2.5959f,2.6591f,-1.2373f,1.8146f,-2.7547f,1.6433f,-2.2476f,-1.0202f,0f,0f,0f,1f],start_interpolation: 0,interpolation_duration: 1}
$data merge entity $(bone_ice) {transformation: [-0.2571f,0.6025f,0.7556f,-1.2154f,0.6628f,0.6789f,-0.3159f,1.7937f,-0.7033f,0.4196f,-0.5739f,-1.0158f,0f,0f,0f,1f],start_interpolation: 0,interpolation_duration: 1}
$data merge entity $(bone_righthand1) {transformation: [-0.2571f,0.6025f,0.7556f,-1.1055f,0.6628f,0.6789f,-0.3159f,2.1192f,-0.7033f,0.4196f,-0.5739f,-1.1047f,0f,0f,0f,1f],start_interpolation: 0,interpolation_duration: 1}
$data merge entity $(bone_rightforearm) {transformation: [-0.5329f,0.2511f,0.8081f,-0.9082f,0.5462f,0.8315f,0.1018f,2.6681f,-0.6463f,0.4956f,-0.5802f,-0.7067f,0f,0f,0f,1f],start_interpolation: 0,interpolation_duration: 1}
$data merge entity $(bone_rightelbow) {transformation: [-0.5329f,0.2511f,0.8081f,-0.8612f,0.5462f,0.8315f,0.1018f,2.824f,-0.6463f,0.4956f,-0.5802f,-0.6138f,0f,0f,0f,1f],start_interpolation: 0,interpolation_duration: 1}
$data merge entity $(bone_rightarm) {transformation: [-0.4018f,-0.0239f,0.9154f,-0.8666f,0.6547f,0.6915f,0.3054f,2.9933f,-0.6403f,0.722f,-0.2622f,-0.0639f,0f,0f,0f,1f],start_interpolation: 0,interpolation_duration: 1}
$data merge entity $(bone_chest1) {transformation: [-0.8201f,-0.3149f,0.634f,-0.0567f,0.1318f,0.8854f,0.6102f,2.8971f,-0.6955f,0.539f,-0.6319f,0.2999f,0f,0f,0f,1f],start_interpolation: 0,interpolation_duration: 1}
$data merge entity $(bone_chest1lid) {transformation: [-0.757f,-0.0446f,0.6519f,-0.3455f,0.1216f,0.9706f,0.2076f,2.1597f,-0.642f,0.2364f,-0.7293f,-0.0311f,0f,0f,0f,1f],start_interpolation: 0,interpolation_duration: 1}
$data merge entity $(bone_chest2) {transformation: [-0.757f,-0.2907f,0.5852f,-0.3001f,0.1216f,0.8173f,0.5632f,2.032f,-0.642f,0.4975f,-0.5833f,-0.1089f,0f,0f,0f,1f],start_interpolation: 0,interpolation_duration: 1}
$data merge entity $(bone_chest1lid3) {transformation: [-0.757f,-0.2907f,0.5852f,0.0767f,0.1216f,0.8173f,0.5632f,2.5129f,-0.642f,0.4975f,-0.5833f,-0.3647f,0f,0f,0f,1f],start_interpolation: 0,interpolation_duration: 1}
$data merge entity $(bone_chest3) {transformation: [-0.757f,-0.2907f,0.5852f,0.1221f,0.1216f,0.8173f,0.5632f,2.3852f,-0.642f,0.4975f,-0.5833f,-0.4424f,0f,0f,0f,1f],start_interpolation: 0,interpolation_duration: 1}
$data merge entity $(bone_hugeasssword2) {transformation: [-2.2922f,1.4168f,-2.8423f,-1.1715f,-2.206f,1.8113f,2.6819f,4.1445f,2.2846f,3.1705f,-0.2621f,-0.0684f,0f,0f,0f,1f],start_interpolation: 0,interpolation_duration: 1}
$data merge entity $(bone_belt) {transformation: [-0.757f,-0.2907f,0.5852f,0.0067f,0.1216f,0.8173f,0.5632f,2.494f,-0.642f,0.4975f,-0.5833f,0.1986f,0f,0f,0f,1f],start_interpolation: 0,interpolation_duration: 1}
$data merge entity $(bone_torn_part) {transformation: [-0.757f,-0.5681f,0.3229f,0.0067f,0.1216f,0.363f,0.9238f,2.2467f,-0.642f,0.7386f,-0.2057f,-0.0386f,0f,0f,0f,1f],start_interpolation: 0,interpolation_duration: 1}
$data merge entity $(bone_lowerbody) {transformation: [-0.757f,-0.2276f,0.6125f,0.1057f,0.1216f,0.8719f,0.4743f,1.7424f,-0.642f,0.4335f,-0.6323f,-0.0987f,0f,0f,0f,1f],start_interpolation: 0,interpolation_duration: 1}
$data merge entity $(bone_leftfoot) {transformation: [-0.978f,-0.1249f,0.1672f,0.295f,-0.1181f,0.9917f,0.05f,0.1468f,-0.1721f,0.0292f,-0.9847f,0.5719f,0f,0f,0f,1f],start_interpolation: 0,interpolation_duration: 1}
$data merge entity $(bone_leftlowerleg) {transformation: [-0.978f,-0.1245f,0.1675f,0.1312f,-0.1181f,0.9919f,0.0476f,1.2398f,-0.1721f,0.0268f,-0.9847f,0.7529f,0f,0f,0f,1f],start_interpolation: 0,interpolation_duration: 1}
$data merge entity $(bone_leftleg) {transformation: [-0.9575f,0.245f,0.152f,0.3344f,-0.0115f,0.4944f,-0.8692f,1.6384f,-0.2881f,-0.834f,-0.4706f,0.0129f,0f,0f,0f,1f],start_interpolation: 0,interpolation_duration: 1}
$data merge entity $(bone_rightfoot) {transformation: [-0.4805f,-0.0181f,0.8768f,-0.3103f,0.1241f,0.9883f,0.0884f,0.1649f,-0.8681f,0.1513f,-0.4727f,-0.2539f,0f,0f,0f,1f],start_interpolation: 0,interpolation_duration: 1}
$data merge entity $(bone_rightlowerleg) {transformation: [-0.4805f,-0.1405f,0.8656f,-0.5992f,0.1241f,0.9662f,0.2257f,1.2022f,-0.8681f,0.2159f,-0.4469f,0.0543f,0f,0f,0f,1f],start_interpolation: 0,interpolation_duration: 1}
$data merge entity $(bone_rightleg) {transformation: [-0.6051f,0.6569f,0.4499f,-0.01f,0.0728f,0.6083f,-0.7904f,1.7545f,-0.7928f,-0.4455f,-0.4158f,-0.3272f,0f,0f,0f,1f],start_interpolation: 0,interpolation_duration: 1}
$data merge entity $(bone_sack_top) {transformation: [-0.04f,0f,0f,-0.088f,0f,0.1f,0f,-0.4296f,0f,0f,-0.04f,-0.1088f,0f,0f,0f,1f],start_interpolation: 0,interpolation_duration: 1}
$data merge entity $(bone_sack_main) {transformation: [-0.0583f,0f,0f,-0.088f,0f,0.0583f,0f,-0.4296f,0f,0f,-0.0583f,-0.1088f,0f,0f,0f,1f],start_interpolation: 0,interpolation_duration: 1}
data modify entity @s data merge value {"cameras":{},"locators":{"lefthand":{"posx":0.1677359831607881,"posy":2.313680875762166,"posz":2.6047960390320872,"roty":99.7225053259966,"rotx":-68.64002842740798},"sword":{"posx":-4.0469487468323555,"posy":3.014978584142581,"posz":1.036754519946842,"roty":52.7838167049735,"rotx":-18.414868994324067},"righthand":{"posx":-1.2607445366040302,"posy":1.8501147690559598,"posz":-1.079330223443129,"roty":52.7838167049735,"rotx":-18.414868994324067},"chest":{"posx":-0.4424496300624825,"posy":2.0243958938011715,"posz":0.008856253834804984,"roty":45.094789501910384,"rotx":34.279909474401556},"sack":{"posx":-0.08171296296296296,"posy":-0.39212962962962933,"posz":-0.10879629629629632,"roty":0,"rotx":0}}}