# This file was generated by Animated Java via MC-Build. It is not recommended to edit this file directly.
$data merge entity $(bone_nose) {transformation: [-0.978f,0.0199f,0.2078f,0.0602f,0.1283f,0.8422f,0.5236f,3.825f,-0.1646f,0.5387f,-0.8262f,0.3412f,0f,0f,0f,1f],start_interpolation: 0,interpolation_duration: 1}
$data merge entity $(bone_glowing_eye) {transformation: [-0.978f,0.0199f,0.2078f,-0.068f,0.1283f,0.8422f,0.5236f,3.8798f,-0.1646f,0.5387f,-0.8262f,0.386f,0f,0f,0f,1f],start_interpolation: 0,interpolation_duration: 1}
$data merge entity $(bone_head) {transformation: [-0.978f,0.0199f,0.2078f,0.0966f,0.1283f,0.8422f,0.5236f,3.8191f,-0.1646f,0.5387f,-0.8262f,0.12f,0f,0f,0f,1f],start_interpolation: 0,interpolation_duration: 1}
$data merge entity $(bone_leftthumb2) {transformation: [-0.5956f,0.7881f,0.1555f,-0.4779f,-0.3943f,-0.1182f,-0.9113f,3.2728f,-0.6998f,-0.6041f,0.3812f,1.1496f,0f,0f,0f,1f],start_interpolation: 0,interpolation_duration: 1}
$data merge entity $(bone_leftthumb) {transformation: [-0.5956f,0.7881f,0.1555f,-0.2713f,-0.3943f,-0.1182f,-0.9113f,3.1659f,-0.6998f,-0.6041f,0.3812f,1.034f,0f,0f,0f,1f],start_interpolation: 0,interpolation_duration: 1}
$data merge entity $(bone_leftpointerfinger) {transformation: [-0.8293f,0.5368f,0.1555f,-0.4575f,-0.3301f,-0.246f,-0.9113f,3.2051f,-0.451f,-0.807f,0.3812f,1.3266f,0f,0f,0f,1f],start_interpolation: 0,interpolation_duration: 1}
$data merge entity $(bone_leftmidfinger) {transformation: [-0.5956f,0.7881f,0.1555f,-0.4332f,-0.3943f,-0.1182f,-0.9113f,3.0627f,-0.6998f,-0.6041f,0.3812f,1.3862f,0f,0f,0f,1f],start_interpolation: 0,interpolation_duration: 1}
$data merge entity $(bone_leftringfinger) {transformation: [-0.2487f,0.956f,0.1555f,-0.4089f,-0.4095f,0.0416f,-0.9113f,2.9204f,-0.8777f,-0.2903f,0.3812f,1.4457f,0f,0f,0f,1f],start_interpolation: 0,interpolation_duration: 1}
$data merge entity $(bone_invisibility) {transformation: [0.7986f,-0.0862f,0.5956f,-0.4878f,-0.1972f,0.8976f,0.3943f,3.1468f,-0.5686f,-0.4324f,0.6998f,1.1174f,0f,0f,0f,1f],start_interpolation: 0,interpolation_duration: 1}
$data merge entity $(bone_swiftness) {transformation: [0.1555f,0.7881f,0.5956f,-0.5964f,-0.9113f,-0.1182f,0.3943f,2.9714f,0.3812f,-0.6041f,0.6998f,1.2342f,0f,0f,0f,1f],start_interpolation: 0,interpolation_duration: 1}
$data merge entity $(bone_suspicious_stew) {transformation: [0.7799f,0.1922f,0.5956f,-0.4956f,-0.4923f,0.776f,0.3943f,2.9814f,-0.3864f,-0.6008f,0.6998f,1.2172f,0f,0f,0f,1f],start_interpolation: 0,interpolation_duration: 1}
$data merge entity $(bone_log) {transformation: [-0.5956f,0.7881f,0.1555f,-0.4457f,-0.3943f,-0.1182f,-0.9113f,2.887f,-0.6998f,-0.6041f,0.3812f,1.0939f,0f,0f,0f,1f],start_interpolation: 0,interpolation_duration: 1}
$data merge entity $(bone_planks) {transformation: [-0.5956f,0.7881f,0.1555f,-0.5015f,-0.3943f,-0.1182f,-0.9113f,2.85f,-0.6998f,-0.6041f,0.3812f,1.0283f,0f,0f,0f,1f],start_interpolation: 0,interpolation_duration: 1}
$data merge entity $(bone_lefthand1) {transformation: [-0.5956f,0.7881f,0.1555f,-0.1046f,-0.3943f,-0.1182f,-0.9113f,2.9845f,-0.6998f,-0.6041f,0.3812f,1.1059f,0f,0f,0f,1f],start_interpolation: 0,interpolation_duration: 1}
$data merge entity $(bone_leftforearm) {transformation: [-0.4524f,0.8794f,0.1482f,0.4864f,-0.3738f,-0.0361f,-0.9268f,2.9343f,-0.8097f,-0.4747f,0.3451f,0.6983f,0f,0f,0f,1f],start_interpolation: 0,interpolation_duration: 1}
$data merge entity $(bone_leftelbow) {transformation: [-0.4524f,0.8794f,0.1482f,0.6513f,-0.3738f,-0.0361f,-0.9268f,2.9276f,-0.8097f,-0.4747f,0.3451f,0.6093f,0f,0f,0f,1f],start_interpolation: 0,interpolation_duration: 1}
$data merge entity $(bone_leftarm) {transformation: [-0.7069f,0.6848f,0.1769f,0.8136f,0.1958f,0.4297f,-0.8815f,3.279f,-0.6797f,-0.5885f,-0.4378f,0.1823f,0f,0f,0f,1f],start_interpolation: 0,interpolation_duration: 1}
$data merge entity $(bone_rightthumb2) {transformation: [-0.1989f,-0.9193f,-0.3395f,-0.4505f,0.5818f,0.1681f,-0.7958f,3.0964f,0.7886f,-0.3558f,0.5015f,1.1732f,0f,0f,0f,1f],start_interpolation: 0,interpolation_duration: 1}
$data merge entity $(bone_rightthumb) {transformation: [-0.1989f,-0.9193f,-0.3395f,-0.705f,0.5818f,0.1681f,-0.7958f,3.0696f,0.7886f,-0.3558f,0.5015f,1.1288f,0f,0f,0f,1f],start_interpolation: 0,interpolation_duration: 1}
$data merge entity $(bone_rightpointerfinger) {transformation: [-0.7818f,-0.5589f,-0.2765f,-0.5928f,0.3848f,-0.0834f,-0.9192f,3.0855f,0.4907f,-0.825f,0.2803f,1.4589f,0f,0f,0f,1f],start_interpolation: 0,interpolation_duration: 1}
$data merge entity $(bone_rightmidfinger) {transformation: [-0.848f,-0.4521f,-0.2765f,-0.636f,0.3706f,-0.1329f,-0.9192f,2.9418f,0.3788f,-0.882f,0.2803f,1.5027f,0f,0f,0f,1f],start_interpolation: 0,interpolation_duration: 1}
$data merge entity $(bone_rightringfinger) {transformation: [-0.8842f,-0.3765f,-0.2765f,-0.6792f,0.3576f,-0.1647f,-0.9192f,2.7982f,0.3005f,-0.9117f,0.2803f,1.5465f,0f,0f,0f,1f],start_interpolation: 0,interpolation_duration: 1}
$data merge entity $(bone_hugeasssword) {transformation: [-2.8595f,-2.4476f,-1.083f,-0.5647f,1.5297f,-0.1941f,-3.6004f,2.8424f,2.1963f,-3.0515f,1.0977f,1.1911f,0f,0f,0f,1f],start_interpolation: 0,interpolation_duration: 1}
$data merge entity $(bone_ice) {transformation: [-0.7301f,-0.6249f,-0.2765f,-0.5435f,0.3906f,-0.0496f,-0.9192f,2.837f,0.5608f,-0.7791f,0.2803f,1.1946f,0f,0f,0f,1f],start_interpolation: 0,interpolation_duration: 1}
$data merge entity $(bone_righthand1) {transformation: [-0.7301f,-0.6249f,-0.2765f,-0.8909f,0.3906f,-0.0496f,-0.9192f,2.8936f,0.5608f,-0.7791f,0.2803f,1.1487f,0f,0f,0f,1f],start_interpolation: 0,interpolation_duration: 1}
$data merge entity $(bone_rightforearm) {transformation: [-0.6607f,-0.4183f,-0.6233f,-1.1339f,0.5729f,0.2555f,-0.7788f,3.0496f,0.485f,-0.8716f,0.0708f,0.5044f,0f,0f,0f,1f],start_interpolation: 0,interpolation_duration: 1}
$data merge entity $(bone_rightelbow) {transformation: [-0.6607f,-0.4183f,-0.6233f,-1.2124f,0.5729f,0.2555f,-0.7788f,3.0975f,0.485f,-0.8716f,0.0708f,0.341f,0f,0f,0f,1f],start_interpolation: 0,interpolation_duration: 1}
$data merge entity $(bone_rightarm) {transformation: [-0.8985f,0.3496f,-0.2655f,-0.792f,0.4218f,0.52f,-0.7428f,3.3364f,-0.1216f,-0.7794f,-0.6146f,0.0292f,0f,0f,0f,1f],start_interpolation: 0,interpolation_duration: 1}
$data merge entity $(bone_chest1) {transformation: [-1.0688f,0.0403f,0.1725f,0.0829f,0.0667f,1.0688f,0.164f,3.1838f,-0.164f,0.1724f,-1.0569f,-0.0645f,0f,0f,0f,1f],start_interpolation: 0,interpolation_duration: 1}
$data merge entity $(bone_chest1lid) {transformation: [-0.9865f,0.0556f,0.1537f,-0.3416f,0.0616f,0.9975f,0.0345f,2.4713f,-0.1514f,0.0435f,-0.9875f,0.1568f,0f,0f,0f,1f],start_interpolation: 0,interpolation_duration: 1}
$data merge entity $(bone_chest2) {transformation: [-0.9865f,0.0372f,0.1592f,-0.3474f,0.0616f,0.9866f,0.1513f,2.3172f,-0.1514f,0.1591f,-0.9756f,0.1319f,0f,0f,0f,1f],start_interpolation: 0,interpolation_duration: 1}
$data merge entity $(bone_chest1lid3) {transformation: [-0.9865f,0.0372f,0.1592f,-0.178f,0.0616f,0.9866f,0.1513f,2.5644f,-0.1514f,0.1591f,-0.9756f,-0.4587f,0f,0f,0f,1f],start_interpolation: 0,interpolation_duration: 1}
$data merge entity $(bone_chest3) {transformation: [-0.9865f,0.0372f,0.1592f,-0.1838f,0.0616f,0.9866f,0.1513f,2.4103f,-0.1514f,0.1591f,-0.9756f,-0.4836f,0f,0f,0f,1f],start_interpolation: 0,interpolation_duration: 1}
$data merge entity $(bone_hugeasssword2) {transformation: [-0.6235f,2.9471f,-2.5032f,-1.0473f,-0.5928f,2.4327f,3.0118f,4.4445f,3.821f,0.8583f,0.0588f,-0.3249f,0f,0f,0f,1f],start_interpolation: 0,interpolation_duration: 1}
$data merge entity $(bone_belt) {transformation: [-0.9865f,0.0372f,0.1592f,0.0789f,0.0616f,0.9866f,0.1513f,2.769f,-0.1514f,0.1591f,-0.9756f,0.0047f,0f,0f,0f,1f],start_interpolation: 0,interpolation_duration: 1}
$data merge entity $(bone_torn_part) {transformation: [-0.9865f,-0.0542f,0.1542f,-0.0551f,0.0616f,0.7507f,0.6577f,2.5047f,-0.1514f,0.6584f,-0.7373f,-0.0454f,0f,0f,0f,1f],start_interpolation: 0,interpolation_duration: 1}
$data merge entity $(bone_lowerbody) {transformation: [-0.9865f,0.0576f,0.153f,-0.0084f,0.0616f,0.9979f,0.0213f,2.0085f,-0.1514f,0.0304f,-0.988f,0.0935f,0f,0f,0f,1f],start_interpolation: 0,interpolation_duration: 1}
$data merge entity $(bone_leftfoot) {transformation: [-0.9417f,-0.2579f,0.2161f,0.2799f,-0.2455f,0.9659f,0.0829f,0.153f,-0.2301f,0.025f,-0.9728f,0.5636f,0f,0f,0f,1f],start_interpolation: 0,interpolation_duration: 1}
$data merge entity $(bone_leftlowerleg) {transformation: [-0.9417f,-0.2757f,0.1928f,-0.0557f,-0.2455f,0.955f,0.1667f,1.1868f,-0.2301f,0.1097f,-0.967f,0.8338f,0f,0f,0f,1f],start_interpolation: 0,interpolation_duration: 1}
$data merge entity $(bone_leftleg) {transformation: [-0.9472f,0.1101f,0.3013f,0.0358f,-0.1046f,0.7819f,-0.6145f,1.8411f,-0.3033f,-0.6136f,-0.7291f,0.2753f,0f,0f,0f,1f],start_interpolation: 0,interpolation_duration: 1}
$data merge entity $(bone_rightfoot) {transformation: [-0.5946f,0.038f,0.8031f,-0.2776f,0.1722f,0.9817f,0.081f,0.1913f,-0.7854f,0.1864f,-0.5903f,-0.3379f,0f,0f,0f,1f],start_interpolation: 0,interpolation_duration: 1}
$data merge entity $(bone_rightlowerleg) {transformation: [-0.5946f,-0.2053f,0.7774f,-0.6248f,0.1722f,0.9119f,0.3725f,1.1458f,-0.7854f,0.3553f,-0.5069f,0.1341f,0f,0f,0f,1f],start_interpolation: 0,interpolation_duration: 1}
$data merge entity $(bone_rightleg) {transformation: [-0.6211f,0.3551f,0.6987f,-0.3081f,0.0334f,0.9027f,-0.4291f,1.9571f,-0.783f,-0.2431f,-0.5725f,-0.0649f,0f,0f,0f,1f],start_interpolation: 0,interpolation_duration: 1}
$data merge entity $(bone_sack_top) {transformation: [0.0122f,0.2058f,-0.2933f,-0.5956f,0.1493f,0.8444f,0.0595f,2.7583f,0.2599f,-0.4946f,-0.0204f,1.2541f,0f,0f,0f,1f],start_interpolation: 0,interpolation_duration: 1}
$data merge entity $(bone_sack_main) {transformation: [0.0156f,0.1115f,-0.4359f,-0.5956f,0.1911f,0.4574f,0.0885f,2.7583f,0.3328f,-0.2679f,-0.0304f,1.2541f,0f,0f,0f,1f],start_interpolation: 0,interpolation_duration: 1}
data modify entity @s data merge value {"cameras":{},"locators":{"lefthand":{"posx":-0.453830557282815,"posy":2.9474089133168633,"posz":1.2007864501012955,"roty":157.81224438703313,"rotx":-65.69255791828574},"sword":{"posx":0.4217603263652028,"posy":6.278493691205604,"posz":0.22147275019535329,"roty":224.6137218172723,"rotx":-66.81512109558652},"righthand":{"posx":-0.5978493153039658,"posy":2.888798869810429,"posz":1.254923980985661,"roty":224.6137218172723,"rotx":-66.81512109558652},"chest":{"posx":-0.399616253742743,"posy":2.387949209186965,"posz":0.29455395865966494,"roty":9.267379604718371,"rotx":8.705026897929876},"sack":{"posx":-0.5210074822094062,"posy":3.0438529106507906,"posz":1.0144240379899525,"roty":273.9842596922002,"rotx":11.444425943988207}}}