# This file was generated by Animated Java via MC-Build. It is not recommended to edit this file directly.
$data merge entity $(bone_nose) {transformation: [-0.9831f,0.0273f,0.1813f,0.066f,0.1177f,0.852f,0.5101f,3.8303f,-0.1405f,0.5228f,-0.8408f,0.342f,0f,0f,0f,1f],start_interpolation: 0,interpolation_duration: 1}
$data merge entity $(bone_glowing_eye) {transformation: [-0.9831f,0.0273f,0.1813f,-0.0613f,0.1177f,0.852f,0.5101f,3.8849f,-0.1405f,0.5228f,-0.8408f,0.3892f,0f,0f,0f,1f],start_interpolation: 0,interpolation_duration: 1}
$data merge entity $(bone_head) {transformation: [-0.9831f,0.0273f,0.1813f,0.0966f,0.1177f,0.852f,0.5101f,3.8206f,-0.1405f,0.5228f,-0.8408f,0.12f,0f,0f,0f,1f],start_interpolation: 0,interpolation_duration: 1}
$data merge entity $(bone_leftthumb2) {transformation: [-0.1777f,0.9237f,0.3394f,-0.5615f,-0.6979f,0.1249f,-0.7052f,2.7808f,-0.6939f,-0.3622f,0.6224f,0.721f,0f,0f,0f,1f],start_interpolation: 0,interpolation_duration: 1}
$data merge entity $(bone_leftthumb) {transformation: [-0.1777f,0.9237f,0.3394f,-0.306f,-0.6979f,0.1249f,-0.7052f,2.7512f,-0.6939f,-0.3622f,0.6224f,0.6853f,0f,0f,0f,1f],start_interpolation: 0,interpolation_duration: 1}
$data merge entity $(bone_leftpointerfinger) {transformation: [-0.4829f,0.8072f,0.3394f,-0.5737f,-0.6985f,-0.1213f,-0.7052f,2.7534f,-0.5281f,-0.5776f,0.6224f,0.9092f,0f,0f,0f,1f],start_interpolation: 0,interpolation_duration: 1}
$data merge entity $(bone_leftmidfinger) {transformation: [-0.1777f,0.9237f,0.3394f,-0.5207f,-0.6979f,0.1249f,-0.7052f,2.6432f,-0.6939f,-0.3622f,0.6224f,1.0065f,0f,0f,0f,1f],start_interpolation: 0,interpolation_duration: 1}
$data merge entity $(bone_leftringfinger) {transformation: [0.1894f,0.9214f,0.3394f,-0.4676f,-0.5969f,0.3825f,-0.7052f,2.533f,-0.7796f,-0.0691f,0.6224f,1.1037f,0f,0f,0f,1f],start_interpolation: 0,interpolation_duration: 1}
$data merge entity $(bone_invisibility) {transformation: [0.9498f,-0.2576f,0.1777f,-0.5166f,0.063f,0.7135f,0.6979f,2.6583f,-0.3065f,-0.6516f,0.6939f,0.7201f,0f,0f,0f,1f],start_interpolation: 0,interpolation_duration: 1}
$data merge entity $(bone_swiftness) {transformation: [0.3394f,0.9237f,0.1777f,-0.5873f,-0.7052f,0.1249f,0.6979f,2.4728f,0.6224f,-0.3622f,0.6939f,0.8497f,0f,0f,0f,1f],start_interpolation: 0,interpolation_duration: 1}
$data merge entity $(bone_suspicious_stew) {transformation: [0.9806f,0.0827f,0.1777f,-0.4962f,-0.1848f,0.692f,0.6979f,2.5202f,-0.0652f,-0.7172f,0.6939f,0.8538f,0f,0f,0f,1f],start_interpolation: 0,interpolation_duration: 1}
$data merge entity $(bone_log) {transformation: [-0.1777f,0.9237f,0.3394f,-0.3815f,-0.6979f,0.1249f,-0.7052f,2.4373f,-0.6939f,-0.3622f,0.6224f,0.7726f,0f,0f,0f,1f],start_interpolation: 0,interpolation_duration: 1}
$data merge entity $(bone_planks) {transformation: [-0.1777f,0.9237f,0.3394f,-0.3982f,-0.6979f,0.1249f,-0.7052f,2.3719f,-0.6939f,-0.3622f,0.6224f,0.7076f,0f,0f,0f,1f],start_interpolation: 0,interpolation_duration: 1}
$data merge entity $(bone_lefthand1) {transformation: [-0.1777f,0.9237f,0.3394f,-0.1168f,-0.6979f,0.1249f,-0.7052f,2.6651f,-0.6939f,-0.3622f,0.6224f,0.8361f,0f,0f,0f,1f],start_interpolation: 0,interpolation_duration: 1}
$data merge entity $(bone_leftforearm) {transformation: [-0.0244f,0.9367f,0.3494f,0.5487f,-0.6373f,0.2547f,-0.7273f,2.8001f,-0.7702f,-0.2404f,0.5907f,0.5976f,0f,0f,0f,1f],start_interpolation: 0,interpolation_duration: 1}
$data merge entity $(bone_leftelbow) {transformation: [-0.0244f,0.9367f,0.3494f,0.7243f,-0.6373f,0.2547f,-0.7273f,2.8479f,-0.7702f,-0.2404f,0.5907f,0.5525f,0f,0f,0f,1f],start_interpolation: 0,interpolation_duration: 1}
$data merge entity $(bone_leftarm) {transformation: [-0.7356f,0.5861f,0.3396f,0.8136f,0.1516f,0.631f,-0.7608f,3.2805f,-0.6602f,-0.5082f,-0.553f,0.1823f,0f,0f,0f,1f],start_interpolation: 0,interpolation_duration: 1}
$data merge entity $(bone_rightthumb2) {transformation: [-0.0978f,-0.9645f,-0.2452f,-0.3847f,0.2731f,0.2109f,-0.9386f,2.8186f,0.957f,-0.1587f,0.2427f,0.8698f,0f,0f,0f,1f],start_interpolation: 0,interpolation_duration: 1}
$data merge entity $(bone_rightthumb) {transformation: [-0.0978f,-0.9645f,-0.2452f,-0.6422f,0.2731f,0.2109f,-0.9386f,2.7901f,0.957f,-0.1587f,0.2427f,0.8516f,0f,0f,0f,1f],start_interpolation: 0,interpolation_duration: 1}
$data merge entity $(bone_rightpointerfinger) {transformation: [-0.7125f,-0.6691f,-0.2115f,-0.4843f,0.1449f,0.1546f,-0.9773f,2.7039f,0.6866f,-0.7269f,-0.0132f,1.1507f,0f,0f,0f,1f],start_interpolation: 0,interpolation_duration: 1}
$data merge entity $(bone_rightmidfinger) {transformation: [-0.7937f,-0.5704f,-0.2115f,-0.5174f,0.1639f,0.1344f,-0.9773f,2.5512f,0.5858f,-0.8103f,-0.0132f,1.1486f,0f,0f,0f,1f],start_interpolation: 0,interpolation_duration: 1}
$data merge entity $(bone_rightringfinger) {transformation: [-0.8404f,-0.499f,-0.2115f,-0.5504f,0.175f,0.1196f,-0.9773f,2.3985f,0.513f,-0.8583f,-0.0132f,1.1466f,0f,0f,0f,1f],start_interpolation: 0,interpolation_duration: 1}
$data merge entity $(bone_hugeasssword) {transformation: [-2.5515f,-2.8538f,-0.8285f,-0.489f,0.5126f,0.6529f,-3.8277f,2.5656f,2.927f,-2.6019f,-0.0518f,0.8154f,0f,0f,0f,1f],start_interpolation: 0,interpolation_duration: 1}
$data merge entity $(bone_ice) {transformation: [-0.6514f,-0.7286f,-0.2115f,-0.4675f,0.1309f,0.1667f,-0.9773f,2.5609f,0.7473f,-0.6643f,-0.0132f,0.8141f,0f,0f,0f,1f],start_interpolation: 0,interpolation_duration: 1}
$data merge entity $(bone_righthand1) {transformation: [-0.6514f,-0.7286f,-0.2115f,-0.8191f,0.1309f,0.1667f,-0.9773f,2.6048f,0.7473f,-0.6643f,-0.0132f,0.8344f,0f,0f,0f,1f],start_interpolation: 0,interpolation_duration: 1}
$data merge entity $(bone_rightforearm) {transformation: [-0.598f,-0.5447f,-0.5879f,-1.1555f,0.3324f,0.4989f,-0.8004f,2.9474f,0.7293f,-0.6741f,-0.1173f,0.3167f,0f,0f,0f,1f],start_interpolation: 0,interpolation_duration: 1}
$data merge entity $(bone_rightelbow) {transformation: [-0.598f,-0.5447f,-0.5879f,-1.2576f,0.3324f,0.4989f,-0.8004f,3.0409f,0.7293f,-0.6741f,-0.1173f,0.1903f,0f,0f,0f,1f],start_interpolation: 0,interpolation_duration: 1}
$data merge entity $(bone_rightarm) {transformation: [-0.8658f,0.4712f,-0.1681f,-0.792f,0.4841f,0.7044f,-0.5191f,3.338f,-0.1262f,-0.5308f,-0.838f,0.0292f,0f,0f,0f,1f],start_interpolation: 0,interpolation_duration: 1}
$data merge entity $(bone_chest1) {transformation: [-1.0688f,0.0403f,0.1725f,0.0829f,0.0667f,1.0688f,0.164f,3.1853f,-0.164f,0.1724f,-1.0569f,-0.0645f,0f,0f,0f,1f],start_interpolation: 0,interpolation_duration: 1}
$data merge entity $(bone_chest1lid) {transformation: [-0.9865f,0.1578f,0.0427f,-0.3416f,0.0616f,0.6005f,-0.7973f,2.4729f,-0.1514f,-0.7839f,-0.6021f,0.1568f,0f,0f,0f,1f],start_interpolation: 0,interpolation_duration: 1}
$data merge entity $(bone_chest2) {transformation: [-0.9865f,0.0372f,0.1592f,-0.3474f,0.0616f,0.9866f,0.1513f,2.3187f,-0.1514f,0.1591f,-0.9756f,0.1319f,0f,0f,0f,1f],start_interpolation: 0,interpolation_duration: 1}
$data merge entity $(bone_chest1lid3) {transformation: [-0.9865f,0.0372f,0.1592f,-0.178f,0.0616f,0.9866f,0.1513f,2.566f,-0.1514f,0.1591f,-0.9756f,-0.4587f,0f,0f,0f,1f],start_interpolation: 0,interpolation_duration: 1}
$data merge entity $(bone_chest3) {transformation: [-0.9865f,0.0372f,0.1592f,-0.1838f,0.0616f,0.9866f,0.1513f,2.4118f,-0.1514f,0.1591f,-0.9756f,-0.4836f,0f,0f,0f,1f],start_interpolation: 0,interpolation_duration: 1}
$data merge entity $(bone_hugeasssword2) {transformation: [-0.6235f,2.9471f,-2.5032f,-1.0473f,-0.5928f,2.4327f,3.0118f,4.446f,3.821f,0.8583f,0.0588f,-0.3249f,0f,0f,0f,1f],start_interpolation: 0,interpolation_duration: 1}
$data merge entity $(bone_belt) {transformation: [-0.9865f,0.0372f,0.1592f,0.0789f,0.0616f,0.9866f,0.1513f,2.7706f,-0.1514f,0.1591f,-0.9756f,0.0047f,0f,0f,0f,1f],start_interpolation: 0,interpolation_duration: 1}
$data merge entity $(bone_torn_part) {transformation: [-0.9865f,-0.0542f,0.1542f,-0.0551f,0.0616f,0.7507f,0.6577f,2.5062f,-0.1514f,0.6584f,-0.7373f,-0.0454f,0f,0f,0f,1f],start_interpolation: 0,interpolation_duration: 1}
$data merge entity $(bone_lowerbody) {transformation: [-0.9865f,0.0576f,0.153f,-0.0084f,0.0616f,0.9979f,0.0213f,2.01f,-0.1514f,0.0304f,-0.988f,0.0935f,0f,0f,0f,1f],start_interpolation: 0,interpolation_duration: 1}
$data merge entity $(bone_leftfoot) {transformation: [-0.9417f,-0.2579f,0.2161f,0.2799f,-0.2455f,0.9659f,0.0829f,0.1545f,-0.2301f,0.025f,-0.9728f,0.5636f,0f,0f,0f,1f],start_interpolation: 0,interpolation_duration: 1}
$data merge entity $(bone_leftlowerleg) {transformation: [-0.9417f,-0.2757f,0.1928f,-0.0557f,-0.2455f,0.955f,0.1667f,1.1883f,-0.2301f,0.1097f,-0.967f,0.8338f,0f,0f,0f,1f],start_interpolation: 0,interpolation_duration: 1}
$data merge entity $(bone_leftleg) {transformation: [-0.9472f,0.1101f,0.3013f,0.0358f,-0.1046f,0.7819f,-0.6145f,1.8426f,-0.3033f,-0.6136f,-0.7291f,0.2753f,0f,0f,0f,1f],start_interpolation: 0,interpolation_duration: 1}
$data merge entity $(bone_rightfoot) {transformation: [-0.5946f,0.038f,0.8031f,-0.2776f,0.1722f,0.9817f,0.081f,0.1929f,-0.7854f,0.1864f,-0.5903f,-0.3379f,0f,0f,0f,1f],start_interpolation: 0,interpolation_duration: 1}
$data merge entity $(bone_rightlowerleg) {transformation: [-0.5946f,-0.2053f,0.7774f,-0.6248f,0.1722f,0.9119f,0.3725f,1.1473f,-0.7854f,0.3553f,-0.5069f,0.1341f,0f,0f,0f,1f],start_interpolation: 0,interpolation_duration: 1}
$data merge entity $(bone_rightleg) {transformation: [-0.6211f,0.3551f,0.6987f,-0.3081f,0.0334f,0.9027f,-0.4291f,1.9586f,-0.783f,-0.2431f,-0.5725f,-0.0649f,0f,0f,0f,1f],start_interpolation: 0,interpolation_duration: 1}
$data merge entity $(bone_sack_top) {transformation: [0.004f,0.0683f,-0.0974f,-0.5737f,0.0496f,0.2804f,0.0198f,2.3978f,0.0863f,-0.1642f,-0.0068f,0.6893f,0f,0f,0f,1f],start_interpolation: 0,interpolation_duration: 1}
$data merge entity $(bone_sack_main) {transformation: [0.0036f,0.0205f,-0.0904f,-0.5737f,0.044f,0.084f,0.0184f,2.3978f,0.0765f,-0.0492f,-0.0063f,0.6893f,0f,0f,0f,1f],start_interpolation: 0,interpolation_duration: 1}
data modify entity @s data merge value {"cameras":{},"locators":{"lefthand":{"posx":-0.4423357168592469,"posy":2.5040150380279282,"posz":0.8562252264468703,"roty":151.393839180252,"rotx":-44.849728502331836},"sword":{"posx":0.2661342903249611,"posy":6.189619532645322,"posz":0.943484036486883,"roty":273.57675678962744,"rotx":-77.76419439520336},"righthand":{"posx":-0.5138558211737165,"posy":2.5858861059290956,"posz":0.8947288815552185,"roty":273.57675678962744,"rotx":-77.76419439520336},"chest":{"posx":-0.399616253742743,"posy":2.389480044585711,"posz":0.29455395865966494,"roty":9.267379604718371,"rotx":8.705026897929876},"sack":{"posx":-0.5489559031829883,"posy":2.4926337238975584,"posz":0.6097392372588717,"roty":273.9842596922002,"rotx":11.44442594398821}}}