# This file was generated by Animated Java via MC-Build. It is not recommended to edit this file directly.
$data merge entity $(bone_nose) {transformation: [-0.9902f,0.0463f,0.1319f,0.0776f,0.0992f,0.8979f,0.429f,3.8431f,-0.0986f,0.4378f,-0.8936f,0.3414f,0f,0f,0f,1f],start_interpolation: 0,interpolation_duration: 1}
$data merge entity $(bone_glowing_eye) {transformation: [-0.9902f,0.0463f,0.1319f,-0.0476f,0.0992f,0.8979f,0.429f,3.9013f,-0.0986f,0.4378f,-0.8936f,0.3899f,0f,0f,0f,1f],start_interpolation: 0,interpolation_duration: 1}
$data merge entity $(bone_head) {transformation: [-0.9902f,0.0463f,0.1319f,0.0966f,0.0992f,0.8979f,0.429f,3.8125f,-0.0986f,0.4378f,-0.8936f,0.12f,0f,0f,0f,1f],start_interpolation: 0,interpolation_duration: 1}
$data merge entity $(bone_leftthumb2) {transformation: [-0.0765f,0.9243f,0.374f,-0.5279f,-0.7114f,0.2122f,-0.67f,2.6301f,-0.6986f,-0.3173f,0.6413f,0.6388f,0f,0f,0f,1f],start_interpolation: 0,interpolation_duration: 1}
$data merge entity $(bone_leftthumb) {transformation: [-0.0765f,0.9243f,0.374f,-0.2693f,-0.7114f,0.2122f,-0.67f,2.6249f,-0.6986f,-0.3173f,0.6413f,0.6158f,0f,0f,0f,1f],start_interpolation: 0,interpolation_duration: 1}
$data merge entity $(bone_leftpointerfinger) {transformation: [-0.388f,0.8424f,0.374f,-0.5467f,-0.741f,-0.0439f,-0.67f,2.6017f,-0.548f,-0.5371f,0.6413f,0.8263f,0f,0f,0f,1f],start_interpolation: 0,interpolation_duration: 1}
$data merge entity $(bone_leftmidfinger) {transformation: [-0.0765f,0.9243f,0.374f,-0.4882f,-0.7114f,0.2122f,-0.67f,2.497f,-0.6986f,-0.3173f,0.6413f,0.9265f,0f,0f,0f,1f],start_interpolation: 0,interpolation_duration: 1}
$data merge entity $(bone_leftringfinger) {transformation: [0.283f,0.8832f,0.374f,-0.4298f,-0.576f,0.4683f,-0.67f,2.3923f,-0.7669f,-0.0258f,0.6413f,1.0267f,0f,0f,0f,1f],start_interpolation: 0,interpolation_duration: 1}
$data merge entity $(bone_invisibility) {transformation: [0.9534f,-0.292f,0.0765f,-0.4716f,0.153f,0.686f,0.7114f,2.5124f,-0.2602f,-0.6665f,0.6986f,0.6406f,0f,0f,0f,1f],start_interpolation: 0,interpolation_duration: 1}
$data merge entity $(bone_swiftness) {transformation: [0.374f,0.9243f,0.0765f,-0.5306f,-0.67f,0.2122f,0.7114f,2.321f,0.6413f,-0.3173f,0.6986f,0.7674f,0f,0f,0f,1f],start_interpolation: 0,interpolation_duration: 1}
$data merge entity $(bone_suspicious_stew) {transformation: [0.9957f,0.0517f,0.0765f,-0.4448f,-0.0909f,0.6969f,0.7114f,2.3769f,-0.0165f,-0.7153f,0.6986f,0.7757f,0f,0f,0f,1f],start_interpolation: 0,interpolation_duration: 1}
$data merge entity $(bone_log) {transformation: [-0.0765f,0.9243f,0.374f,-0.3189f,-0.7114f,0.2122f,-0.67f,2.3053f,-0.6986f,-0.3173f,0.6413f,0.7006f,0f,0f,0f,1f],start_interpolation: 0,interpolation_duration: 1}
$data merge entity $(bone_planks) {transformation: [-0.0765f,0.9243f,0.374f,-0.3261f,-0.7114f,0.2122f,-0.67f,2.2386f,-0.6986f,-0.3173f,0.6413f,0.6351f,0f,0f,0f,1f],start_interpolation: 0,interpolation_duration: 1}
$data merge entity $(bone_lefthand1) {transformation: [-0.0765f,0.9243f,0.374f,-0.0804f,-0.7114f,0.2122f,-0.67f,2.5571f,-0.6986f,-0.3173f,0.6413f,0.7759f,0f,0f,0f,1f],start_interpolation: 0,interpolation_duration: 1}
$data merge entity $(bone_leftforearm) {transformation: [0.0739f,0.9189f,0.3875f,0.5801f,-0.6365f,0.3426f,-0.691f,2.7548f,-0.7677f,-0.1956f,0.6102f,0.5695f,0f,0f,0f,1f],start_interpolation: 0,interpolation_duration: 1}
$data merge entity $(bone_leftelbow) {transformation: [0.0739f,0.9189f,0.3875f,0.7524f,-0.6365f,0.3426f,-0.691f,2.8191f,-0.7677f,-0.1956f,0.6102f,0.5329f,0f,0f,0f,1f],start_interpolation: 0,interpolation_duration: 1}
$data merge entity $(bone_leftarm) {transformation: [-0.7496f,0.5447f,0.376f,0.8136f,0.1397f,0.6855f,-0.7145f,3.2724f,-0.647f,-0.4831f,-0.59f,0.1823f,0f,0f,0f,1f],start_interpolation: 0,interpolation_duration: 1}
$data merge entity $(bone_rightthumb2) {transformation: [-0.1113f,-0.9692f,-0.2198f,-0.3876f,0.1838f,0.1973f,-0.963f,2.7614f,0.9766f,-0.1475f,0.1562f,0.8078f,0f,0f,0f,1f],start_interpolation: 0,interpolation_duration: 1}
$data merge entity $(bone_rightthumb) {transformation: [-0.1113f,-0.9692f,-0.2198f,-0.6441f,0.1838f,0.1973f,-0.963f,2.7274f,0.9766f,-0.1475f,0.1562f,0.785f,0f,0f,0f,1f],start_interpolation: 0,interpolation_duration: 1}
$data merge entity $(bone_rightpointerfinger) {transformation: [-0.7204f,-0.6688f,-0.1835f,-0.4856f,0.0632f,0.2002f,-0.9777f,2.6194f,0.6907f,-0.7159f,-0.1019f,1.0766f,0f,0f,0f,1f],start_interpolation: 0,interpolation_duration: 1}
$data merge entity $(bone_rightmidfinger) {transformation: [-0.8015f,-0.5691f,-0.1835f,-0.5143f,0.0888f,0.1902f,-0.9777f,2.4666f,0.5913f,-0.8f,-0.1019f,1.0606f,0f,0f,0f,1f],start_interpolation: 0,interpolation_duration: 1}
$data merge entity $(bone_rightringfinger) {transformation: [-0.8481f,-0.4971f,-0.1835f,-0.5429f,0.105f,0.1817f,-0.9777f,2.3138f,0.5193f,-0.8485f,-0.1019f,1.0447f,0f,0f,0f,1f],start_interpolation: 0,interpolation_duration: 1}
$data merge entity $(bone_hugeasssword) {transformation: [-2.5825f,-2.8556f,-0.7187f,-0.4844f,0.1783f,0.8026f,-3.8294f,2.5114f,2.9392f,-2.5577f,-0.3992f,0.7302f,0f,0f,0f,1f],start_interpolation: 0,interpolation_duration: 1}
$data merge entity $(bone_ice) {transformation: [-0.6594f,-0.7291f,-0.1835f,-0.4627f,0.0455f,0.2049f,-0.9777f,2.5075f,0.7504f,-0.653f,-0.1019f,0.7287f,0f,0f,0f,1f],start_interpolation: 0,interpolation_duration: 1}
$data merge entity $(bone_righthand1) {transformation: [-0.6594f,-0.7291f,-0.1835f,-0.8155f,0.0455f,0.2049f,-0.9777f,2.5395f,0.7504f,-0.653f,-0.1019f,0.7499f,0f,0f,0f,1f],start_interpolation: 0,interpolation_duration: 1}
$data merge entity $(bone_rightforearm) {transformation: [-0.6116f,-0.5546f,-0.5642f,-1.1584f,0.2493f,0.5417f,-0.8028f,2.9174f,0.7509f,-0.6316f,-0.1931f,0.2619f,0f,0f,0f,1f],start_interpolation: 0,interpolation_duration: 1}
$data merge entity $(bone_rightelbow) {transformation: [-0.6116f,-0.5546f,-0.5642f,-1.2624f,0.2493f,0.5417f,-0.8028f,3.019f,0.7509f,-0.6316f,-0.1931f,0.1434f,0f,0f,0f,1f],start_interpolation: 0,interpolation_duration: 1}
$data merge entity $(bone_rightarm) {transformation: [-0.8626f,0.4902f,-0.125f,-0.792f,0.4898f,0.7472f,-0.4493f,3.3299f,-0.1268f,-0.4488f,-0.8846f,0.0292f,0f,0f,0f,1f],start_interpolation: 0,interpolation_duration: 1}
$data merge entity $(bone_chest1) {transformation: [-1.0688f,0.0403f,0.1725f,0.0829f,0.0667f,1.0688f,0.164f,3.1772f,-0.164f,0.1724f,-1.0569f,-0.0645f,0f,0f,0f,1f],start_interpolation: 0,interpolation_duration: 1}
$data merge entity $(bone_chest1lid) {transformation: [-0.9865f,0.153f,0.0576f,-0.3416f,0.0616f,0.674f,-0.7362f,2.4648f,-0.1514f,-0.7227f,-0.6743f,0.1568f,0f,0f,0f,1f],start_interpolation: 0,interpolation_duration: 1}
$data merge entity $(bone_chest2) {transformation: [-0.9865f,0.0372f,0.1592f,-0.3474f,0.0616f,0.9866f,0.1513f,2.3106f,-0.1514f,0.1591f,-0.9756f,0.1319f,0f,0f,0f,1f],start_interpolation: 0,interpolation_duration: 1}
$data merge entity $(bone_chest1lid3) {transformation: [-0.9865f,0.0372f,0.1592f,-0.178f,0.0616f,0.9866f,0.1513f,2.5579f,-0.1514f,0.1591f,-0.9756f,-0.4587f,0f,0f,0f,1f],start_interpolation: 0,interpolation_duration: 1}
$data merge entity $(bone_chest3) {transformation: [-0.9865f,0.0372f,0.1592f,-0.1838f,0.0616f,0.9866f,0.1513f,2.4037f,-0.1514f,0.1591f,-0.9756f,-0.4836f,0f,0f,0f,1f],start_interpolation: 0,interpolation_duration: 1}
$data merge entity $(bone_hugeasssword2) {transformation: [-0.6235f,2.9471f,-2.5032f,-1.0473f,-0.5928f,2.4327f,3.0118f,4.4379f,3.821f,0.8583f,0.0588f,-0.3249f,0f,0f,0f,1f],start_interpolation: 0,interpolation_duration: 1}
$data merge entity $(bone_belt) {transformation: [-0.9865f,0.0372f,0.1592f,0.0789f,0.0616f,0.9866f,0.1513f,2.7625f,-0.1514f,0.1591f,-0.9756f,0.0047f,0f,0f,0f,1f],start_interpolation: 0,interpolation_duration: 1}
$data merge entity $(bone_torn_part) {transformation: [-0.9865f,-0.0542f,0.1542f,-0.0551f,0.0616f,0.7507f,0.6577f,2.4982f,-0.1514f,0.6584f,-0.7373f,-0.0454f,0f,0f,0f,1f],start_interpolation: 0,interpolation_duration: 1}
$data merge entity $(bone_lowerbody) {transformation: [-0.9865f,0.0576f,0.153f,-0.0084f,0.0616f,0.9979f,0.0213f,2.0019f,-0.1514f,0.0304f,-0.988f,0.0935f,0f,0f,0f,1f],start_interpolation: 0,interpolation_duration: 1}
$data merge entity $(bone_leftfoot) {transformation: [-0.9417f,-0.2579f,0.2161f,0.2799f,-0.2455f,0.9659f,0.0829f,0.1464f,-0.2301f,0.025f,-0.9728f,0.5636f,0f,0f,0f,1f],start_interpolation: 0,interpolation_duration: 1}
$data merge entity $(bone_leftlowerleg) {transformation: [-0.9417f,-0.2757f,0.1928f,-0.0557f,-0.2455f,0.955f,0.1667f,1.1802f,-0.2301f,0.1097f,-0.967f,0.8338f,0f,0f,0f,1f],start_interpolation: 0,interpolation_duration: 1}
$data merge entity $(bone_leftleg) {transformation: [-0.9472f,0.1101f,0.3013f,0.0358f,-0.1046f,0.7819f,-0.6145f,1.8345f,-0.3033f,-0.6136f,-0.7291f,0.2753f,0f,0f,0f,1f],start_interpolation: 0,interpolation_duration: 1}
$data merge entity $(bone_rightfoot) {transformation: [-0.5946f,0.038f,0.8031f,-0.2776f,0.1722f,0.9817f,0.081f,0.1848f,-0.7854f,0.1864f,-0.5903f,-0.3379f,0f,0f,0f,1f],start_interpolation: 0,interpolation_duration: 1}
$data merge entity $(bone_rightlowerleg) {transformation: [-0.5946f,-0.2053f,0.7774f,-0.6248f,0.1722f,0.9119f,0.3725f,1.1392f,-0.7854f,0.3553f,-0.5069f,0.1341f,0f,0f,0f,1f],start_interpolation: 0,interpolation_duration: 1}
$data merge entity $(bone_rightleg) {transformation: [-0.6211f,0.3551f,0.6987f,-0.3081f,0.0334f,0.9027f,-0.4291f,1.9505f,-0.783f,-0.2431f,-0.5725f,-0.0649f,0f,0f,0f,1f],start_interpolation: 0,interpolation_duration: 1}
$data merge entity $(bone_sack_top) {transformation: [0.0016f,0.0277f,-0.0394f,-0.6042f,0.0201f,0.1136f,0.008f,2.2727f,0.035f,-0.0665f,-0.0027f,0.4736f,0f,0f,0f,1f],start_interpolation: 0,interpolation_duration: 1}
$data merge entity $(bone_sack_main) {transformation: [0.0013f,0.007f,-0.0323f,-0.6042f,0.0162f,0.0286f,0.0066f,2.2727f,0.0283f,-0.0168f,-0.0023f,0.4736f,0f,0f,0f,1f],start_interpolation: 0,interpolation_duration: 1}
data modify entity @s data merge value {"cameras":{},"locators":{"lefthand":{"posx":-0.3897978716692856,"posy":2.365867187382702,"posz":0.7808871791921774,"roty":149.75172499655994,"rotx":-42.06879028030057},"sword":{"posx":0.16646960321270488,"posy":6.129164892147245,"posz":1.1867304044961609,"roty":299.0498763152467,"rotx":-77.88253947339796},"righthand":{"posx":-0.5102178810825485,"posy":2.523824931267726,"posz":0.8108659806896135,"roty":299.0498763152467,"rotx":-77.88253947339796},"chest":{"posx":-0.399616253742743,"posy":2.3813884860494814,"posz":0.29455395865966494,"roty":9.267379604718371,"rotx":8.705026897929876},"sack":{"posx":-0.5942038612437897,"posy":2.311072254700594,"posz":0.44132397843741566,"roty":273.9842596922002,"rotx":11.444425943988207}}}