# This file was generated by Animated Java via MC-Build. It is not recommended to edit this file directly.
$data merge entity $(bone_nose) {transformation: [-0.9935f,0.0533f,0.1009f,0.0843f,0.0878f,0.9221f,0.3769f,3.8514f,-0.0729f,0.3832f,-0.9208f,0.3397f,0f,0f,0f,1f],start_interpolation: 0,interpolation_duration: 1}
$data merge entity $(bone_glowing_eye) {transformation: [-0.9935f,0.0533f,0.1009f,-0.0398f,0.0878f,0.9221f,0.3769f,3.9117f,-0.0729f,0.3832f,-0.9208f,0.3887f,0f,0f,0f,1f],start_interpolation: 0,interpolation_duration: 1}
$data merge entity $(bone_head) {transformation: [-0.9935f,0.0533f,0.1009f,0.0966f,0.0878f,0.9221f,0.3769f,3.8082f,-0.0729f,0.3832f,-0.9208f,0.12f,0f,0f,0f,1f],start_interpolation: 0,interpolation_duration: 1}
$data merge entity $(bone_leftthumb2) {transformation: [-0.0394f,0.9183f,0.3939f,-0.5055f,-0.7074f,0.2527f,-0.66f,2.563f,-0.7057f,-0.3047f,0.6397f,0.6119f,0f,0f,0f,1f],start_interpolation: 0,interpolation_duration: 1}
$data merge entity $(bone_leftthumb) {transformation: [-0.0394f,0.9183f,0.3939f,-0.2466f,-0.7074f,0.2527f,-0.66f,2.5686f,-0.7057f,-0.3047f,0.6397f,0.5918f,0f,0f,0f,1f],start_interpolation: 0,interpolation_duration: 1}
$data merge entity $(bone_leftpointerfinger) {transformation: [-0.3511f,0.8495f,0.3939f,-0.5252f,-0.7512f,-0.0045f,-0.66f,2.5321f,-0.5589f,-0.5276f,0.6397f,0.799f,0f,0f,0f,1f],start_interpolation: 0,interpolation_duration: 1}
$data merge entity $(bone_leftmidfinger) {transformation: [-0.0394f,0.9183f,0.3939f,-0.4636f,-0.7074f,0.2527f,-0.66f,2.429f,-0.7057f,-0.3047f,0.6397f,0.8989f,0f,0f,0f,1f],start_interpolation: 0,interpolation_duration: 1}
$data merge entity $(bone_leftringfinger) {transformation: [0.315f,0.8635f,0.3939f,-0.4021f,-0.5569f,0.5042f,-0.66f,2.3259f,-0.7685f,-0.0114f,0.6397f,0.9989f,0f,0f,0f,1f],start_interpolation: 0,interpolation_duration: 1}
$data merge entity $(bone_invisibility) {transformation: [0.9492f,-0.3123f,0.0394f,-0.4444f,0.1942f,0.6796f,0.7074f,2.4478f,-0.2477f,-0.6638f,0.7057f,0.6133f,0f,0f,0f,1f],start_interpolation: 0,interpolation_duration: 1}
$data merge entity $(bone_swiftness) {transformation: [0.3939f,0.9183f,0.0394f,-0.497f,-0.66f,0.2527f,0.7074f,2.2529f,0.6397f,-0.3047f,0.7057f,0.7378f,0f,0f,0f,1f],start_interpolation: 0,interpolation_duration: 1}
$data merge entity $(bone_suspicious_stew) {transformation: [0.9987f,0.0311f,0.0394f,-0.4136f,-0.0499f,0.705f,0.7074f,2.3122f,-0.0058f,-0.7085f,0.7057f,0.7476f,0f,0f,0f,1f],start_interpolation: 0,interpolation_duration: 1}
$data merge entity $(bone_log) {transformation: [-0.0394f,0.9183f,0.3939f,-0.2841f,-0.7074f,0.2527f,-0.66f,2.2465f,-0.7057f,-0.3047f,0.6397f,0.6733f,0f,0f,0f,1f],start_interpolation: 0,interpolation_duration: 1}
$data merge entity $(bone_planks) {transformation: [-0.0394f,0.9183f,0.3939f,-0.2878f,-0.7074f,0.2527f,-0.66f,2.1802f,-0.7057f,-0.3047f,0.6397f,0.6071f,0f,0f,0f,1f],start_interpolation: 0,interpolation_duration: 1}
$data merge entity $(bone_lefthand1) {transformation: [-0.0394f,0.9183f,0.3939f,-0.0569f,-0.7074f,0.2527f,-0.66f,2.5071f,-0.7057f,-0.3047f,0.6397f,0.7536f,0f,0f,0f,1f],start_interpolation: 0,interpolation_duration: 1}
$data merge entity $(bone_leftforearm) {transformation: [0.1085f,0.9062f,0.4086f,0.5972f,-0.6258f,0.3816f,-0.6802f,2.7336f,-0.7724f,-0.1819f,0.6086f,0.5566f,0f,0f,0f,1f],start_interpolation: 0,interpolation_duration: 1}
$data merge entity $(bone_leftelbow) {transformation: [0.1085f,0.9062f,0.4086f,0.7671f,-0.6258f,0.3816f,-0.6802f,2.8051f,-0.7724f,-0.1819f,0.6086f,0.5225f,0f,0f,0f,1f],start_interpolation: 0,interpolation_duration: 1}
$data merge entity $(bone_leftarm) {transformation: [-0.7576f,0.5226f,0.391f,0.8136f,0.1344f,0.7111f,-0.6901f,3.268f,-0.6387f,-0.4703f,-0.609f,0.1823f,0f,0f,0f,1f],start_interpolation: 0,interpolation_duration: 1}
$data merge entity $(bone_rightthumb2) {transformation: [-0.127f,-0.9697f,-0.2087f,-0.3938f,0.1406f,0.1907f,-0.9715f,2.7336f,0.9819f,-0.1528f,0.1121f,0.7855f,0f,0f,0f,1f],start_interpolation: 0,interpolation_duration: 1}
$data merge entity $(bone_rightthumb) {transformation: [-0.127f,-0.9697f,-0.2087f,-0.6495f,0.1406f,0.1907f,-0.9715f,2.6974f,0.9819f,-0.1528f,0.1121f,0.7576f,0f,0f,0f,1f],start_interpolation: 0,interpolation_duration: 1}
$data merge entity $(bone_rightpointerfinger) {transformation: [-0.7305f,-0.6617f,-0.1687f,-0.4935f,0.0244f,0.2217f,-0.9748f,2.5791f,0.6825f,-0.7162f,-0.1458f,1.0466f,0f,0f,0f,1f],start_interpolation: 0,interpolation_duration: 1}
$data merge entity $(bone_rightmidfinger) {transformation: [-0.8106f,-0.5607f,-0.1687f,-0.5198f,0.0531f,0.2166f,-0.9748f,2.4267f,0.5831f,-0.7992f,-0.1458f,1.0238f,0f,0f,0f,1f],start_interpolation: 0,interpolation_duration: 1}
$data merge entity $(bone_rightringfinger) {transformation: [-0.8564f,-0.4879f,-0.1687f,-0.5462f,0.0718f,0.2112f,-0.9748f,2.2744f,0.5113f,-0.847f,-0.1458f,1.001f,0f,0f,0f,1f],start_interpolation: 0,interpolation_duration: 1}
$data merge entity $(bone_hugeasssword) {transformation: [-2.6244f,-2.8313f,-0.6609f,-0.486f,0.0193f,0.8733f,-3.818f,2.4859f,2.9073f,-2.5615f,-0.5712f,0.6961f,0f,0f,0f,1f],start_interpolation: 0,interpolation_duration: 1}
$data merge entity $(bone_ice) {transformation: [-0.6701f,-0.7229f,-0.1687f,-0.4643f,0.0049f,0.223f,-0.9748f,2.4824f,0.7423f,-0.654f,-0.1458f,0.6947f,0f,0f,0f,1f],start_interpolation: 0,interpolation_duration: 1}
$data merge entity $(bone_righthand1) {transformation: [-0.6701f,-0.7229f,-0.1687f,-0.8178f,0.0049f,0.223f,-0.9748f,2.5089f,0.7423f,-0.654f,-0.1458f,0.7122f,0f,0f,0f,1f],start_interpolation: 0,interpolation_duration: 1}
$data merge entity $(bone_rightforearm) {transformation: [-0.6251f,-0.5534f,-0.5505f,-1.1592f,0.2091f,0.5608f,-0.8011f,2.9027f,0.752f,-0.6159f,-0.2349f,0.2358f,0f,0f,0f,1f],start_interpolation: 0,interpolation_duration: 1}
$data merge entity $(bone_rightelbow) {transformation: [-0.6251f,-0.5534f,-0.5505f,-1.2629f,0.2091f,0.5608f,-0.8011f,3.0078f,0.752f,-0.6159f,-0.2349f,0.1203f,0f,0f,0f,1f],start_interpolation: 0,interpolation_duration: 1}
$data merge entity $(bone_rightarm) {transformation: [-0.8625f,0.4956f,-0.1019f,-0.792f,0.4896f,0.7668f,-0.4151f,3.3255f,-0.1276f,-0.4079f,-0.9041f,0.0292f,0f,0f,0f,1f],start_interpolation: 0,interpolation_duration: 1}
$data merge entity $(bone_chest1) {transformation: [-1.0688f,0.0403f,0.1725f,0.0829f,0.0667f,1.0688f,0.164f,3.1729f,-0.164f,0.1724f,-1.0569f,-0.0645f,0f,0f,0f,1f],start_interpolation: 0,interpolation_duration: 1}
$data merge entity $(bone_chest1lid) {transformation: [-0.9865f,0.1482f,0.0689f,-0.3416f,0.0616f,0.7275f,-0.6834f,2.4604f,-0.1514f,-0.6699f,-0.7268f,0.1568f,0f,0f,0f,1f],start_interpolation: 0,interpolation_duration: 1}
$data merge entity $(bone_chest2) {transformation: [-0.9865f,0.0372f,0.1592f,-0.3474f,0.0616f,0.9866f,0.1513f,2.3062f,-0.1514f,0.1591f,-0.9756f,0.1319f,0f,0f,0f,1f],start_interpolation: 0,interpolation_duration: 1}
$data merge entity $(bone_chest1lid3) {transformation: [-0.9865f,0.0372f,0.1592f,-0.178f,0.0616f,0.9866f,0.1513f,2.5535f,-0.1514f,0.1591f,-0.9756f,-0.4587f,0f,0f,0f,1f],start_interpolation: 0,interpolation_duration: 1}
$data merge entity $(bone_chest3) {transformation: [-0.9865f,0.0372f,0.1592f,-0.1838f,0.0616f,0.9866f,0.1513f,2.3994f,-0.1514f,0.1591f,-0.9756f,-0.4836f,0f,0f,0f,1f],start_interpolation: 0,interpolation_duration: 1}
$data merge entity $(bone_hugeasssword2) {transformation: [-0.6235f,2.9471f,-2.5032f,-1.0473f,-0.5928f,2.4327f,3.0118f,4.4335f,3.821f,0.8583f,0.0588f,-0.3249f,0f,0f,0f,1f],start_interpolation: 0,interpolation_duration: 1}
$data merge entity $(bone_belt) {transformation: [-0.9865f,0.0372f,0.1592f,0.0789f,0.0616f,0.9866f,0.1513f,2.7581f,-0.1514f,0.1591f,-0.9756f,0.0047f,0f,0f,0f,1f],start_interpolation: 0,interpolation_duration: 1}
$data merge entity $(bone_torn_part) {transformation: [-0.9865f,-0.0542f,0.1542f,-0.0551f,0.0616f,0.7507f,0.6577f,2.4938f,-0.1514f,0.6584f,-0.7373f,-0.0454f,0f,0f,0f,1f],start_interpolation: 0,interpolation_duration: 1}
$data merge entity $(bone_lowerbody) {transformation: [-0.9865f,0.0576f,0.153f,-0.0084f,0.0616f,0.9979f,0.0213f,1.9975f,-0.1514f,0.0304f,-0.988f,0.0935f,0f,0f,0f,1f],start_interpolation: 0,interpolation_duration: 1}
$data merge entity $(bone_leftfoot) {transformation: [-0.9417f,-0.2579f,0.2161f,0.2799f,-0.2455f,0.9659f,0.0829f,0.1421f,-0.2301f,0.025f,-0.9728f,0.5636f,0f,0f,0f,1f],start_interpolation: 0,interpolation_duration: 1}
$data merge entity $(bone_leftlowerleg) {transformation: [-0.9417f,-0.2757f,0.1928f,-0.0557f,-0.2455f,0.955f,0.1667f,1.1758f,-0.2301f,0.1097f,-0.967f,0.8338f,0f,0f,0f,1f],start_interpolation: 0,interpolation_duration: 1}
$data merge entity $(bone_leftleg) {transformation: [-0.9472f,0.1101f,0.3013f,0.0358f,-0.1046f,0.7819f,-0.6145f,1.8301f,-0.3033f,-0.6136f,-0.7291f,0.2753f,0f,0f,0f,1f],start_interpolation: 0,interpolation_duration: 1}
$data merge entity $(bone_rightfoot) {transformation: [-0.5946f,0.038f,0.8031f,-0.2776f,0.1722f,0.9817f,0.081f,0.1804f,-0.7854f,0.1864f,-0.5903f,-0.3379f,0f,0f,0f,1f],start_interpolation: 0,interpolation_duration: 1}
$data merge entity $(bone_rightlowerleg) {transformation: [-0.5946f,-0.2053f,0.7774f,-0.6248f,0.1722f,0.9119f,0.3725f,1.1349f,-0.7854f,0.3553f,-0.5069f,0.1341f,0f,0f,0f,1f],start_interpolation: 0,interpolation_duration: 1}
$data merge entity $(bone_rightleg) {transformation: [-0.6211f,0.3551f,0.6987f,-0.3081f,0.0334f,0.9027f,-0.4291f,1.9461f,-0.783f,-0.2431f,-0.5725f,-0.0649f,0f,0f,0f,1f],start_interpolation: 0,interpolation_duration: 1}
$data merge entity $(bone_sack_top) {transformation: [0.0007f,0.0118f,-0.0167f,-0.6162f,0.0085f,0.0482f,0.0034f,2.2237f,0.0148f,-0.0282f,-0.0012f,0.3782f,0f,0f,0f,1f],start_interpolation: 0,interpolation_duration: 1}
$data merge entity $(bone_sack_main) {transformation: [0.0005f,0.0027f,-0.013f,-0.6162f,0.0066f,0.0113f,0.0026f,2.2237f,0.0115f,-0.0066f,-0.0009f,0.3782f,0f,0f,0f,1f],start_interpolation: 0,interpolation_duration: 1}
data modify entity @s data merge value {"cameras":{},"locators":{"lefthand":{"posx":-0.3582732006391584,"posy":2.3033711097123084,"posz":0.7532626486294038,"roty":148.37979590050622,"rotx":-41.30333043053492},"sword":{"posx":0.10904563197033013,"posy":6.089224806235876,"posz":1.3145172099868518,"roty":310.83515207629983,"rotx":-77.11367632881813},"righthand":{"posx":-0.5131597423169753,"posy":2.494596501405288,"posz":0.7767774287554753,"roty":310.83515207629983,"rotx":-77.11367632881813},"chest":{"posx":-0.399616253742743,"posy":2.3770146706244923,"posz":0.29455395865966494,"roty":9.267379604718371,"rotx":8.705026897929876},"sack":{"posx":-0.6119245444387039,"posy":2.239966432163381,"posz":0.3645502209427016,"roty":273.9842596922002,"rotx":11.44442594398821}}}