# This file was generated by Animated Java via MC-Build. It is not recommended to edit this file directly.
$data merge entity $(bone_nose) { transformation: [-0.9469814279716243f,-0.05928046984422458f,0.31577207123472983f,-0.84425120923885f,0.016620230549733273f,0.9724764056707432f,0.23240784915786755f,2.592056858727822f,-0.32085813533911983f,0.22533412149241935f,-0.9199318402348853f,1.2994879472769911f,0f,0f,0f,1f], start_interpolation: 0, interpolation_duration: 1 }
$data merge entity $(bone_glowing_eye) { transformation: [-0.9469814279716243f,-0.05928046984422458f,0.31577207123472983f,-0.977656720980855f,0.016620230549733273f,0.9724764056707432f,0.23240784915786755f,2.6518689244299747f,-0.32085813533911983f,0.22533412149241935f,-0.9199318402348853f,1.3067392277467715f,0f,0f,0f,1f], start_interpolation: 0, interpolation_duration: 1 }
$data merge entity $(bone_head) { transformation: [-0.9469814279716243f,-0.05928046984422458f,0.31577207123472983f,-0.7778015428748941f,0.016620230549733273f,0.9724764056707432f,0.23240784915786755f,2.515498042938423f,-0.32085813533911983f,0.22533412149241935f,-0.9199318402348853f,1.0994025573810535f,0f,0f,0f,1f], start_interpolation: 0, interpolation_duration: 1 }
$data merge entity $(bone_leftthumb2) { transformation: [-0.19019425035317905f,0.1341902580332635f,0.9725323242862207f,0.07698234571481131f,-0.9649441632811865f,-0.2080415259128197f,-0.16000464132467124f,2.085313859599771f,0.180856044638169f,-0.9688713527320496f,0.16905440832171428f,3.209020262421877f,0f,0f,0f,1f], start_interpolation: 0, interpolation_duration: 1 }
$data merge entity $(bone_leftthumb) { transformation: [-0.19019425035317905f,0.1341902580332635f,0.9725323242862207f,0.19300168117322364f,-0.9649441632811865f,-0.2080415259128197f,-0.16000464132467124f,2.0206196390450932f,0.180856044638169f,-0.9688713527320496f,0.16905440832171428f,2.98585879679864f,0f,0f,0f,1f], start_interpolation: 0, interpolation_duration: 1 }
$data merge entity $(bone_leftpointerfinger) { transformation: [-0.1777750522009821f,0.15025614474416574f,0.9725323242862207f,0.2153604515893546f,-0.9794042731285816f,-0.12314943983647815f,-0.16000464132467124f,2.186923815032023f,0.09572513041209793f,-0.9809471476254885f,0.16905440832171428f,3.2919130049216245f,0f,0f,0f,1f], start_interpolation: 0, interpolation_duration: 1 }
$data merge entity $(bone_leftmidfinger) { transformation: [-0.09761792344295876f,0.21130929757378458f,0.9725323242862207f,0.3673186272590766f,-0.9396869215914367f,0.3023028351580127f,-0.16000464132467124f,2.161923089825043f,-0.32780974728139795f,-0.9294952267840332f,0.16905440832171428f,3.3183277562218922f,0f,0f,0f,1f], start_interpolation: 0, interpolation_duration: 1 }
$data merge entity $(bone_leftringfinger) { transformation: [0.04123811232266819f,0.22908578373723804f,0.9725323242862207f,0.5192768029287985f,-0.596352679924504f,0.7866142611861455f,-0.16000464132467124f,2.1369223646180635f,-0.8016625844075081f,-0.5733739685301993f,0.16905440832171428f,3.3447425075221604f,0f,0f,0f,1f], start_interpolation: 0, interpolation_duration: 1 }
$data merge entity $(bone_invisibility) { transformation: [0.21844140065757212f,-0.957136093568386f,0.19019425035317922f,0.16398445398657735f,-0.22119518845499203f,0.14126376164442092f,0.9649441632811863f,1.988242387561482f,-0.9504504422026001f,-0.252853807633419f,-0.180856044638169f,3.2145702588261598f,0f,0f,0f,1f], start_interpolation: 0, interpolation_duration: 1 }
$data merge entity $(bone_swiftness) { transformation: [0.9725323242862207f,0.1341902580332635f,0.19019425035317927f,0.31825672847650965f,-0.16000464132467146f,-0.2080415259128197f,0.9649441632811865f,1.9361565431482572f,0.1690544083217143f,-0.9688713527320496f,-0.18085604463816898f,3.386889039230373f,0f,0f,0f,1f], start_interpolation: 0, interpolation_duration: 1 }
$data merge entity $(bone_suspicious_stew) { transformation: [0.532627596176489f,-0.8247023650529006f,0.19019425035317913f,0.3400440964449345f,-0.2561705383488522f,0.05709130434339728f,0.9649441632811867f,1.9679934638402696f,-0.8066501714332641f,-0.5626780536368219f,-0.18085604463816915f,3.291683805045796f,0f,0f,0f,1f], start_interpolation: 0, interpolation_duration: 1 }
$data merge entity $(bone_log) { transformation: [-0.19019425035317905f,0.1341902580332635f,0.9725323242862207f,0.3845746204293985f,-0.9649441632811865f,-0.2080415259128197f,-0.16000464132467124f,1.844024540231462f,0.180856044638169f,-0.9688713527320496f,0.16905440832171428f,3.1954545655291984f,0f,0f,0f,1f], start_interpolation: 0, interpolation_duration: 1 }
$data merge entity $(bone_planks) { transformation: [-0.19019425035317905f,0.1341902580332635f,0.9725323242862207f,0.366743909458788f,-0.9649441632811865f,-0.2080415259128197f,-0.16000464132467124f,1.7535610249238507f,0.180856044638169f,-0.9688713527320496f,0.16905440832171428f,3.212409819714027f,0f,0f,0f,1f], start_interpolation: 0, interpolation_duration: 1 }
$data merge entity $(bone_lefthand1) { transformation: [-0.19019425035317905f,0.1341902580332635f,0.9725323242862207f,0.43527911239206474f,-0.9649441632811865f,-0.2080415259128197f,-0.16000464132467124f,2.0382503446149496f,0.180856044638169f,-0.9688713527320496f,0.16905440832171428f,2.90273976592659f,0f,0f,0f,1f], start_interpolation: 0, interpolation_duration: 1 }
$data merge entity $(bone_leftforearm) { transformation: [-0.3477550141085885f,0.01541238524417926f,0.9374587503156716f,0.40790899310640505f,-0.9190702049935102f,0.19212096286201816f,-0.34409227530149283f,2.1099857805733984f,-0.18540876046056404f,-0.9812502198777109f,-0.0526459640848298f,2.189269268175063f,0f,0f,0f,1f], start_interpolation: 0, interpolation_duration: 1 }
$data merge entity $(bone_leftelbow) { transformation: [-0.3477550141085885f,0.01541238524417926f,0.9374587503156716f,0.41079881533968865f,-0.9190702049935102f,0.19212096286201816f,-0.34409227530149283f,2.1460084611100267f,-0.18540876046056404f,-0.9812502198777109f,-0.0526459640848298f,2.005284851947992f,0f,0f,0f,1f], start_interpolation: 0, interpolation_duration: 1 }
$data merge entity $(bone_leftarm) { transformation: [-0.4221298346774549f,-0.3445751175415867f,0.8384953136699015f,0.046551318984215384f,-0.9048442873162965f,0.21662300947081084f,-0.36651232923173616f,2.072782751436459f,-0.05534634934887954f,-0.9134234834615381f,-0.40322986183409215f,1.56224705835458f,0f,0f,0f,1f], start_interpolation: 0, interpolation_duration: 1 }
$data merge entity $(bone_rightthumb2) { transformation: [-0.34519813200806926f,0.4998934450820052f,0.7943203341361619f,-1.5279568448625862f,0.8860609907809308f,0.4526039571983471f,0.10022763363819273f,2.3192701194113585f,-0.3094093894413271f,0.7384146541696208f,-0.5991741217985838f,-1.342684996814978f,0f,0f,0f,1f], start_interpolation: 0, interpolation_duration: 1 }
$data merge entity $(bone_rightthumb) { transformation: [-0.34519813200806926f,0.4998934450820052f,0.7943203341361619f,-1.3374810967026214f,0.8860609907809308f,0.4526039571983471f,0.10022763363819273f,2.43883304838621f,-0.3094093894413271f,0.7384146541696208f,-0.5991741217985838f,-1.2127982635033874f,0f,0f,0f,1f], start_interpolation: 0, interpolation_duration: 1 }
$data merge entity $(bone_rightpointerfinger) { transformation: [-0.01662324746699967f,0.5157159003768297f,0.8565983759861834f,-1.4406240909367822f,0.9588690225372186f,0.25101681698579353f,-0.1325169996975446f,2.5707746880174422f,-0.2833617215895071f,0.8191627846092842f,-0.49867671596836566f,-1.5190319950661166f,0f,0f,0f,1f], start_interpolation: 0, interpolation_duration: 1 }
$data merge entity $(bone_rightmidfinger) { transformation: [0.1607644831839719f,0.4902999114872688f,0.8565983759861834f,-1.3067805946889413f,0.9868949525010555f,-0.09207386990400629f,-0.1325169996975446f,2.550068906814701f,0.013897254208270371f,0.8666766405508323f,-0.49867671596836566f,-1.5969502319361737f,0f,0f,0f,1f], start_interpolation: 0, interpolation_duration: 1 }
$data merge entity $(bone_rightringfinger) { transformation: [0.3361566685846743f,0.39145614878794105f,0.8565983759861834f,-1.1729370984411f,0.8765369027884219f,-0.4627335116903045f,-0.1325169996975446f,2.5293631256119595f,0.3445021802777649f,0.7953865605696844f,-0.49867671596836566f,-1.674868468806231f,0f,0f,0f,1f], start_interpolation: 0, interpolation_duration: 1 }
$data merge entity $(bone_hugeasssword) { transformation: [0.6296608924705567f,1.920341319991803f,3.355010305945885f,-1.2632758406386162f,3.8653385639624678f,-0.36062265712402464f,-0.5190249154820498f,2.271293008352631f,0.054430912315725624f,3.394483508824093f,-1.953150470876099f,-1.4168061737863522f,0f,0f,0f,1f], start_interpolation: 0, interpolation_duration: 1 }
$data merge entity $(bone_ice) { transformation: [0.1607644831839719f,0.4902999114872688f,0.8565983759861834f,-1.2734487218053545f,0.9868949525010555f,-0.09207386990400629f,-0.1325169996975446f,2.257311428937052f,0.013897254208270371f,0.8666766405508323f,-0.49867671596836566f,-1.430565140891963f,0f,0f,0f,1f], start_interpolation: 0, interpolation_duration: 1 }
$data merge entity $(bone_righthand1) { transformation: [0.1607644831839719f,0.4902999114872688f,0.8565983759861834f,-1.083913923887976f,0.9868949525010555f,-0.09207386990400629f,-0.1325169996975446f,2.4768755433457663f,0.013897254208270371f,0.8666766405508323f,-0.49867671596836566f,-1.2260053145761989f,0f,0f,0f,1f], start_interpolation: 0, interpolation_duration: 1 }
$data merge entity $(bone_rightforearm) { transformation: [-0.5715245857507523f,0.09797652290726727f,0.8147148266979268f,-0.9329475757746434f,0.7745301261357057f,0.39234748485695947f,0.4961517256189135f,2.664677442899242f,-0.2710400922200235f,0.9145840869408453f,-0.3001220023989267f,-0.5547586813134997f,0f,0f,0f,1f], start_interpolation: 0, interpolation_duration: 1 }
$data merge entity $(bone_rightelbow) { transformation: [-0.5715245857507523f,0.09797652290726727f,0.8147148266979268f,-0.9145769777295307f,0.7745301261357057f,0.39234748485695947f,0.4961517256189135f,2.738242596309922f,-0.2710400922200235f,0.9145840869408453f,-0.3001220023989267f,-0.3832741650120912f,0f,0f,0f,1f], start_interpolation: 0, interpolation_duration: 1 }
$data merge entity $(bone_rightarm) { transformation: [-0.444134502141895f,-0.31929682886782795f,0.8371344450457884f,-1.0677409526098518f,0.8798610370537895f,0.02089276834341014f,0.474771574239211f,2.48439448094864f,-0.16908311412379745f,0.9474244177272915f,0.2716576397090671f,0.1178918747355231f,0f,0f,0f,1f], start_interpolation: 0, interpolation_duration: 1 }
$data merge entity $(bone_chest1) { transformation: [-0.750255908524917f,-0.7050855619925669f,0.3370185945970766f,-0.3266466388229861f,0.24154835555366758f,0.23508992188093036f,1.029562155321595f,2.4511415678389166f,-0.743223771662264f,0.7881612715750217f,-0.005598779909437882f,0.6196768469035462f,0f,0f,0f,1f], start_interpolation: 0, interpolation_duration: 1 }
$data merge entity $(bone_chest1lid) { transformation: [-0.6925439155614619f,-0.6508482110700617f,0.3110940873203784f,-0.24001508445410416f,0.2229677128187701f,0.21700608173624342f,0.9503650664507032f,2.00705980249337f,-0.6860527123036284f,0.7275334814538662f,-0.005168104531788814f,-0.10976991049946024f,0f,0f,0f,1f], start_interpolation: 0, interpolation_duration: 1 }
$data merge entity $(bone_chest2) { transformation: [-0.6925439155614619f,-0.6508482110700617f,0.3110940873203784f,-0.138320051474407f,0.2229677128187701f,0.21700608173624342f,0.9503650664507032f,1.9731526022220818f,-0.6860527123036284f,0.7275334814538662f,-0.005168104531788814f,-0.22344701697662683f,0f,0f,0f,1f], start_interpolation: 0, interpolation_duration: 1 }
$data merge entity $(bone_chest1lid3) { transformation: [-0.6925439155614619f,-0.6508482110700617f,0.3110940873203784f,0.002563559958104644f,0.2229677128187701f,0.21700608173624342f,0.9503650664507032f,2.6019519411371785f,-0.6860527123036284f,0.7275334814538662f,-0.005168104531788814f,-0.07020243294616076f,0f,0f,0f,1f], start_interpolation: 0, interpolation_duration: 1 }
$data merge entity $(bone_chest3) { transformation: [-0.6925439155614619f,-0.6508482110700617f,0.3110940873203784f,0.10425859293780179f,0.2229677128187701f,0.21700608173624342f,0.9503650664507032f,2.5680447408658904f,-0.6860527123036284f,0.7275334814538662f,-0.005168104531788814f,-0.18387953942332735f,0f,0f,0f,1f], start_interpolation: 0, interpolation_duration: 1 }
$data merge entity $(bone_hugeasssword2) { transformation: [-1.2184518420048163f,0.2776535012805814f,-3.71194846673812f,-1.852657903607459f,-3.7222631769319205f,-0.06964560927650297f,1.216628171851602f,3.2294224597820596f,0.020241742749505753f,3.9061919819835937f,0.2855385254485357f,0.6172126804367002f,0f,0f,0f,1f], start_interpolation: 0, interpolation_duration: 1 }
$data merge entity $(bone_belt) { transformation: [-0.6925439155614619f,-0.6508482110700617f,0.3110940873203784f,-0.08593594873736507f,0.2229677128187701f,0.21700608173624342f,0.9503650664507032f,2.2331549950579115f,-0.6860527123036284f,0.7275334814538662f,-0.005168104531788814f,0.352528363848695f,0f,0f,0f,1f], start_interpolation: 0, interpolation_duration: 1 }
$data merge entity $(bone_torn_part) { transformation: [-0.5497582979296818f,-0.7260081135828513f,0.4131319799644284f,0.047232334235945306f,0.1801570739864941f,0.37988583450570934f,0.9073203301119874f,2.1272566291150357f,-0.8156649082497567f,0.5732355290400013f,-0.07804989235191476f,0.05136740092196526f,0f,0f,0f,1f], start_interpolation: 0, interpolation_duration: 1 }
$data merge entity $(bone_lowerbody) { transformation: [-0.5497582979296818f,-0.5681750619687226f,0.6123258224297726f,0.29224057871586934f,0.1801570739864941f,0.6351400449900368f,0.751092905000892f,1.69391375f,-0.8156649082497567f,0.5232343855356718f,-0.24681275340432407f,-0.08975531924662608f,0f,0f,0f,1f], start_interpolation: 0, interpolation_duration: 1 }
$data merge entity $(bone_leftfoot) { transformation: [-0.978310980497104f,-0.023616111126972095f,0.2056682878464126f,0.42526825748970315f,-0.02283235606304035f,0.999732193178526f,0.006085077074015288f,0.04950215934222957f,-0.20573974893117658f,0.0012834011419259883f,-0.9786098136751201f,0.5267651032501927f,0f,0f,0f,1f], start_interpolation: 0, interpolation_duration: 1 }
$data merge entity $(bone_leftlowerleg) { transformation: [-0.978310980497104f,-0.023616111126972095f,0.2056682878464126f,0.3674691015793765f,-0.02283235606304035f,0.999732193178526f,0.006085077074015288f,1.1576451156794465f,-0.20573974893117658f,0.0012834011419259883f,-0.9786098136751201f,0.6785479928452642f,0f,0f,0f,1f], start_interpolation: 0, interpolation_duration: 1 }
$data merge entity $(bone_leftleg) { transformation: [-0.9379089981036558f,0.22864498576539916f,0.2607988285349068f,0.5606285488117194f,-0.1408132131649905f,0.43611236117177293f,-0.8888309453603666f,1.5930310618270063f,-0.31695165352833776f,-0.8703490558491587f,-0.37686008345885774f,-0.11969845447435018f,0f,0f,0f,1f], start_interpolation: 0, interpolation_duration: 1 }
$data merge entity $(bone_rightfoot) { transformation: [-0.7928606511549052f,0.04397635793321503f,0.6078142506048939f,-0.38793105415781004f,0.5820206406556024f,0.3502898128145635f,0.7338492476422532f,0.7640414964838627f,-0.1806278875451683f,0.935613053812945f,-0.3033413701275731f,-1.9664904001464216f,0f,0f,0f,1f], start_interpolation: 0, interpolation_duration: 1 }
$data merge entity $(bone_rightlowerleg) { transformation: [-0.7928606511549052f,0.04397635793321503f,0.6078142506048939f,-0.43253278249374516f,0.5820206406556024f,0.3502898128145635f,0.7338492476422532f,1.0398915312652453f,-0.1806278875451683f,0.935613053812945f,-0.3033413701275731f,-0.8819375941710782f,0f,0f,0f,1f], start_interpolation: 0, interpolation_duration: 1 }
$data merge entity $(bone_rightleg) { transformation: [-0.7008820295792227f,0.6186436685575036f,0.35500979383558773f,0.1590716236299674f,0.6098818532551147f,0.7778706943877398f,-0.1514684273891217f,1.726408854923916f,-0.36984930144995015f,0.1103503251760003f,-0.9225320385683522f,-0.7103298687615329f,0f,0f,0f,1f], start_interpolation: 0, interpolation_duration: 1 }
data modify entity @s data merge value {"locators":{"lefthand":{"posx":0.37672589992418815,"posy":1.9532413722717101,"posz":3.2515509106465346,"roty":99.86113787866708,"rotx":-9.20716562042674},"righthand":{"posx":-1.2794223372486297,"posy":2.3533420630715502,"posz":-1.4350122721315388,"roty":59.793777196650225,"rotx":-7.61506441588444},"chest":{"posx":-0.2695875197673301,"posy":1.8519701217775189,"posz":-0.17587238401672328,"roty":89.04825146461717,"rotx":71.87223450631909},"sack":{"posx":0,"posy":-0.4375,"posz":0,"roty":0,"rotx":0}},"cameras":{}}