# This file was generated by Animated Java via MC-Build. It is not recommended to edit this file directly.
$data merge entity $(bone_nose) { transformation: [-0.9911516186158411f,0.06977940292128407f,0.11291281522992587f,0.0022350566012841015f,0.09529833800378837f,0.9662312038952503f,0.23940653164199802f,4.068612814178044f,-0.09239424056137911f,0.24804857497491173f,-0.9643314828232052f,0.24252314171910638f,0f,0f,0f,1f], start_interpolation: 0, interpolation_duration: 1 }
$data merge entity $(bone_glowing_eye) { transformation: [-0.9911516186158411f,0.06977940292128407f,0.11291281522992587f,-0.12087442644823414f,0.09529833800378837f,0.9662312038952503f,0.23940653164199802f,4.137592569010028f,-0.09239424056137911f,0.24804857497491173f,-0.9643314828232052f,0.28141971536969973f,0f,0f,0f,1f], start_interpolation: 0, interpolation_duration: 1 }
$data merge entity $(bone_head) { transformation: [-0.9911516186158411f,0.06977940292128407f,0.11291281522992587f,0.014762403205077865f,0.09529833800378837f,0.9662312038952503f,0.23940653164199802f,3.9941356746761936f,-0.09239424056137911f,0.24804857497491173f,-0.9643314828232052f,0.03131898701694186f,0f,0f,0f,1f], start_interpolation: 0, interpolation_duration: 1 }
$data merge entity $(bone_leftthumb2) { transformation: [-0.7416080392792551f,0.5426717103383311f,0.39436649309347893f,0.039292782010086014f,-0.6705593481319153f,-0.5828761413544518f,-0.45891781886591154f,3.6132064406494933f,-0.019174897894886495f,-0.604783282373294f,0.7961592206666359f,1.132803376874735f,0f,0f,0f,1f], start_interpolation: 0, interpolation_duration: 1 }
$data merge entity $(bone_leftthumb) { transformation: [-0.7416080392792551f,0.5426717103383311f,0.39436649309347893f,0.20608052351627015f,-0.6705593481319153f,-0.5828761413544518f,-0.45891781886591154f,3.4310424690476404f,-0.019174897894886495f,-0.604783282373294f,0.7961592206666359f,1.0525225893474215f,0f,0f,0f,1f], start_interpolation: 0, interpolation_duration: 1 }
$data merge entity $(bone_leftpointerfinger) { transformation: [-0.2929487891258006f,0.8710086544201945f,0.39436649309347893f,0.1276156772214306f,-0.8839573850427896f,-0.08951970149451655f,-0.45891781886591154f,3.6741293588721584f,-0.36441782115868077f,-0.4830425933284296f,0.7961592206666359f,1.2903843218021602f,0f,0f,0f,1f], start_interpolation: 0, interpolation_duration: 1 }
$data merge entity $(bone_leftmidfinger) { transformation: [-0.3617611452700558f,0.8447508170449132f,0.39436649309347893f,0.18923544176728668f,-0.8739492334387362f,-0.16002241374007387f,-0.45891781886591154f,3.60242344967436f,-0.32456372432042163f,-0.510674930070737f,0.7961592206666359f,1.4147842000313222f,0f,0f,0f,1f], start_interpolation: 0, interpolation_duration: 1 }
$data merge entity $(bone_leftringfinger) { transformation: [-0.3617611452700558f,0.8447508170449132f,0.39436649309347893f,0.2508552063131428f,-0.8739492334387362f,-0.16002241374007387f,-0.45891781886591154f,3.5307175404765614f,-0.32456372432042163f,-0.510674930070737f,0.7961592206666359f,1.539184078260484f,0f,0f,0f,1f], start_interpolation: 0, interpolation_duration: 1 }
$data merge entity $(bone_invisibility) { transformation: [0.574977985263776f,-0.3455688535420793f,0.7416080392792551f,0.035594935265654035f,-0.6206554450248734f,0.40637049498441274f,0.6705593481319151f,3.498988584976341f,-0.5330920511722012f,-0.8458399306415697f,0.019174897894886633f,1.1957608812914575f,0f,0f,0f,1f], start_interpolation: 0, interpolation_duration: 1 }
$data merge entity $(bone_swiftness) { transformation: [0.39436649309347876f,0.5426717103383311f,0.7416080392792552f,-0.0025735186550270156f,-0.4589178188659117f,-0.5828761413544518f,0.6705593481319152f,3.456947933164588f,0.7961592206666359f,-0.604783282373294f,0.01917489789488667f,1.4259399087137643f,0f,0f,0f,1f], start_interpolation: 0, interpolation_duration: 1 }
$data merge entity $(bone_suspicious_stew) { transformation: [0.6584940786840685f,-0.12807444871791734f,0.7416080392792553f,0.08410091629857205f,-0.7222122366783595f,0.169586691178706f,0.6705593481319153f,3.4402638130649725f,-0.2116483723775378f,-0.977157760937639f,0.019174897894886432f,1.3733899515277f,0f,0f,0f,1f], start_interpolation: 0, interpolation_duration: 1 }
$data merge entity $(bone_log) { transformation: [-0.7416080392792551f,0.5426717103383311f,0.39436649309347893f,0.1008950557721901f,-0.6705593481319153f,-0.5828761413544518f,-0.45891781886591154f,3.2830275837489595f,-0.019174897894886495f,-0.604783282373294f,0.7961592206666359f,1.3333143580221412f,0f,0f,0f,1f], start_interpolation: 0, interpolation_duration: 1 }
$data merge entity $(bone_planks) { transformation: [-0.7416080392792551f,0.5426717103383311f,0.39436649309347893f,0.03136930208975994f,-0.6705593481319153f,-0.5828761413544518f,-0.45891781886591154f,3.2201626448615923f,-0.019174897894886495f,-0.604783282373294f,0.7961592206666359f,1.3315167113444957f,0f,0f,0f,1f], start_interpolation: 0, interpolation_duration: 1 }
$data merge entity $(bone_lefthand) { transformation: [-0.7416080392792551f,0.5426717103383311f,0.39436649309347893f,0.40964104026741543f,-0.6705593481319153f,-0.5828761413544518f,-0.45891781886591154f,3.319289567282885f,-0.019174897894886495f,-0.604783282373294f,0.7961592206666359f,1.162032286256707f,0f,0f,0f,1f], start_interpolation: 0, interpolation_duration: 1 }
$data merge entity $(bone_leftforearm) { transformation: [-0.15159039477669667f,0.8728186922799077f,0.46390503620701995f,1.017471107033616f,-0.9375757175831494f,0.021650600801561948f,-0.3471066482846068f,3.252012886139853f,-0.31300499358618483f,-0.4875641310553134f,0.8150515886116593f,0.7724142578732056f,0f,0f,0f,1f], start_interpolation: 0, interpolation_duration: 1 }
$data merge entity $(bone_leftelbow) { transformation: [-0.15159039477669667f,0.8728186922799077f,0.46390503620701995f,1.1811246118360987f,-0.9375757175831494f,0.021650600801561948f,-0.3471066482846068f,3.256072373790146f,-0.31300499358618483f,-0.4875641310553134f,0.8150515886116593f,0.6809959833003344f,0f,0f,0f,1f], start_interpolation: 0, interpolation_duration: 1 }
$data merge entity $(bone_leftarm) { transformation: [-0.47663056792583847f,-0.07679448745380893f,0.8757430607292296f,0.8040450829592585f,-0.8088770511954293f,0.42845980493645236f,-0.4026662533702122f,3.3927700819512068f,-0.3442981524319865f,-0.900291509595933f,-0.2663343387199567f,0.11045317972373167f,0f,0f,0f,1f], start_interpolation: 0, interpolation_duration: 1 }
$data merge entity $(bone_rightthumb2) { transformation: [0.49276251148210554f,-0.5554002319298561f,-0.6698624408414832f,-0.2730295298991737f,0.024044918784532465f,0.7782088052253385f,-0.6275451357077005f,2.6495944811756136f,0.8698315636710898f,0.2931239291528632f,0.39682667878999023f,0.003067806316702476f,0f,0f,0f,1f], start_interpolation: 0, interpolation_duration: 1 }
$data merge entity $(bone_rightthumb) { transformation: [0.49276251148210554f,-0.5554002319298561f,-0.6698624408414832f,-0.46648204081644246f,0.024044918784532465f,0.7782088052253385f,-0.6275451357077005f,2.786815915656348f,0.8698315636710898f,0.2931239291528632f,0.39682667878999023f,0.10886606741466914f,0f,0f,0f,1f], start_interpolation: 0, interpolation_duration: 1 }
$data merge entity $(bone_rightpointerfinger) { transformation: [0.5656278409117479f,-0.4809879997831593f,-0.6698624408414832f,-0.26174524193554766f,-0.08508040436729508f,0.7739175843992054f,-0.6275451357077005f,2.5046798861975432f,0.8202600016934947f,0.41194916752227334f,0.39682667878999023f,0.1264238560061921f,0f,0f,0f,1f], start_interpolation: 0, interpolation_duration: 1 }
$data merge entity $(bone_rightmidfinger) { transformation: [0.5860698904206876f,-0.4558578658882322f,-0.6698624408414832f,-0.36641124831702937f,-0.11875723757736549f,0.7694698312296571f,-0.6275451357077005f,2.406625958743215f,0.8015103256136359f,0.44733632194941364f,0.39682667878999023f,0.1884280245671281f,0f,0f,0f,1f], start_interpolation: 0, interpolation_duration: 1 }
$data merge entity $(bone_rightringfinger) { transformation: [0.5811356630639679f,-0.4621316386757051f,-0.6698624408414832f,-0.47107725469851114f,-0.11047875741750869f,0.7707019831355613f,-0.6275451357077005f,2.308572031288887f,0.8062727734921263f,0.4386944286468889f,0.39682667878999023f,0.2504321931280641f,0f,0f,0f,1f], start_interpolation: 0, interpolation_duration: 1 }
$data merge entity $(bone_hugeasssword) { transformation: [1.9299865033049135f,-2.175317575058603f,-2.6236278932958093f,-0.5996503619020674f,0.0941759319060855f,3.047984487132576f,-2.4578851148551606f,2.5681180834979034f,3.406840291045102f,1.1480687225153812f,1.5542378252607951f,0.010719396720076602f,0f,0f,0f,1f], start_interpolation: 0, interpolation_duration: 1 }
$data merge entity $(bone_ice) { transformation: [0.49276251148210554f,-0.5554002319298561f,-0.6698624408414832f,-0.5986716475200714f,0.024044918784532465f,0.7782088052253385f,-0.6275451357077005f,2.5555828690602493f,0.8698315636710898f,0.2931239291528632f,0.39682667878999023f,-0.007451782855297628f,0f,0f,0f,1f], start_interpolation: 0, interpolation_duration: 1 }
$data merge entity $(bone_righthand) { transformation: [0.49276251148210554f,-0.5554002319298561f,-0.6698624408414832f,-0.6352642789083054f,0.024044918784532465f,0.7782088052253385f,-0.6275451357077005f,2.7365355145718513f,0.8698315636710898f,0.2931239291528632f,0.39682667878999023f,0.2956879240628778f,0f,0f,0f,1f], start_interpolation: 0, interpolation_duration: 1 }
$data merge entity $(bone_rightforearm) { transformation: [0.4525802970169008f,-0.7808996260763179f,-0.43054250515594894f,-1.1844546396973643f,0.49245994397049214f,0.6213926853764049f,-0.6093884919698435f,3.148543855928625f,0.7434072089620021f,0.06377228672837908f,0.6657918722159045f,0.30873364104817397f,0f,0f,0f,1f], start_interpolation: 0, interpolation_duration: 1 }
$data merge entity $(bone_rightelbow) { transformation: [0.4525802970169008f,-0.7808996260763179f,-0.43054250515594894f,-1.330873319586674f,0.49245994397049214f,0.6213926853764049f,-0.6093884919698435f,3.2650549844367007f,0.7434072089620021f,0.06377228672837908f,0.6657918722159045f,0.320690944809745f,0f,0f,0f,1f], start_interpolation: 0, interpolation_duration: 1 }
$data merge entity $(bone_rightarm) { transformation: [0.07920000766497678f,0.36096355647210165f,-0.9292107778566064f,-0.9498421040193958f,0.5063186077511281f,0.7883854543383434f,0.3494135699034643f,3.5376210180788186f,0.858701826148534f,-0.49815026476630087f,-0.12032243133529723f,-0.17776522297774136f,0f,0f,0f,1f], start_interpolation: 0, interpolation_duration: 1 }
$data merge entity $(bone_chest) { transformation: [-1.0737475868338278f,0.0755943531647244f,0.12232221649908635f,-0.024136963681395826f,0.10323986617077073f,1.0467504708865212f,0.25935707594549784f,3.3794665909685238f,-0.10009376060816069f,0.2687192895561544f,-1.044692439725139f,-0.210523973228491f,0f,0f,0f,1f], start_interpolation: 0, interpolation_duration: 1 }
$data merge entity $(bone_chest1lid) { transformation: [-0.9911516186158411f,0.06977940292128407f,0.11291281522992587f,-0.45441842507628416f,0.09529833800378837f,0.9662312038952503f,0.23940653164199802f,2.6579494779650803f,-0.09239424056137911f,0.24804857497491173f,-0.9643314828232052f,-0.03423690043640507f,0f,0f,0f,1f], start_interpolation: 0, interpolation_duration: 1 }
$data merge entity $(bone_chest1) { transformation: [-0.9911516186158411f,0.06977940292128407f,0.11291281522992587f,-0.4653214567827348f,0.09529833800378837f,0.9662312038952503f,0.23940653164199802f,2.5069758523564474f,-0.09239424056137911f,0.24804857497491173f,-0.9643314828232052f,-0.07299449027623503f,0f,0f,0f,1f], start_interpolation: 0, interpolation_duration: 1 }
$data merge entity $(bone_chest1lid3) { transformation: [-0.9911516186158411f,0.06977940292128407f,0.11291281522992587f,-0.32013667665612283f,0.09529833800378837f,0.9662312038952503f,0.23940653164199802f,2.8053631411729985f,-0.09239424056137911f,0.24804857497491173f,-0.9643314828232052f,-0.6462371165849347f,0f,0f,0f,1f], start_interpolation: 0, interpolation_duration: 1 }
$data merge entity $(bone_chest3) { transformation: [-0.9911516186158411f,0.06977940292128407f,0.11291281522992587f,-0.33103970836257346f,0.09529833800378837f,0.9662312038952503f,0.23940653164199802f,2.6543895155643655f,-0.09239424056137911f,0.24804857497491173f,-0.9643314828232052f,-0.6849947064247646f,0f,0f,0f,1f], start_interpolation: 0, interpolation_duration: 1 }
$data merge entity $(bone_hugeasssword2) { transformation: [-0.4422418596505439f,3.0467589692988217f,-2.421148425509636f,-1.1344080262752614f,-0.937675582264492f,2.2815172196272915f,3.0423217214402025f,4.681423878821633f,3.7769649743908875f,0.9231558575447144f,0.4718014653253083f,-0.2920284964291182f,0f,0f,0f,1f], start_interpolation: 0, interpolation_duration: 1 }
$data merge entity $(bone_belt) { transformation: [-0.9911516186158411f,0.06977940292128407f,0.11291281522992587f,-0.03496741563792417f,0.09529833800378837f,0.9662312038952503f,0.23940653164199802f,2.960196515369323f,-0.09239424056137911f,0.24804857497491173f,-0.9643314828232052f,-0.1801364881356027f,0f,0f,0f,1f], start_interpolation: 0, interpolation_duration: 1 }
$data merge entity $(bone_torn_part) { transformation: [-0.9917921925421213f,-0.033564761374752644f,0.12337606577593524f,-0.16443489817381796f,-0.004329915850219557f,0.9731923055402325f,0.22995214342557582f,2.6564539719457265f,-0.12778692672265815f,0.22753053252507122f,-0.9653498630691546f,-0.07048403393904884f,0f,0f,0f,1f], start_interpolation: 0, interpolation_duration: 1 }
$data merge entity $(bone_lowerbody) { transformation: [-0.9917921925421213f,0.005088616627923428f,0.12775896365150277f,-0.08803097222222224f,-0.004329915850219557f,0.9972979412679764f,-0.07333531326302331f,2.1802277083333332f,-0.12778692672265815f,-0.07328657669361946f,-0.9890902785061171f,0.11687043981481482f,0f,0f,0f,1f], start_interpolation: 0, interpolation_duration: 1 }
$data merge entity $(bone_leftfoot) { transformation: [-0.9678244776566581f,-0.22940577922203576f,-0.10339321344716358f,0.5259531980823388f,-0.24977731948052292f,0.9256134390655623f,0.2843433567396332f,0.21817523297824482f,0.030472161127358482f,0.3010195174415661f,-0.9531309977600703f,-0.17854630725249532f,0f,0f,0f,1f], start_interpolation: 0, interpolation_duration: 1 }
$data merge entity $(bone_leftlowerleg) { transformation: [-0.9678244776566581f,-0.22940577922203576f,-0.10339321344716358f,0.2873420766587407f,-0.24977731948052292f,0.9256134390655623f,0.2843433567396332f,1.201339529180744f,0.030472161127358482f,0.3010195174415661f,-0.9531309977600703f,0.30184162776696166f,0f,0f,0f,1f], start_interpolation: 0, interpolation_duration: 1 }
$data merge entity $(bone_leftleg) { transformation: [-0.987384688223427f,-0.06696183967651675f,0.14348376036702717f,0.19143071758448288f,-0.10952844358741787f,0.9432427835433789f,-0.3135228402184698f,2.155167192277227f,-0.1143459553602305f,-0.3252832047931077f,-0.9386777078274957f,0.022972064413077115f,0f,0f,0f,1f], start_interpolation: 0, interpolation_duration: 1 }
$data merge entity $(bone_rightfoot) { transformation: [-0.9023861441776888f,0.005683755171684707f,0.43089245146415456f,-0.42097871676835263f,0.14729434582292963f,0.9437570147786447f,0.29601870874837155f,0.22267327864988862f,-0.40497538306663194f,0.3305909803527734f,-0.8524697402908695f,-0.2145352880992924f,0f,0f,0f,1f], start_interpolation: 0, interpolation_duration: 1 }
$data merge entity $(bone_rightlowerleg) { transformation: [-0.9023861441776888f,0.005683755171684707f,0.43089245146415456f,-0.4808780408877571f,0.14729434582292963f,0.9437570147786447f,0.29601870874837155f,1.224171737402611f,-0.40497538306663194f,0.3305909803527734f,-0.8524697402908695f,0.28319232677014394f,0f,0f,0f,1f], start_interpolation: 0, interpolation_duration: 1 }
$data merge entity $(bone_rightleg) { transformation: [-0.9591818108455631f,0.14927692974878828f,0.2401832945758695f,-0.32596071247487574f,0.046362091951074984f,0.9208432451734063f,-0.38716698907937286f,2.151029225136435f,-0.2789664704852122f,-0.3602278668610816f,-0.8901762227637255f,-0.020600984576418513f,0f,0f,0f,1f], start_interpolation: 0, interpolation_duration: 1 }
data modify entity @s data merge value {"locators":{"lefthand":{"posx":0.12186260562985252,"posy":3.398600312099423,"posz":1.3699207108122842,"roty":153.64911962789026,"rotx":-27.31729835321638},"righthand":{"posx":-0.5333304328065719,"posy":2.555482960360086,"posz":0.06331444798975991,"roty":239.35748887297333,"rotx":-38.869238432712415},"chest":{"posx":-0.5073957532202854,"posy":2.5631308302151834,"posz":0.09804953780124567,"roty":6.678308951861169,"rotx":13.851516037654656},"sack":{"posx":0,"posy":-0.4375,"posz":0,"roty":0,"rotx":0}},"cameras":{}}