# This file was generated by Animated Java via MC-Build. It is not recommended to edit this file directly.
$data merge entity $(bone_nose) { transformation: [-0.9850630923531758f,0.1491909982258552f,-0.08598110334237055f,0.1239333371123029f,0.05456948733077815f,0.7440619445238069f,0.6658783625887742f,2.8468659436180777f,0.16331832455684386f,0.6512402542532394f,-0.7410892362624905f,0.7894716040491396f,0f,0f,0f,1f], start_interpolation: 0, interpolation_duration: 1 }
$data merge entity $(bone_glowing_eye) { transformation: [-0.9850630923531758f,0.1491909982258552f,-0.08598110334237055f,0.013902257664228534f,0.05456948733077815f,0.7440619445238069f,0.6658783625887742f,2.8808299270454745f,0.16331832455684386f,0.6512402542532394f,-0.7410892362624905f,0.8798414232389076f,0f,0f,0f,1f], start_interpolation: 0, interpolation_duration: 1 }
$data merge entity $(bone_head) { transformation: [-0.9850630923531758f,0.1491909982258552f,-0.08598110334237055f,0.0894113073668682f,0.05456948733077815f,0.7440619445238069f,0.6658783625887742f,2.879680552688416f,0.16331832455684386f,0.6512402542532394f,-0.7410892362624905f,0.5702858276434116f,0f,0f,0f,1f], start_interpolation: 0, interpolation_duration: 1 }
$data merge entity $(bone_leftthumb2) { transformation: [-0.8158723505307388f,0.5735596858890076f,-0.07335935088556045f,0.41067224113924883f,0.570194327497337f,0.8191102748127861f,0.0627438171135738f,1.5545127703009152f,0.09607672209909784f,0.009361859805888884f,-0.9953299046304533f,-0.14309245092781905f,0f,0f,0f,1f], start_interpolation: 0, interpolation_duration: 1 }
$data merge entity $(bone_leftthumb) { transformation: [-0.8158723505307388f,0.5735596858890076f,-0.07335935088556045f,0.545064345677581f,0.570194327497337f,0.8191102748127861f,0.0627438171135738f,1.760755351622673f,0.09607672209909784f,0.009361859805888884f,-0.9953299046304533f,-0.2258549303493303f,0f,0f,0f,1f], start_interpolation: 0, interpolation_duration: 1 }
$data merge entity $(bone_leftpointerfinger) { transformation: [-0.005605750381611707f,0.9972898180570726f,-0.07335935088556045f,0.44266239251178935f,0.9979772860278956f,0.010224968773261067f,0.0627438171135738f,1.4325609045569052f,0.06332386702543381f,-0.07285923972481163f,-0.9953299046304533f,-0.2860912713572789f,0f,0f,0f,1f], start_interpolation: 0, interpolation_duration: 1 }
$data merge entity $(bone_leftmidfinger) { transformation: [-0.12913842374937645f,0.988909335151194f,-0.07335935088556045f,0.4311999939359205f,0.9890191297793978f,0.1338072282966109f,0.0627438171135738f,1.442364625980901f,0.07186395787826777f,-0.0644511637319525f,-0.9953299046304533f,-0.44161156895578724f,0f,0f,0f,1f], start_interpolation: 0, interpolation_duration: 1 }
$data merge entity $(bone_leftringfinger) { transformation: [-0.12913842374937645f,0.988909335151194f,-0.07335935088556045f,0.41973759536005173f,0.9890191297793978f,0.1338072282966109f,0.0627438171135738f,1.452168347404897f,0.07186395787826777f,-0.0644511637319525f,-0.9953299046304533f,-0.5971318665542955f,0f,0f,0f,1f], start_interpolation: 0, interpolation_duration: 1 }
$data merge entity $(bone_invisibility) { transformation: [0.5649834294078789f,0.12306921684141738f,0.8158723505307386f,0.3547118971465598f,0.8214617969043269f,0.008885106446966481f,-0.5701943274973369f,1.6271017829855052f,-0.0774224820141181f,0.9923583136899018f,-0.09607672209909804f,-0.2359488730277273f,0f,0f,0f,1f], start_interpolation: 0, interpolation_duration: 1 }
$data merge entity $(bone_swiftness) { transformation: [-0.07335935088556063f,0.5735596858890076f,0.8158723505307388f,0.22079417694970993f,0.06274381711357392f,0.8191102748127861f,-0.570194327497337f,1.5576423974320963f,-0.9953299046304533f,0.009361859805888884f,-0.09607672209909807f,-0.4188370080183613f,0f,0f,0f,1f], start_interpolation: 0, interpolation_duration: 1 }
$data merge entity $(bone_suspicious_stew) { transformation: [0.488818608297821f,0.30888294841449143f,0.8158723505307391f,0.31407140857947f,0.7688827034280734f,0.28930575047689083f,-0.570194327497337f,1.6004704545624509f,-0.41215986771023594f,0.906031736154851f,-0.09607672209909787f,-0.4230120673243383f,0f,0f,0f,1f], start_interpolation: 0, interpolation_duration: 1 }
$data merge entity $(bone_log) { transformation: [-0.8158723505307388f,0.5735596858890076f,-0.07335935088556045f,0.30583961688057854f,0.570194327497337f,0.8191102748127861f,0.0627438171135738f,1.7592560735441234f,0.09607672209909784f,0.009361859805888884f,-0.9953299046304533f,-0.4594907314313643f,0f,0f,0f,1f], start_interpolation: 0, interpolation_duration: 1 }
$data merge entity $(bone_planks) { transformation: [-0.8158723505307388f,0.5735596858890076f,-0.07335935088556045f,0.22935158401832176f,0.570194327497337f,0.8191102748127861f,0.0627438171135738f,1.8127117917469988f,0.09607672209909784f,0.009361859805888884f,-0.9953299046304533f,-0.4504835387345739f,0f,0f,0f,1f], start_interpolation: 0, interpolation_duration: 1 }
$data merge entity $(bone_lefthand) { transformation: [-0.8158723505307388f,0.5735596858890076f,-0.07335935088556045f,0.6554901057006889f,0.570194327497337f,0.8191102748127861f,0.0627438171135738f,1.8195243160881864f,0.09607672209909784f,0.009361859805888884f,-0.9953299046304533f,-0.4500653874849649f,0f,0f,0f,1f], start_interpolation: 0, interpolation_duration: 1 }
$data merge entity $(bone_leftforearm) { transformation: [-0.09790821651459536f,0.9104450346228582f,0.4018753787799324f,1.2980562933890216f,0.6386331188162009f,0.3671819211028521f,-0.6762582172264608f,2.1464802566055994f,-0.7632573096210892f,0.1904396905736876f,-0.617390479003503f,-0.39214428870719664f,0f,0f,0f,1f], start_interpolation: 0, interpolation_duration: 1 }
$data merge entity $(bone_leftelbow) { transformation: [-0.09790821651459536f,0.9104450346228582f,0.4018753787799324f,1.4687647373808075f,0.6386331188162009f,0.3671819211028521f,-0.6762582172264608f,2.215326866812384f,-0.7632573096210892f,0.1904396905736876f,-0.617390479003503f,-0.3564368467246302f,0f,0f,0f,1f], start_interpolation: 0, interpolation_duration: 1 }
$data merge entity $(bone_leftarm) { transformation: [-0.5012447015902715f,-0.3681310277518029f,0.7830921373210697f,0.8794712635324418f,0.6048842025842649f,0.498072580814065f,0.6213202118917543f,2.564237506693988f,-0.6187639700173869f,0.7851135272351495f,-0.02697959897226726f,0.004477267067664492f,0f,0f,0f,1f], start_interpolation: 0, interpolation_duration: 1 }
$data merge entity $(bone_rightthumb2) { transformation: [-0.8109859808671726f,0.061458583855874604f,-0.5818286528758629f,-0.8252288290827808f,-0.09683618724621881f,0.9666510801909914f,0.23708319637883546f,1.7965153525724045f,0.5769960932939892f,0.24861321693751656f,-0.7779890594908478f,0.18826253912205818f,0f,0f,0f,1f], start_interpolation: 0, interpolation_duration: 1 }
$data merge entity $(bone_rightthumb) { transformation: [-0.8109859808671726f,0.061458583855874604f,-0.5818286528758629f,-0.8598781944346455f,-0.09683618724621881f,0.9666510801909914f,0.23708319637883546f,2.053839817360688f,0.5769960932939892f,0.24861321693751656f,-0.7779890594908478f,0.18274806592541798f,0f,0f,0f,1f], start_interpolation: 0, interpolation_duration: 1 }
$data merge entity $(bone_rightpointerfinger) { transformation: [-0.6457819302896979f,-0.49440986762399f,-0.5818286528758629f,-0.9960191020232574f,-0.716165369586842f,0.6564287633851348f,0.23708319637883546f,1.7371792485232216f,0.2647127913718088f,0.5697895764198322f,-0.7779890594908478f,0.1278125646581919f,0f,0f,0f,1f], start_interpolation: 0, interpolation_duration: 1 }
$data merge entity $(bone_rightmidfinger) { transformation: [-0.6236014334524866f,-0.5221079111531096f,-0.5818286528758629f,-1.086929829035111f,-0.744116759352093f,0.6245652939814497f,0.23708319637883546f,1.7742234979574147f,0.23960697119938754f,0.5807938727855196f,-0.7779890594908478f,0.00625177411274694f,0f,0f,0f,1f], start_interpolation: 0, interpolation_duration: 1 }
$data merge entity $(bone_rightringfinger) { transformation: [-0.6615177272935757f,-0.473148724154469f,-0.5818286528758629f,-1.1778405560469645f,-0.6944407332766173f,0.6793700213882192f,0.23708319637883546f,1.8112677473916077f,0.28310133246344393f,0.560880253592484f,-0.7779890594908478f,-0.11530901643269802f,0f,0f,0f,1f], start_interpolation: 0, interpolation_duration: 1 }
$data merge entity $(bone_hugeasssword) { transformation: [-3.176361758396426f,0.24071278676884222f,-2.2788288904304634f,-0.8499368303203585f,-0.37927506671435707f,3.7860500640813832f,0.9285758524837723f,1.9925921859150675f,2.2599013654014577f,0.9737350996719399f,-3.047123816339154f,-0.08435717442349139f,0f,0f,0f,1f], start_interpolation: 0, interpolation_duration: 1 }
$data merge entity $(bone_ice) { transformation: [-0.8109859808671726f,0.061458583855874604f,-0.5818286528758629f,-0.8382254647420568f,-0.09683618724621881f,0.9666510801909914f,0.23708319637883546f,1.9790013282128054f,0.5769960932939892f,0.24861321693751656f,-0.7779890594908478f,-0.09725731989585867f,0f,0f,0f,1f], start_interpolation: 0, interpolation_duration: 1 }
$data merge entity $(bone_righthand) { transformation: [-0.8109859808671726f,0.061458583855874604f,-0.5818286528758629f,-1.043789459397252f,-0.09683618724621881f,0.9666510801909914f,0.23708319637883546f,2.203863901335837f,0.5769960932939892f,0.24861321693751656f,-0.7779890594908478f,0.08483284955292877f,0f,0f,0f,1f], start_interpolation: 0, interpolation_duration: 1 }
$data merge entity $(bone_rightforearm) { transformation: [-0.25982062619804397f,-0.6336065401171457f,-0.728722165521838f,-1.424823221229655f,-0.22663085654041248f,0.7735716075750553f,-0.5917984646968126f,2.7916601749032397f,0.9386861547214893f,0.011389480871631233f,-0.3445846523855344f,0.04580795815511136f,0f,0f,0f,1f], start_interpolation: 0, interpolation_duration: 1 }
$data merge entity $(bone_rightelbow) { transformation: [-0.25982062619804397f,-0.6336065401171457f,-0.728722165521838f,-1.5436244475016199f,-0.22663085654041248f,0.7735716075750553f,-0.5917984646968126f,2.9367048513235625f,0.9386861547214893f,0.011389480871631233f,-0.3445846523855344f,0.047943485818542214f,0f,0f,0f,1f], start_interpolation: 0, interpolation_duration: 1 }
$data merge entity $(bone_rightarm) { transformation: [-0.6494218427632283f,0.7457649493264673f,0.14861329179485977f,-0.8492743244339575f,0.08335105497643563f,-0.124445169047328f,0.9887193745118464f,2.637281987028869f,0.7558464604510151f,0.6544830328258124f,0.018657115714888095f,0.2966134790172427f,0f,0f,0f,1f], start_interpolation: 0, interpolation_duration: 1 }
$data merge entity $(bone_chest) { transformation: [-1.0671516833826071f,0.16162358141134311f,-0.0931461952875681f,-0.017860227107590804f,0.05911694460834299f,0.8060671065674574f,0.7213682261378387f,2.4456260792111286f,0.17692818493658083f,0.7055102754410093f,-0.8028466726176979f,0.0825268783904857f,0f,0f,0f,1f], start_interpolation: 0, interpolation_duration: 1 }
$data merge entity $(bone_chest1lid) { transformation: [-0.9850630923531758f,0.1491909982258552f,-0.08598110334237055f,-0.422505663278912f,0.05456948733077815f,0.7440619445238069f,0.6658783625887742f,1.6951577931204853f,0.16331832455684386f,0.6512402542532394f,-0.7410892362624905f,-0.016799024416587705f,0f,0f,0f,1f], start_interpolation: 0, interpolation_duration: 1 }
$data merge entity $(bone_chest1) { transformation: [-0.9850630923531758f,0.1491909982258552f,-0.08598110334237055f,-0.44581675675170185f,0.05456948733077815f,0.7440619445238069f,0.6658783625887742f,1.5788981142886405f,0.16331832455684386f,0.6512402542532394f,-0.7410892362624905f,-0.11855531414365636f,0f,0f,0f,1f], start_interpolation: 0, interpolation_duration: 1 }
$data merge entity $(bone_chest1lid3) { transformation: [-0.9850630923531758f,0.1491909982258552f,-0.08598110334237055f,-0.4160208643355447f,0.05456948733077815f,0.7440619445238069f,0.6658783625887742f,2.118325526195745f,0.16331832455684386f,0.6512402542532394f,-0.7410892362624905f,-0.5017667116820484f,0f,0f,0f,1f], start_interpolation: 0, interpolation_duration: 1 }
$data merge entity $(bone_chest3) { transformation: [-0.9850630923531758f,0.1491909982258552f,-0.08598110334237055f,-0.43933195780833456f,0.05456948733077815f,0.7440619445238069f,0.6658783625887742f,2.0020658473639004f,0.16331832455684386f,0.6512402542532394f,-0.7410892362624905f,-0.6035230014091171f,0f,0f,0f,1f], start_interpolation: 0, interpolation_duration: 1 }
$data merge entity $(bone_hugeasssword2) { transformation: [0.3367593214242839f,3.2393052939113938f,-2.1757233624818317f,-1.0811816759954693f,-2.6080235868060324f,1.8112551260502308f,2.292999262275925f,3.5526056284391117f,2.902599508694755f,1.2516125035218189f,2.31271701920719f,0.8430407658740021f,0f,0f,0f,1f], start_interpolation: 0, interpolation_duration: 1 }
$data merge entity $(bone_belt) { transformation: [-0.9850630923531758f,0.1491909982258552f,-0.08598110334237055f,-0.03448199653141427f,0.05456948733077815f,0.7440619445238069f,0.6658783625887742f,2.0603309500228377f,0.16331832455684386f,0.6512402542532394f,-0.7410892362624905f,-0.08510210012400651f,0f,0f,0f,1f], start_interpolation: 0, interpolation_duration: 1 }
$data merge entity $(bone_torn_part) { transformation: [-0.9849897364987426f,0.13611429365899247f,-0.10615139214278439f,-0.30250901384356654f,0.09643703601364834f,0.9439831145297949f,0.315587987045658f,1.7236857419026224f,0.14316115771060223f,0.30061400257529863f,-0.9429401382795296f,-0.03175975482491904f,0f,0f,0f,1f], start_interpolation: 0, interpolation_duration: 1 }
$data merge entity $(bone_lowerbody) { transformation: [-0.9849897364987426f,0.09789416985891541f,-0.14216873953078235f,-0.2341260185185185f,0.09643703601364834f,0.995191835505679f,0.017120415524740112f,1.2259269907407406f,0.14316115771060223f,0.0031531017223176963f,-0.9896943674046492f,0.09189583333333332f,0f,0f,0f,1f], start_interpolation: 0, interpolation_duration: 1 }
$data merge entity $(bone_leftfoot) { transformation: [-0.7972804572784927f,0.14966679590223153f,-0.5847490502958267f,0.3484450951979816f,-0.36826526894360745f,0.6469633930235992f,0.667732145491808f,0.3263712333616484f,0.4782324345949257f,0.7477048052984789f,-0.46067189814971743f,-0.12088373920232198f,0f,0f,0f,1f], start_interpolation: 0, interpolation_duration: 1 }
$data merge entity $(bone_leftlowerleg) { transformation: [-0.7972804572784927f,0.14966679590223153f,-0.5847490502958267f,0.6043258302028784f,-0.36826526894360745f,0.6469633930235992f,0.667732145491808f,0.941502124670524f,0.4782324345949257f,0.7477048052984789f,-0.46067189814971743f,0.7793815008868278f,0f,0f,0f,1f], start_interpolation: 0, interpolation_duration: 1 }
$data merge entity $(bone_leftleg) { transformation: [-0.8370499517215898f,-0.5389246359277869f,0.09428124825201467f,0.12565000329113446f,-0.3029180980906596f,0.31302119944836243f,-0.9001694101992458f,1.1655128511873702f,0.4555979430805599f,-0.7820207696218131f,-0.4252861417442465f,0.1048442056726945f,0f,0f,0f,1f], start_interpolation: 0, interpolation_duration: 1 }
$data merge entity $(bone_rightfoot) { transformation: [-0.9520592872304061f,0.1504519213698881f,0.26636343673092344f,-0.5331303537781906f,0.3059102795207742f,0.47114289688361843f,0.8273236298822706f,0.4961543252568013f,-0.0010186353846810513f,0.8691234241651941f,-0.49457144319086765f,-0.07645195704042995f,0f,0f,0f,1f], start_interpolation: 0, interpolation_duration: 1 }
$data merge entity $(bone_rightlowerleg) { transformation: [-0.9520592872304061f,0.1504519213698881f,0.26636343673092344f,-0.4071483302221417f,0.3059102795207742f,0.47114289688361843f,0.8273236298822706f,0.8917138202965353f,-0.0010186353846810513f,0.8691234241651941f,-0.49457144319086765f,0.963720580139045f,0f,0f,0f,1f], start_interpolation: 0, interpolation_duration: 1 }
$data merge entity $(bone_rightleg) { transformation: [-0.963027428370753f,-0.0891917665008008f,-0.2542128679292795f,-0.4955719603817095f,0.1894451179118734f,0.44668362930979566f,-0.8744118881080422f,1.2236636931857274f,0.19154299649157241f,-0.8902238843095008f,-0.4132800606886139f,0.16833591019692706f,0f,0f,0f,1f], start_interpolation: 0, interpolation_duration: 1 }
data modify entity @s data merge value {"locators":{"lefthand":{"posx":0.33866453914034345,"posy":1.6408269929790995,"posz":-0.45367728966563897,"roty":355.7847191922415,"rotx":3.5973188620096477},"righthand":{"posx":-0.906124618119917,"posy":1.9511145875870688,"posz":-0.03489243860965137,"roty":323.2085724123707,"rotx":13.714451951265959},"chest":{"posx":-0.4491787749068193,"posy":1.5463157239123382,"posz":0.06339735050100034,"roty":353.38213673228927,"rotx":41.74974630477312},"sack":{"posx":0,"posy":-0.4375,"posz":0,"roty":0,"rotx":0}},"cameras":{}}