# This file was generated by Animated Java via MC-Build. It is not recommended to edit this file directly.
$data merge entity $(bone_nose) { transformation: [-0.9868209782631623f,0.15530315683244017f,-0.04544542152531394f,0.16549666616343994f,0.07490700832024275f,0.6873720696784128f,0.7224324037102201f,2.7876562239585176f,0.143433946345508f,0.7095072707900137f,-0.6899464730918337f,0.8905299986609458f,0f,0f,0f,1f], start_interpolation: 0, interpolation_duration: 1 }
$data merge entity $(bone_glowing_eye) { transformation: [-0.9868209782631623f,0.15530315683244017f,-0.04544542152531394f,0.05424517582376444f,0.07490700832024275f,0.6873720696784128f,0.7224324037102201f,2.818350543766122f,0.143433946345508f,0.7095072707900137f,-0.6899464730918337f,0.9805747623282788f,0f,0f,0f,1f], start_interpolation: 0, interpolation_duration: 1 }
$data merge entity $(bone_head) { transformation: [-0.9868209782631623f,0.15530315683244017f,-0.04544542152531394f,0.1378104352724127f,0.07490700832024275f,0.6873720696784128f,0.7224324037102201f,2.8380607485891023f,0.143433946345508f,0.7095072707900137f,-0.6899464730918337f,0.6737263312552051f,0f,0f,0f,1f], start_interpolation: 0, interpolation_duration: 1 }
$data merge entity $(bone_leftthumb2) { transformation: [-0.7826952338974685f,0.6216284342363575f,-0.031084732314128727f,0.3939613946682583f,0.6176570288702544f,0.7819122203962673f,0.08433904364022943f,1.5357030844772595f,0.07673307970723153f,0.04681206408430602f,-0.9959521399820426f,-0.077549484949648f,0f,0f,0f,1f], start_interpolation: 0, interpolation_duration: 1 }
$data merge entity $(bone_leftthumb) { transformation: [-0.7826952338974685f,0.6216284342363575f,-0.031084732314128727f,0.5437546824397336f,0.6176570288702544f,0.7819122203962673f,0.08433904364022943f,1.734668596009676f,0.07673307970723153f,0.04681206408430602f,-0.9959521399820426f,-0.15118075732596797f,0f,0f,0f,1f], start_interpolation: 0, interpolation_duration: 1 }
$data merge entity $(bone_leftpointerfinger) { transformation: [0.05778279522111757f,0.9978451222476326f,-0.031084732314128727f,0.4239330468362396f,0.9949188223607253f,-0.054986022134708434f,0.08433904364022943f,1.4145008038301023f,0.08244807753235675f,-0.03580013095517966f,-0.9959521399820426f,-0.2216189030082676f,0f,0f,0f,1f], start_interpolation: 0, interpolation_duration: 1 }
$data merge entity $(bone_leftmidfinger) { transformation: [-0.06695735261823971f,0.9972715038279771f,-0.031084732314128727f,0.419076057412157f,0.994019631183878f,0.06936784946153479f,0.08433904364022943f,1.4276787793988883f,0.08626520591422335f,-0.025251715065835935f,-0.9959521399820426f,-0.3772364248804617f,0f,0f,0f,1f], start_interpolation: 0, interpolation_duration: 1 }
$data merge entity $(bone_leftringfinger) { transformation: [-0.06695735261823971f,0.9972715038279771f,-0.031084732314128727f,0.4142190679880744f,0.994019631183878f,0.06936784946153479f,0.08433904364022943f,1.440856754967674f,0.08626520591422335f,-0.025251715065835935f,-0.9959521399820426f,-0.5328539467526558f,0f,0f,0f,1f], start_interpolation: 0, interpolation_duration: 1 }
$data merge entity $(bone_invisibility) { transformation: [0.6165537374363823f,0.0851449334218698f,0.7826952338974683f,0.34613969835988234f,0.7862874403229971f,-0.01586996778441757f,-0.6176570288702543f,1.6131975507353595f,-0.04016901845373778f,0.9962421816180572f,-0.07673307970723174f,-0.17098787667950185f,0f,0f,0f,1f], start_interpolation: 0, interpolation_duration: 1 }
$data merge entity $(bone_swiftness) { transformation: [-0.0310847323141289f,0.6216284342363575f,0.7826952338974685f,0.21536711737156658f,0.08433904364022957f,0.7819122203962673f,-0.6176570288702544f,1.555296520249307f,-0.9959521399820426f,0.04681206408430602f,-0.07673307970723175f,-0.36007154777470457f,0f,0f,0f,1f], start_interpolation: 0, interpolation_duration: 1 }
$data merge entity $(bone_suspicious_stew) { transformation: [0.5502497150545389f,0.2908838632798068f,0.7826952338974689f,0.31117247819615396f,0.7442963541443611f,0.2540132514153173f,-0.6176570288702544f,1.5923589860868275f,-0.3784814239692755f,0.9224228131333445f,-0.07673307970723155f,-0.3599232184300867f,0f,0f,0f,1f], start_interpolation: 0, interpolation_duration: 1 }
$data merge entity $(bone_log) { transformation: [-0.7826952338974685f,0.6216284342363575f,-0.031084732314128727f,0.3140412574705862f,0.6176570288702544f,0.7819122203962673f,0.08433904364022943f,1.751956752763583f,0.07673307970723153f,0.04681206408430602f,-0.9959521399820426f,-0.39356324075865373f,0f,0f,0f,1f], start_interpolation: 0, interpolation_duration: 1 }
$data merge entity $(bone_planks) { transformation: [-0.7826952338974685f,0.6216284342363575f,-0.031084732314128727f,0.2406635792926985f,0.6176570288702544f,0.7819122203962673f,0.08433904364022943f,1.8098620992201693f,0.07673307970723153f,0.04681206408430602f,-0.9959521399820426f,-0.3863695145361008f,0f,0f,0f,1f], start_interpolation: 0, interpolation_duration: 1 }
$data merge entity $(bone_lefthand) { transformation: [-0.7826952338974685f,0.6216284342363575f,-0.031084732314128727f,0.6660935723888592f,0.6176570288702544f,0.7819122203962673f,0.08433904364022943f,1.7903849555313291f,0.07673307970723153f,0.04681206408430602f,-0.9959521399820426f,-0.36991999028994627f,0f,0f,0f,1f], start_interpolation: 0, interpolation_duration: 1 }
$data merge entity $(bone_leftforearm) { transformation: [-0.025562661226538108f,0.9235683364870699f,0.38258081262593796f,1.3253185037089394f,0.6503794731830514f,0.3060020815179173f,-0.6952476299627623f,2.074886182244903f,-0.7591792220636401f,0.23105032773230966f,-0.6084921156774659f,-0.28258289767969635f,0f,0f,0f,1f], start_interpolation: 0, interpolation_duration: 1 }
$data merge entity $(bone_leftelbow) { transformation: [-0.025562661226538108f,0.9235683364870699f,0.38258081262593796f,1.498487566800265f,0.6503794731830514f,0.3060020815179173f,-0.6952476299627623f,2.1322615725295124f,-0.7591792220636401f,0.23105032773230966f,-0.6084921156774659f,-0.23926096122988827f,0f,0f,0f,1f], start_interpolation: 0, interpolation_duration: 1 }
$data merge entity $(bone_leftarm) { transformation: [-0.4307605084292715f,-0.34707799313015986f,0.8330559711462944f,0.9332402550368517f,0.6448317018244555f,0.5274332403210271f,0.5531783196462405f,2.5268975975969385f,-0.6313774312564014f,0.7754682738121543f,-0.0033905177872460834f,0.10274966979453837f,0f,0f,0f,1f], start_interpolation: 0, interpolation_duration: 1 }
$data merge entity $(bone_rightthumb2) { transformation: [-0.8251702983582143f,0.14025205131802204f,-0.5471958888812144f,-0.8211871463580362f,-0.10240150888660002f,0.9154977682095546f,0.3890729589435282f,1.8360963395321674f,0.5555248956483977f,0.37708513429252527f,-0.7410795448603515f,0.12252684233684824f,0f,0f,0f,1f], start_interpolation: 0, interpolation_duration: 1 }
$data merge entity $(bone_rightthumb) { transformation: [-0.8251702983582143f,0.14025205131802204f,-0.5471958888812144f,-0.8335533753367426f,-0.10240150888660002f,0.9154977682095546f,0.3890729589435282f,2.0938645033412158f,0.5555248956483977f,0.37708513429252527f,-0.7410795448603515f,0.1516733381786794f,0f,0f,0f,1f], start_interpolation: 0, interpolation_duration: 1 }
$data merge entity $(bone_rightpointerfinger) { transformation: [-0.7045412532797252f,-0.45188303975534616f,-0.5471958888812144f,-0.9954763883497051f,-0.6921119715307683f,0.6079500402851545f,0.3890729589435282f,1.8005044280634617f,0.15685229131519662f,0.6528387755784331f,-0.7410795448603515f,0.053964710285159034f,0f,0f,0f,1f], start_interpolation: 0, interpolation_duration: 1 }
$data merge entity $(bone_rightmidfinger) { transformation: [-0.6841598247652488f,-0.4821846050722501f,-0.5471958888812144f,-1.0809757459873948f,-0.7179716425992971f,0.5771819063711154f,0.3890729589435282f,1.861297077898388f,0.12822657525041942f,0.6590592185753292f,-0.7410795448603515f,-0.061828968599270895f,0f,0f,0f,1f], start_interpolation: 0, interpolation_duration: 1 }
$data merge entity $(bone_rightringfinger) { transformation: [-0.7193203020855895f,-0.4279660759908357f,-0.5471958888812144f,-1.1664751036250847f,-0.671303504832307f,0.6308516759261154f,0.3890729589435282f,1.9220897277333142f,0.17868941604738914f,0.6472025963963819f,-0.7410795448603515f,-0.17762264748370082f,0f,0f,0f,1f], start_interpolation: 0, interpolation_duration: 1 }
$data merge entity $(bone_hugeasssword) { transformation: [-3.2319170019030063f,0.5493205343289197f,-2.1431838981180897f,-0.824751251798252f,-0.40107257647251676f,3.5856995921540893f,1.5238690891954856f,2.068378697880464f,2.1758058412895576f,1.4769167759790574f,-2.9025615507030436f,-0.12121548321426431f,0f,0f,0f,1f], start_interpolation: 0, interpolation_duration: 1 }
$data merge entity $(bone_ice) { transformation: [-0.8251702983582143f,0.14025205131802204f,-0.5471958888812144f,-0.8140494041882491f,-0.10240150888660002f,0.9154977682095546f,0.3890729589435282f,2.055674068828543f,0.5555248956483977f,0.37708513429252527f,-0.7410795448603515f,-0.13578751493209126f,0f,0f,0f,1f], start_interpolation: 0, interpolation_duration: 1 }
$data merge entity $(bone_righthand) { transformation: [-0.8251702983582143f,0.14025205131802204f,-0.5471958888812144f,-1.0023788374758351f,-0.10240150888660002f,0.9154977682095546f,0.3890729589435282f,2.271106663626267f,0.5555248956483977f,0.37708513429252527f,-0.7410795448603515f,0.0742062567762535f,0f,0f,0f,1f], start_interpolation: 0, interpolation_duration: 1 }
$data merge entity $(bone_rightforearm) { transformation: [-0.32929092167655466f,-0.593006916711559f,-0.734785877404877f,-1.3452317384767203f,-0.3486183198433138f,0.7995592465551457f,-0.48905038423233343f,2.881100814619096f,0.8775151029874246f,0.09511996625534518f,-0.47002067619260346f,0.10489456083924312f,0f,0f,0f,1f], start_interpolation: 0, interpolation_duration: 1 }
$data merge entity $(bone_rightelbow) { transformation: [-0.32929092167655466f,-0.593006916711559f,-0.734785877404877f,-1.4564205353601376f,-0.3486183198433138f,0.7995592465551457f,-0.48905038423233343f,3.031018173348186f,0.8775151029874246f,0.09511996625534518f,-0.47002067619260346f,0.12272955451212034f,0f,0f,0f,1f], start_interpolation: 0, interpolation_duration: 1 }
$data merge entity $(bone_rightarm) { transformation: [-0.690750226643441f,0.6976343538123712f,0.19018525908395162f,-0.7935082104192055f,0.005875714776023944f,-0.2575921970597645f,0.9662358593996574f,2.662333932450238f,0.7230695681384369f,0.6685451132083152f,0.17383276801965708f,0.3611396440374749f,0f,0f,0f,1f], start_interpolation: 0, interpolation_duration: 1 }
$data merge entity $(bone_chest) { transformation: [-1.0690560597850924f,0.16824508656847684f,-0.04923253998575676f,0.029831976630083884f,0.0811492590135963f,0.7446530754849472f,0.7826351040194051f,2.4458956771638807f,0.15538677520763364f,0.7686328766891815f,-0.747442012516153f,0.15183892016566103f,0f,0f,0f,1f], start_interpolation: 0, interpolation_duration: 1 }
$data merge entity $(bone_chest1lid) { transformation: [-0.9868209782631623f,0.15530315683244017f,-0.04544542152531394f,-0.3954533976875113f,0.07490700832024275f,0.6873720696784128f,0.7224324037102201f,1.7189851348164618f,0.143433946345508f,0.7095072707900137f,-0.6899464730918337f,-0.014111753910314398f,0f,0f,0f,1f], start_interpolation: 0, interpolation_duration: 1 }
$data merge entity $(bone_chest1) { transformation: [-0.9868209782631623f,0.15530315683244017f,-0.04544542152531394f,-0.4197195159425801f,0.07490700832024275f,0.6873720696784128f,0.7224324037102201f,1.6115832489292097f,0.143433946345508f,0.7095072707900137f,-0.6899464730918337f,-0.12497226497125405f,0f,0f,0f,1f], start_interpolation: 0, interpolation_duration: 1 }
$data merge entity $(bone_chest1lid3) { transformation: [-0.9868209782631623f,0.15530315683244017f,-0.04544542152531394f,-0.36289055971071793f,0.07490700832024275f,0.6873720696784128f,0.7224324037102201f,2.177111705423306f,0.143433946345508f,0.7095072707900137f,-0.6899464730918337f,-0.4650733348813646f,0f,0f,0f,1f], start_interpolation: 0, interpolation_duration: 1 }
$data merge entity $(bone_chest3) { transformation: [-0.9868209782631623f,0.15530315683244017f,-0.04544542152531394f,-0.38715667796578673f,0.07490700832024275f,0.6873720696784128f,0.7224324037102201f,2.069709819536054f,0.143433946345508f,0.7095072707900137f,-0.6899464730918337f,-0.5759338459423042f,0f,0f,0f,1f], start_interpolation: 0, interpolation_duration: 1 }
$data merge entity $(bone_hugeasssword2) { transformation: [0.17799456764081212f,3.2605546360259168f,-2.1627249425569657f,-1.017824193919316f,-2.8295269145316957f,1.602522182003557f,2.1831119700796577f,3.5271377075060837f,2.702290352943016f,1.4632101350982492f,2.4283576191975222f,0.9690107621062256f,0f,0f,0f,1f], start_interpolation: 0, interpolation_duration: 1 }
$data merge entity $(bone_belt) { transformation: [-0.9868209782631623f,0.15530315683244017f,-0.04544542152531394f,0.005525631867781641f,0.07490700832024275f,0.6873720696784128f,0.7224324037102201f,2.0751273750794645f,0.143433946345508f,0.7095072707900137f,-0.6899464730918337f,-0.045057402823235115f,0f,0f,0f,1f], start_interpolation: 0, interpolation_duration: 1 }
$data merge entity $(bone_torn_part) { transformation: [-0.9845362176197294f,0.17516230899487445f,-0.002569377866489947f,-0.28714043295348823f,0.16421694176823007f,0.9279243051725641f,0.3346479940270134f,1.7523689888409288f,0.06100190350576308f,0.32905113489790366f,-0.9423397043482118f,-0.03580816955732574f,0f,0f,0f,1f], start_interpolation: 0, interpolation_duration: 1 }
$data merge entity $(bone_lowerbody) { transformation: [-0.9845362176197294f,0.16628263639503896f,-0.055122781393467025f,-0.26443537037037035f,0.16421694176823007f,0.9856077314507392f,0.04012724437109115f,1.249435509259259f,0.06100190350576308f,0.03045463081442281f,-0.9976729339972248f,0.08366194444444441f,0f,0f,0f,1f], start_interpolation: 0, interpolation_duration: 1 }
$data merge entity $(bone_leftfoot) { transformation: [-0.8189121576307862f,0.05162957901899029f,-0.5715819390867484f,0.3610134962925037f,-0.41029573299094757f,0.6437155574631858f,0.6460129202046205f,0.30742015665790035f,0.4012747511129913f,0.7635382010039242f,-0.5059412647382732f,-0.08111233206336055f,0f,0f,0f,1f], start_interpolation: 0, interpolation_duration: 1 }
$data merge entity $(bone_leftlowerleg) { transformation: [-0.8189121576307862f,0.05162957901899029f,-0.5715819390867484f,0.5061111247863914f,-0.41029573299094757f,0.6437155574631858f,0.6460129202046205f,0.922285044335708f,0.4012747511129913f,0.7635382010039242f,-0.5059412647382732f,0.8436735215093704f,0f,0f,0f,1f], start_interpolation: 0, interpolation_duration: 1 }
$data merge entity $(bone_leftleg) { transformation: [-0.8784433593286299f,-0.45501868835907305f,0.14586783546619314f,0.10135396102641275f,-0.3183833115110817f,0.32976055076970645f,-0.8887828686464123f,1.1662683040338138f,0.3563005363960872f,-0.8271609467128225f,-0.43456853333759143f,0.12581307335137115f,0f,0f,0f,1f], start_interpolation: 0, interpolation_duration: 1 }
$data merge entity $(bone_rightfoot) { transformation: [-0.9518723553375332f,0.08818925014032786f,0.29353717489147657f,-0.5116080335166924f,0.29420648523450965f,0.5313602866347436f,0.794430003237935f,0.47996785597189284f,-0.08590895899236495f,0.8425367764220444f,-0.531723870790672f,-0.0676530993289286f,0f,0f,0f,1f], start_interpolation: 0, interpolation_duration: 1 }
$data merge entity $(bone_rightlowerleg) { transformation: [-0.9518723553375332f,0.08818925014032786f,0.29353717489147657f,-0.4588737868392014f,0.29420648523450965f,0.5313602866347436f,0.794430003237935f,0.9473849795910669f,-0.08590895899236495f,0.8425367764220444f,-0.531723870790672f,0.9487331834693289f,0f,0f,0f,1f], start_interpolation: 0, interpolation_duration: 1 }
$data merge entity $(bone_rightleg) { transformation: [-0.9782834727558111f,-0.0473100607053272f,-0.2018019700644481f,-0.5090419954262724f,0.16248402354973016f,0.4294221186007654f,-0.8883742742376478f,1.2714060012855397f,0.1286871750561062f,-0.9018527608831105f,-0.41241798620778586f,0.14438941065559915f,0f,0f,0f,1f], start_interpolation: 0, interpolation_duration: 1 }
data modify entity @s data merge value {"locators":{"lefthand":{"posx":0.33933991316616674,"posy":1.6316467165316597,"posz":-0.3888524073005737,"roty":358.2123177225469,"rotx":4.838018381117996},"righthand":{"posx":-0.8850506221974068,"posy":2.0256900097586574,"posz":-0.07801964329993169,"roty":323.5587029065574,"rotx":22.896828492733558},"chest":{"posx":-0.42889715344693236,"posy":1.5654851613918466,"posz":0.05383048890920586,"roty":356.23148306956057,"rotx":46.25567107218801},"sack":{"posx":0,"posy":-0.4375,"posz":0,"roty":0,"rotx":0}},"cameras":{}}