# This file was generated by Animated Java via MC-Build. It is not recommended to edit this file directly.
$data merge entity $(bone_nose) { transformation: [-0.9995594373143374f,0.020337670321173285f,0.021617364357210317f,0.10685237145025596f,0.029674547503867492f,0.670211834168753f,0.7415763740644632f,2.9045810423623255f,0.0005937223979540218f,0.741891148691008f,-0.6705200750071924f,1.0926165991515684f,0f,0f,0f,1f], start_interpolation: 0, interpolation_duration: 1 }
$data merge entity $(bone_glowing_eye) { transformation: [-0.9995594373143374f,0.020337670321173285f,0.021617364357210317f,-0.017469884129818994f,0.029674547503867492f,0.670211834168753f,0.7415763740644632f,2.927791376386473f,0.0005937223979540218f,0.741891148691008f,-0.6705200750071924f,1.1663210901757f,0f,0f,0f,1f], start_interpolation: 0, interpolation_duration: 1 }
$data merge entity $(bone_head) { transformation: [-0.9995594373143374f,0.020337670321173285f,0.021617364357210317f,0.10838909903692666f,0.029674547503867492f,0.670211834168753f,0.7415763740644632f,2.960689263416591f,0.0005937223979540218f,0.741891148691008f,-0.6705200750071924f,0.8754519618755707f,0f,0f,0f,1f], start_interpolation: 0, interpolation_duration: 1 }
$data merge entity $(bone_leftthumb2) { transformation: [-0.9068898885671763f,0.3856491086987698f,0.1697807261571786f,0.6282261369035859f,0.40774203971193773f,0.9048112143634637f,0.12273180278013807f,1.5689222877982654f,-0.10628809465863387f,0.18053097053403028f,-0.9778094955623403f,0.0599206759937024f,0f,0f,0f,1f], start_interpolation: 0, interpolation_duration: 1 }
$data merge entity $(bone_leftthumb) { transformation: [-0.9068898885671763f,0.3856491086987698f,0.1697807261571786f,0.7373127248492211f,0.40774203971193773f,0.9048112143634637f,0.12273180278013807f,1.8013088050728807f,-0.10628809465863387f,0.18053097053403028f,-0.9778094955623403f,0.02063338756787564f,0f,0f,0f,1f], start_interpolation: 0, interpolation_duration: 1 }
$data merge entity $(bone_leftpointerfinger) { transformation: [-0.18964415703852738f,0.967062355138844f,0.1697807261571786f,0.7179211641580898f,0.9777382518176936f,0.17019052711246196f,0.12273180278013807f,1.465573893021695f,0.08979423496876993f,0.18927647966531647f,-0.9778094955623403f,-0.07281289688979967f,0f,0f,0f,1f], start_interpolation: 0, interpolation_duration: 1 }
$data merge entity $(bone_leftmidfinger) { transformation: [-0.3107754607054973f,0.9351968338530809f,0.1697807261571786f,0.744449402620149f,0.9482540177689125f,0.29283309644138966f,0.12273180278013807f,1.4847507372060917f,0.06506097761639192f,0.19913728827048183f,-0.9778094955623403f,-0.22559563057141535f,0f,0f,0f,1f], start_interpolation: 0, interpolation_duration: 1 }
$data merge entity $(bone_leftringfinger) { transformation: [-0.3107754607054973f,0.9351968338530809f,0.1697807261571786f,0.7709776410822081f,0.9482540177689125f,0.29283309644138966f,0.12273180278013807f,1.5039275813904882f,0.06506097761639192f,0.19913728827048183f,-0.9778094955623403f,-0.37837836425303106f,0f,0f,0f,1f], start_interpolation: 0, interpolation_duration: 1 }
$data merge entity $(bone_invisibility) { transformation: [0.39897896270198707f,-0.13552312472733408f,0.9068898885671761f,0.5847540336232604f,0.9120649159528983f,-0.043405277782557f,-0.40774203971193757f,1.6371538832018078f,0.09462228283590939f,0.9898229460488164f,0.10628809465863363f,-0.04243979299981081f,0f,0f,0f,1f], start_interpolation: 0, interpolation_duration: 1 }
$data merge entity $(bone_swiftness) { transformation: [0.1697807261571784f,0.3856491086987698f,0.9068898885671763f,0.5171308632037284f,0.12273180278013816f,0.9048112143634637f,-0.40774203971193773f,1.5588758687311002f,-0.9778094955623403f,0.18053097053403028f,0.10628809465863365f,-0.25576182940830255f,0f,0f,0f,1f], start_interpolation: 0, interpolation_duration: 1 }
$data merge entity $(bone_suspicious_stew) { transformation: [0.4212692256430591f,0.009108761755136197f,0.9068898885671766f,0.5985106178074766f,0.8719061505269391f,0.2711569540410928f,-0.40774203971193773f,1.6177530705497962f,-0.24962352493183088f,0.962492045023981f,0.10628809465863391f,-0.23424146266153228f,0f,0f,0f,1f], start_interpolation: 0, interpolation_duration: 1 }
$data merge entity $(bone_log) { transformation: [-0.9068898885671763f,0.3856491086987698f,0.1697807261571786f,0.5696543008802677f,0.40774203971193773f,0.9048112143634637f,0.12273180278013807f,1.7748333418235425f,-0.10628809465863387f,0.18053097053403028f,-0.9778094955623403f,-0.2674744203235101f,0f,0f,0f,1f], start_interpolation: 0, interpolation_duration: 1 }
$data merge entity $(bone_planks) { transformation: [-0.9068898885671763f,0.3856491086987698f,0.1697807261571786f,0.4846333738270949f,0.40774203971193773f,0.9048112143634637f,0.12273180278013807f,1.8130591580465367f,-0.10628809465863387f,0.18053097053403028f,-0.9778094955623403f,-0.27743892919775703f,0f,0f,0f,1f], start_interpolation: 0, interpolation_duration: 1 }
$data merge entity $(bone_lefthand) { transformation: [-0.9068898885671763f,0.3856491086987698f,0.1697807261571786f,0.8874834025043424f,0.40774203971193773f,0.9048112143634637f,0.12273180278013807f,1.8952652666495446f,-0.10628809465863387f,0.18053097053403028f,-0.9778094955623403f,-0.16521310728902097f,0f,0f,0f,1f], start_interpolation: 0, interpolation_duration: 1 }
$data merge entity $(bone_leftforearm) { transformation: [-0.10528748061702226f,0.7801617790509578f,0.616653991257143f,1.435705594644148f,0.7045251283984849f,0.49615411402228365f,-0.5074203766049025f,2.321139423980689f,-0.7018253984292805f,0.3810232193014061f,-0.6018823942206437f,0.039339766270324955f,0f,0f,0f,1f], start_interpolation: 0, interpolation_duration: 1 }
$data merge entity $(bone_leftelbow) { transformation: [-0.10528748061702226f,0.7801617790509578f,0.616653991257143f,1.5819859282162025f,0.7045251283984849f,0.49615411402228365f,-0.5074203766049025f,2.414168320359867f,-0.7018253984292805f,0.3810232193014061f,-0.6018823942206437f,0.1107816198893386f,0f,0f,0f,1f], start_interpolation: 0, interpolation_duration: 1 }
$data merge entity $(bone_leftarm) { transformation: [-0.48250289858157497f,-0.4547669096573013f,0.7485840037972534f,0.9712024627167608f,0.6100485467192447f,0.43879025799945115f,0.6597756286272725f,2.700696022532541f,-0.6285154918584869f,0.7750162368399278f,0.06571232097834645f,0.41935216417697807f,0f,0f,0f,1f], start_interpolation: 0, interpolation_duration: 1 }
$data merge entity $(bone_rightthumb2) { transformation: [-0.8032629229075222f,-0.08970853264411088f,-0.5888302436635748f,-0.5920941249643935f,-0.4129125036713147f,0.7963524359512473f,0.4419570817018346f,2.0501087491312613f,0.42926907761210864f,0.5981431073960113f,-0.6767221601814839f,-0.023806787478282826f,0f,0f,0f,1f], start_interpolation: 0, interpolation_duration: 1 }
$data merge entity $(bone_rightthumb) { transformation: [-0.8032629229075222f,-0.08970853264411088f,-0.5888302436635748f,-0.6644144303292469f,-0.4129125036713147f,0.7963524359512473f,0.4419570817018346f,2.2831767587145695f,0.42926907761210864f,0.5981431073960113f,-0.6767221601814839f,0.06505233953357434f,0f,0f,0f,1f], start_interpolation: 0, interpolation_duration: 1 }
$data merge entity $(bone_rightpointerfinger) { transformation: [-0.512468752365125f,-0.62502377714486f,-0.5888302436635748f,-0.7504371179201383f,-0.8515981313359055f,0.2818768536769074f,0.4419570817018346f,1.99742804878379f,-0.11025606810750543f,0.7279359294366365f,-0.6767221601814839f,-0.11598341347542454f,0f,0f,0f,1f], start_interpolation: 0, interpolation_duration: 1 }
$data merge entity $(bone_rightmidfinger) { transformation: [-0.48471784141882446f,-0.6467824660249927f,-0.5888302436635748f,-0.8424418434925719f,-0.863082894283425f,0.24446238060066677f,0.4419570817018346f,2.066483842799702f,-0.14190324804465404f,0.7224337935850483f,-0.6767221601814839f,-0.2217212510037814f,0f,0f,0f,1f], start_interpolation: 0, interpolation_duration: 1 }
$data merge entity $(bone_rightringfinger) { transformation: [-0.5354724565457507f,-0.6054322360330301f,-0.5888302436635748f,-0.9344465690650055f,-0.8404672061626246f,0.3135104676064121f,0.4419570817018346f,2.135539636815613f,-0.08297061917360993f,0.7315483540226542f,-0.6767221601814839f,-0.32745908853213823f,0f,0f,0f,1f], start_interpolation: 0, interpolation_duration: 1 }
$data merge entity $(bone_hugeasssword) { transformation: [-3.1461131147211288f,-0.35135841952276764f,-2.306251787682335f,-0.6380967027313529f,-1.6172406393793162f,3.1190470408090523f,1.7309985699988524f,2.3310172357384005f,1.6813038873140922f,2.3427271706343777f,-2.6504951273774786f,-0.2036742473018473f,0f,0f,0f,1f], start_interpolation: 0, interpolation_duration: 1 }
$data merge entity $(bone_ice) { transformation: [-0.8032629229075222f,-0.08970853264411088f,-0.5888302436635748f,-0.6241440237383586f,-0.4129125036713147f,0.7963524359512473f,0.4419570817018346f,2.325025986796527f,0.42926907761210864f,0.5981431073960113f,-0.6767221601814839f,-0.21972756269259916f,0f,0f,0f,1f], start_interpolation: 0, interpolation_duration: 1 }
$data merge entity $(bone_righthand) { transformation: [-0.8032629229075222f,-0.08970853264411088f,-0.5888302436635748f,-0.8657878327407537f,-0.4129125036713147f,0.7963524359512473f,0.4419570817018346f,2.434697128669692f,0.42926907761210864f,0.5981431073960113f,-0.6767221601814839f,0.01597791605375945f,0f,0f,0f,1f], start_interpolation: 0, interpolation_duration: 1 }
$data merge entity $(bone_rightforearm) { transformation: [-0.33798469540096887f,-0.7523573725593675f,-0.5654420656709931f,-1.327277221339968f,-0.6202653496159434f,0.6299254555826503f,-0.46740219990368337f,2.9450176041723846f,0.7078398418713981f,0.19274933038679049f,-0.6795663719570875f,0.14102385680540447f,0f,0f,0f,1f], start_interpolation: 0, interpolation_duration: 1 }
$data merge entity $(bone_rightelbow) { transformation: [-0.33798469540096887f,-0.7523573725593675f,-0.5654420656709931f,-1.4683442286948494f,-0.6202653496159434f,0.6299254555826503f,-0.46740219990368337f,3.0631286270941316f,0.7078398418713981f,0.19274933038679049f,-0.6795663719570875f,0.1771643562529277f,0f,0f,0f,1f], start_interpolation: 0, interpolation_duration: 1 }
$data merge entity $(bone_rightarm) { transformation: [-0.7470695851430151f,0.6607207645621431f,-0.07304181152367505f,-0.77069459198213f,-0.3157530342746717f,-0.25601564027894885f,0.9136498307770313f,2.795711080367773f,0.5849675685887048f,0.7056231736621019f,0.3998860843920957f,0.4344124852192919f,0f,0f,0f,1f], start_interpolation: 0, interpolation_duration: 1 }
$data merge entity $(bone_chest) { transformation: [-1.0828560570905321f,0.022032476181271056f,0.023418811386977843f,0.09447842853548256f,0.03214742646252312f,0.7260628203494823f,0.8033744052365017f,2.581250254224026f,0.0006431992644501903f,0.8037154110819253f,-0.7263967479244583f,0.33355548451145856f,0f,0f,0f,1f], start_interpolation: 0, interpolation_duration: 1 }
$data merge entity $(bone_chest1lid) { transformation: [-0.9995594373143374f,0.020337670321173285f,0.021617364357210317f,-0.26915708810288275f,0.029674547503867492f,0.670211834168753f,0.7415763740644632f,1.8431328798514008f,0.0005937223979540218f,0.741891148691008f,-0.6705200750071924f,0.0891006520802757f,0f,0f,0f,1f], start_interpolation: 0, interpolation_duration: 1 }
$data merge entity $(bone_chest1) { transformation: [-0.9995594373143374f,0.020337670321173285f,0.021617364357210317f,-0.2723348490905661f,0.029674547503867492f,0.670211834168753f,0.7415763740644632f,1.7384122807625333f,0.0005937223979540218f,0.741891148691008f,-0.6705200750071924f,-0.026819839902694292f,0f,0f,0f,1f], start_interpolation: 0, interpolation_duration: 1 }
$data merge entity $(bone_chest1lid3) { transformation: [-0.9995594373143374f,0.020337670321173285f,0.021617364357210317f,-0.19283599922939884f,0.029674547503867492f,0.670211834168753f,0.7415763740644632f,2.316350585267456f,0.0005937223979540218f,0.741891148691008f,-0.6705200750071924f,-0.3404883786210791f,0f,0f,0f,1f], start_interpolation: 0, interpolation_duration: 1 }
$data merge entity $(bone_chest3) { transformation: [-0.9995594373143374f,0.020337670321173285f,0.021617364357210317f,-0.19601376021708217f,0.029674547503867492f,0.670211834168753f,0.7415763740644632f,2.2116299861785884f,0.0005937223979540218f,0.741891148691008f,-0.6705200750071924f,-0.4564088706040491f,0f,0f,0f,1f], start_interpolation: 0, interpolation_duration: 1 }
$data merge entity $(bone_hugeasssword2) { transformation: [-0.08466801039907462f,2.9402120991281944f,-2.586167418774936f,-1.1077057369468821f,-2.9045074650858145f,1.6877315416148864f,2.013871000455788f,3.5919243384504753f,2.6262036271115035f,1.9613752403240419f,2.1439075197797055f,1.0174624422665295f,0f,0f,0f,1f], start_interpolation: 0, interpolation_duration: 1 }
$data merge entity $(bone_belt) { transformation: [-0.9995594373143374f,0.020337670321173285f,0.021617364357210317f,0.11556219660656147f,0.029674547503867492f,0.670211834168753f,0.7415763740644632f,2.216260134350249f,0.0005937223979540218f,0.741891148691008f,-0.6705200750071924f,0.1257917211857448f,0f,0f,0f,1f], start_interpolation: 0, interpolation_duration: 1 }
$data merge entity $(bone_torn_part) { transformation: [-0.9489407152343647f,0.056803739364960595f,0.3102980086379061f,-0.09078923302219932f,0.19324147925580418f,0.882162563060034f,0.4294728664658341f,1.9340612712560392f,-0.24933762184139197f,0.4675067352771607f,-0.8480968121653152f,-0.029686429917282195f,0f,0f,0f,1f], start_interpolation: 0, interpolation_duration: 1 }
$data merge entity $(bone_lowerbody) { transformation: [-0.9489407152343647f,0.14748309987029262f,0.2788552567608179f,-0.10934649414062472f,0.19324147925580418f,0.9704783713818567f,0.1443241538171895f,1.4210280566406253f,-0.24933762184139197f,0.19084146806359584f,-0.9494262922427473f,0.034991708984374925f,0f,0f,0f,1f], start_interpolation: 0, interpolation_duration: 1 }
$data merge entity $(bone_leftfoot) { transformation: [-0.9415215787779988f,-0.1666359274577397f,-0.2928320386704678f,0.4405937754270262f,-0.32891483150926937f,0.6429725872117309f,0.691685915244525f,0.2975036259645396f,0.07301775058190885f,0.747554463408634f,-0.660169864734376f,-0.0028029358570297314f,0f,0f,0f,1f], start_interpolation: 0, interpolation_duration: 1 }
$data merge entity $(bone_leftlowerleg) { transformation: [-0.9415215787779988f,-0.1666359274577397f,-0.2928320386704678f,0.3007244050051444f,-0.32891483150926937f,0.6429725872117309f,0.691685915244525f,0.9045268251511115f,0.07301775058190885f,0.747554463408634f,-0.660169864734376f,0.9279475084602022f,0f,0f,0f,1f], start_interpolation: 0, interpolation_duration: 1 }
$data merge entity $(bone_leftleg) { transformation: [-0.984833234505415f,-0.1056724209248745f,0.13753798943688755f,0.18894137488561918f,-0.1721567187440092f,0.4992274242498561f,-0.849211906806969f,1.3206021167635595f,0.021075062739060568f,-0.8599906465754656f,-0.5098704816576283f,0.175436579950639f,0f,0f,0f,1f], start_interpolation: 0, interpolation_duration: 1 }
$data merge entity $(bone_rightfoot) { transformation: [-0.9337970539940758f,0.04624691312300122f,0.35480471451342305f,-0.48802348730297795f,0.278841573712866f,0.715428835838653f,0.6406282034942276f,0.36215862135513444f,-0.22420911230441534f,0.6971397727522377f,-0.6809636036005765f,-0.08486091754263902f,0f,0f,0f,1f], start_interpolation: 0, interpolation_duration: 1 }
$data merge entity $(bone_rightlowerleg) { transformation: [-0.9337970539940758f,0.04624691312300122f,0.35480471451342305f,-0.49123251017150993f,0.278841573712866f,0.715428835838653f,0.6406282034942276f,1.0574077653951424f,-0.22420911230441534f,0.6971397727522377f,-0.6809636036005765f,0.7931555963318374f,0f,0f,0f,1f], start_interpolation: 0, interpolation_duration: 1 }
$data merge entity $(bone_rightleg) { transformation: [-0.9781131672779945f,0.14697992019110243f,-0.14727919271451062f,-0.3567496726500131f,0.20000927998227402f,0.468998816606513f,-0.8602522678785429f,1.449199790584915f,-0.05736654005936148f,-0.8708714102451107f,-0.4881367956371962f,0.023571282204716243f,0f,0f,0f,1f], start_interpolation: 0, interpolation_duration: 1 }
data modify entity @s data merge value {"locators":{"lefthand":{"posx":0.6218935674701431,"posy":1.664001465059963,"posz":-0.25633562015407274,"roty":9.850273476817762,"rotx":7.049789044786194},"righthand":{"posx":-0.6888477543811313,"posy":2.2669668533640115,"posz":-0.17825578896669095,"roty":318.97278127691504,"rotx":26.22881746630008},"chest":{"posx":-0.30504213809484326,"posy":1.6863006613777773,"posz":0.14751977083189757,"roty":1.84655900433782,"rotx":47.86587213676773},"sack":{"posx":0,"posy":-0.4375,"posz":0,"roty":0,"rotx":0}},"cameras":{}}