# This file was generated by Animated Java via MC-Build. It is not recommended to edit this file directly.
$data merge entity $(bone_nose) { transformation: [-0.9651959239747122f,-0.09468398497643316f,0.24378632310198234f,-0.04734440561893688f,0.014690657406146486f,0.911061149520495f,0.41200942515841743f,3.7363306930447653f,-0.2611149419845153f,0.40125119915506413f,-0.87796153802376f,0.498586114273113f,0f,0f,0f,1f], start_interpolation: 0, interpolation_duration: 1 }
$data merge entity $(bone_glowing_eye) { transformation: [-0.9651959239747122f,-0.09468398497643316f,0.24378632310198234f,-0.182911847317154f,0.014690657406146486f,0.911061149520495f,0.41200942515841743f,3.785475941018117f,-0.2611149419845153f,0.40125119915506413f,-0.87796153802376f,0.5237517294691401f,0f,0f,0f,1f], start_interpolation: 0, interpolation_duration: 1 }
$data merge entity $(bone_head) { transformation: [-0.9651959239747122f,-0.09468398497643316f,0.24378632310198234f,0.00999708489096171f,0.014690657406146486f,0.911061149520495f,0.41200942515841743f,3.7009865342761064f,-0.2611149419845153f,0.40125119915506413f,-0.87796153802376f,0.284638182308804f,0f,0f,0f,1f], start_interpolation: 0, interpolation_duration: 1 }
$data merge entity $(bone_leftthumb2) { transformation: [-0.848512764617595f,0.09018423269054154f,0.5214334976341889f,0.8017649005644315f,0.0018343664712802132f,0.9858661374179738f,-0.16752490618476273f,2.063133782423124f,-0.52917173335379f,-0.14119052116407368f,-0.8366854327360806f,0.18061214908230733f,0f,0f,0f,1f], start_interpolation: 0, interpolation_duration: 1 }
$data merge entity $(bone_leftthumb) { transformation: [-0.848512764617595f,0.09018423269054154f,0.5214334976341889f,0.8684423103741153f,0.0018343664712802132f,0.9858661374179738f,-0.16752490618476273f,2.290593798958567f,-0.52917173335379f,-0.14119052116407368f,-0.8366854327360806f,0.07448518732768336f,0f,0f,0f,1f], start_interpolation: 0, interpolation_duration: 1 }
$data merge entity $(bone_leftpointerfinger) { transformation: [-0.38547280913743975f,0.7612606787169995f,0.5214334976341889f,0.9560988878541834f,0.828536722359502f,0.534286725934268f,-0.16752490618476273f,1.9590531088080876f,-0.4061251200276389f,0.36745050487075565f,-0.8366854327360806f,0.13947185576071205f,0f,0f,0f,1f], start_interpolation: 0, interpolation_duration: 1 }
$data merge entity $(bone_leftmidfinger) { transformation: [-0.48086126153329467f,0.7048968397585452f,0.5214334976341889f,1.0375728718595254f,0.7523236498278337f,0.6371377651006987f,-0.16752490618476273f,1.9328773422167185f,-0.45031275028177375f,0.31173051435639443f,-0.8366854327360806f,0.00873975689569945f,0f,0f,0f,1f], start_interpolation: 0, interpolation_duration: 1 }
$data merge entity $(bone_leftringfinger) { transformation: [-0.48086126153329467f,0.7048968397585452f,0.5214334976341889f,1.1190468558648674f,0.7523236498278337f,0.6371377651006987f,-0.16752490618476273f,1.9067015756253491f,-0.45031275028177375f,0.31173051435639443f,-0.8366854327360806f,-0.12199234196931316f,0f,0f,0f,1f], start_interpolation: 0, interpolation_duration: 1 }
$data merge entity $(bone_invisibility) { transformation: [0.1352869782376065f,-0.5115892119663417f,0.8485127646175948f,0.790571848137844f,0.9675138614967087f,0.2528113187960061f,-0.0018343664712801955f,2.0724613146198174f,-0.21357518894071953f,0.8211960273212974f,0.5291717333537896f,0.05095586227755837f,0f,0f,0f,1f], start_interpolation: 0, interpolation_duration: 1 }
$data merge entity $(bone_swiftness) { transformation: [0.5214334976341887f,0.09018423269054154f,0.8485127646175951f,0.8319349655953546f,-0.16752490618476273f,0.9858661374179738f,-0.0018343664712802505f,1.9076430227509313f,-0.8366854327360808f,-0.14119052116407368f,0.5291717333537898f,-0.11436399473952863f,0f,0f,0f,1f], start_interpolation: 0, interpolation_duration: 1 }
$data merge entity $(bone_suspicious_stew) { transformation: [0.3021019907388971f,-0.4344657356715265f,0.8485127646175952f,0.8841132430368852f,0.8226990726675756f,0.5684741603024362f,-0.0018343664712801042f,1.994837919518707f,-0.4815606119934503f,0.6986248303602149f,0.5291717333537901f,-0.09930435068089077f,0f,0f,0f,1f], start_interpolation: 0, interpolation_duration: 1 }
$data merge entity $(bone_log) { transformation: [-0.848512764617595f,0.09018423269054154f,0.5214334976341889f,0.840280395641906f,0.0018343664712802132f,0.9858661374179738f,-0.16752490618476273f,2.1103904285752253f,-0.52917173335379f,-0.14119052116407368f,-0.8366854327360806f,-0.20578264548782157f,0f,0f,0f,1f], start_interpolation: 0, interpolation_duration: 1 }
$data merge entity $(bone_planks) { transformation: [-0.848512764617595f,0.09018423269054154f,0.5214334976341889f,0.7607323239590065f,0.0018343664712802132f,0.9858661374179738f,-0.16752490618476273f,2.110562400431908f,-0.52917173335379f,-0.14119052116407368f,-0.8366854327360806f,-0.2553924954897394f,0f,0f,0f,1f], start_interpolation: 0, interpolation_duration: 1 }
$data merge entity $(bone_lefthand) { transformation: [-0.848512764617595f,0.09018423269054154f,0.5214334976341889f,1.0586598481678717f,0.0018343664712802132f,0.9858661374179738f,-0.16752490618476273f,2.3616335246301725f,-0.52917173335379f,-0.14119052116407368f,-0.8366854327360806f,-0.08264092266738998f,0f,0f,0f,1f], start_interpolation: 0, interpolation_duration: 1 }
$data merge entity $(bone_leftforearm) { transformation: [-0.13688075611965897f,0.6262934744292266f,0.7674764768326633f,1.4866216038238977f,0.39015917134980904f,0.7462286252642061f,-0.5393687605413602f,2.941718154646202f,-0.9105160512674889f,0.2256087824612783f,-0.3464984814693982f,-0.0021577343113918374f,0f,0f,0f,1f], start_interpolation: 0, interpolation_duration: 1 }
$data merge entity $(bone_leftelbow) { transformation: [-0.13688075611965897f,0.6262934744292266f,0.7674764768326633f,1.6040516302793777f,0.39015917134980904f,0.7462286252642061f,-0.5393687605413602f,3.0816360218832406f,-0.9105160512674889f,0.2256087824612783f,-0.3464984814693982f,0.04014391240009785f,0f,0f,0f,1f], start_interpolation: 0, interpolation_duration: 1 }
$data merge entity $(bone_leftarm) { transformation: [-0.5022179724672199f,-0.6388264174402918f,0.5828189397328442f,0.9053656613149189f,0.24343508974047878f,0.5422788866182263f,0.8041597889792438f,3.3002720879773584f,-0.8297689227814932f,0.545742079657139f,-0.11682943669102103f,0.1933719227581498f,0f,0f,0f,1f], start_interpolation: 0, interpolation_duration: 1 }
$data merge entity $(bone_rightthumb2) { transformation: [-0.7686569848353568f,-0.09370756531412036f,-0.6327600902922988f,-0.7608435537205618f,0.12231190563138358f,0.9494272570034149f,-0.28918451099564646f,2.144913914629453f,0.6278584533194066f,-0.29967778673413803f,-0.7183223418031011f,-0.11726926817754005f,0f,0f,0f,1f], start_interpolation: 0, interpolation_duration: 1 }
$data merge entity $(bone_rightthumb) { transformation: [-0.7686569848353568f,-0.09370756531412036f,-0.6327600902922988f,-0.837898726723264f,0.12231190563138358f,0.9494272570034149f,-0.28918451099564646f,2.3530408433567023f,0.6278584533194066f,-0.29967778673413803f,-0.7183223418031011f,-0.2521490293153254f,0f,0f,0f,1f], start_interpolation: 0, interpolation_duration: 1 }
$data merge entity $(bone_rightpointerfinger) { transformation: [-0.45944246363286645f,-0.6233195735288956f,-0.6327600902922988f,-0.9208834188033868f,-0.6065121211854446f,0.7406182319220486f,-0.28918451099564646f,2.0413323653779685f,0.6488880253680864f,0.25091302038836993f,-0.7183223418031011f,-0.11881659698339658f,0f,0f,0f,1f], start_interpolation: 0, interpolation_duration: 1 }
$data merge entity $(bone_rightmidfinger) { transformation: [-0.43181635828144954f,-0.6427669102044915f,-0.6327600902922988f,-1.0197521829115586f,-0.6382401695861969f,0.7134576403170629f,-0.28918451099564646f,1.9961472855348985f,0.6373257555184234f,0.27897830492599207f,-0.7183223418031011f,-0.23105446289013112f,0f,0f,0f,1f], start_interpolation: 0, interpolation_duration: 1 }
$data merge entity $(bone_rightringfinger) { transformation: [-0.48520665104018595f,-0.6034808811550282f,-0.6327600902922988f,-1.1186209470197301f,-0.5748834406479991f,0.7654288655838158f,-0.28918451099564646f,1.9509622056918288f,0.6588501616111856f,0.22344904969908377f,-0.7183223418031011f,-0.34329232879686566f,0f,0f,0f,1f], start_interpolation: 0, interpolation_duration: 1 }
$data merge entity $(bone_hugeasssword) { transformation: [-3.0105731906051476f,-0.36702129748030476f,-2.4783103536448374f,-0.8247251441082805f,0.47905496372291906f,3.718590089930042f,-1.1326393347329486f,2.161029105164688f,2.4591122755010093f,-1.1737379980420406f,-2.813429172062146f,-0.44747762839279687f,0f,0f,0f,1f], start_interpolation: 0, interpolation_duration: 1 }
$data merge entity $(bone_ice) { transformation: [-0.7686569848353568f,-0.09370756531412036f,-0.6327600902922988f,-0.8112506980121948f,0.12231190563138358f,0.9494272570034149f,-0.28918451099564646f,2.1442831807485194f,0.6278584533194066f,-0.29967778673413803f,-0.7183223418031011f,-0.4526054513081917f,0f,0f,0f,1f], start_interpolation: 0, interpolation_duration: 1 }
$data merge entity $(bone_righthand) { transformation: [-0.7686569848353568f,-0.09370756531412036f,-0.6327600902922988f,-1.0466155883711985f,0.12231190563138358f,0.9494272570034149f,-0.28918451099564646f,2.403180955438605f,0.6278584533194066f,-0.29967778673413803f,-0.7183223418031011f,-0.39300785784322145f,0f,0f,0f,1f], start_interpolation: 0, interpolation_duration: 1 }
$data merge entity $(bone_rightforearm) { transformation: [-0.6562282134308862f,-0.36562294703873566f,-0.6600639306127986f,-1.2341443743283427f,-0.03719048355012983f,0.8893728217727627f,-0.455667479446648f,3.0487184618575704f,0.7536454072245213f,-0.2744737592023396f,-0.5972292321033202f,-0.6304273079543897f,0f,0f,0f,1f], start_interpolation: 0, interpolation_duration: 1 }
$data merge entity $(bone_rightelbow) { transformation: [-0.6562282134308862f,-0.36562294703873566f,-0.6600639306127986f,-1.3026986768981057f,-0.03719048355012983f,0.8893728217727627f,-0.455667479446648f,3.2154758659399634f,0.7536454072245213f,-0.2744737592023396f,-0.5972292321033202f,-0.6818911378048284f,0f,0f,0f,1f], start_interpolation: 0, interpolation_duration: 1 }
$data merge entity $(bone_rightarm) { transformation: [-0.8748441885739618f,0.4768301348923807f,-0.08532683151787934f,-0.7568274951073319f,0.16584522134397117f,0.4603389450470221f,0.872114337819511f,3.2792389600444225f,0.45512966094920204f,0.7488131129537656f,-0.48180485011335805f,-0.23800680334288057f,0f,0f,0f,1f], start_interpolation: 0, interpolation_duration: 1 }
$data merge entity $(bone_chest) { transformation: [-1.0456289176392715f,-0.10257431705780258f,0.26410185002714753f,0.08983552235770427f,0.015914878856658692f,0.9869829119805362f,0.44634354392161885f,3.136451971144881f,-0.28287452048322487f,0.4346887990846528f,-0.9511249995257399f,-0.051138248614473664f,0f,0f,0f,1f], start_interpolation: 0, interpolation_duration: 1 }
$data merge entity $(bone_chest1lid) { transformation: [-0.9651959239747122f,-0.09468398497643316f,0.24378632310198234f,-0.2703949069628825f,0.014690657406146486f,0.911061149520495f,0.41200942515841743f,2.357576312421093f,-0.2611149419845153f,0.40125119915506413f,-0.87796153802376f,-0.07096142821908562f,0f,0f,0f,1f], start_interpolation: 0, interpolation_duration: 1 }
$data merge entity $(bone_chest1) { transformation: [-0.9651959239747122f,-0.09468398497643316f,0.24378632310198234f,-0.2556005343103148f,0.014690657406146486f,0.911061149520495f,0.41200942515841743f,2.2152230078085156f,-0.2611149419845153f,0.40125119915506413f,-0.87796153802376f,-0.1336569280870644f,0f,0f,0f,1f], start_interpolation: 0, interpolation_duration: 1 }
$data merge entity $(bone_chest1lid3) { transformation: [-0.9651959239747122f,-0.09468398497643316f,0.24378632310198234f,-0.05389454847725551f,0.014690657406146486f,0.911061149520495f,0.41200942515841743f,2.6206016843253197f,-0.2611149419845153f,0.40125119915506413f,-0.87796153802376f,-0.6170858546415247f,0f,0f,0f,1f], start_interpolation: 0, interpolation_duration: 1 }
$data merge entity $(bone_chest3) { transformation: [-0.9651959239747122f,-0.09468398497643316f,0.24378632310198234f,-0.03910017582468783f,0.014690657406146486f,0.911061149520495f,0.41200942515841743f,2.4782483797127424f,-0.2611149419845153f,0.40125119915506413f,-0.87796153802376f,-0.6797813545095034f,0f,0f,0f,1f], start_interpolation: 0, interpolation_duration: 1 }
$data merge entity $(bone_hugeasssword2) { transformation: [-0.9548297654827651f,2.5366272367681617f,-2.827383977886949f,-1.1446113495174837f,-1.6137035818704681f,2.368302201014653f,2.6697159422502903f,4.320810358862066f,3.43868269059306f,1.815749080719264f,0.46775464408234074f,-0.13987228430998758f,0f,0f,0f,1f], start_interpolation: 0, interpolation_duration: 1 }
$data merge entity $(bone_belt) { transformation: [-0.9651959239747122f,-0.09468398497643316f,0.24378632310198234f,0.1265527738835147f,0.014690657406146486f,0.911061149520495f,0.41200942515841743f,2.719145396286186f,-0.2611149419845153f,0.40125119915506413f,-0.87796153802376f,-0.08767809334466861f,0f,0f,0f,1f], start_interpolation: 0, interpolation_duration: 1 }
$data merge entity $(bone_torn_part) { transformation: [-0.9625748627886391f,-0.19775788963414287f,0.1853144641275548f,0.019939532792946912f,-0.11702816561187829f,0.9200394093774531f,0.3739410296369015f,2.3835257834008954f,-0.24444639899362686f,0.33825922349558696f,-0.9087500513008024f,-0.05712852769533178f,0f,0f,0f,1f], start_interpolation: 0, interpolation_duration: 1 }
$data merge entity $(bone_lowerbody) { transformation: [-0.9625748627886391f,-0.13287991739309685f,0.236204489967986f,0.1456075f,-0.11702816561187829f,0.9899034163640797f,0.07997271237267187f,1.900356875f,-0.24444639899362686f,0.04933714446871722f,-0.9684068381598312f,0.07883500000000002f,0f,0f,0f,1f], start_interpolation: 0, interpolation_duration: 1 }
$data merge entity $(bone_leftfoot) { transformation: [-0.9752297527274396f,-0.22117255016265572f,0.002941812739238825f,0.49665917044514185f,-0.17346595340354687f,0.7729755166149276f,0.6102572505820506f,0.3147975972199456f,-0.13724610160210507f,0.594618830738174f,-0.7922104732644246f,-0.3016964102686179f,0f,0f,0f,1f], start_interpolation: 0, interpolation_duration: 1 }
$data merge entity $(bone_leftlowerleg) { transformation: [-0.9752297527274396f,-0.22117255016265572f,0.002941812739238825f,0.2508438759514923f,-0.17346595340354687f,0.7729755166149276f,0.6102572505820506f,1.0785539542881701f,-0.13724610160210507f,0.594618830738174f,-0.7922104732644246f,0.4796785283778023f,0f,0f,0f,1f], start_interpolation: 0, interpolation_duration: 1 }
$data merge entity $(bone_leftleg) { transformation: [-0.9769890172307637f,0.15491970955250878f,0.14660267324517895f,0.3634917205731236f,0.06296009156213926f,0.8661830765000995f,-0.4957447981122035f,1.9096596350737194f,-0.20378539467035767f,-0.47510710537413436f,-0.8560051117499577f,0.07100183010560153f,0f,0f,0f,1f], start_interpolation: 0, interpolation_duration: 1 }
$data merge entity $(bone_rightfoot) { transformation: [-0.8945243861320857f,0.08220330202546255f,0.43939456779463837f,-0.44705527329499434f,0.31500554794820673f,0.8133412198300078f,0.489111169846717f,0.25238049579467103f,-0.3171708155450009f,0.5759458448892718f,-0.7534507545186149f,-0.3127380870855165f,0f,0f,0f,1f], start_interpolation: 0, interpolation_duration: 1 }
$data merge entity $(bone_rightlowerleg) { transformation: [-0.8945243861320857f,0.08220330202546255f,0.43939456779463837f,-0.4233720381009089f,0.31500554794820673f,0.8133412198300078f,0.489111169846717f,1.079531120158006f,-0.3171708155450009f,0.5759458448892718f,-0.7534507545186149f,0.4419662466732536f,0f,0f,0f,1f], start_interpolation: 0, interpolation_duration: 1 }
$data merge entity $(bone_rightleg) { transformation: [-0.940879620392087f,0.28780418740119906f,0.17864285950234238f,-0.13330350512117334f,0.1217479404359573f,0.7794373367398874f,-0.6145325698075169f,1.8244958496597865f,-0.31610596155473714f,-0.5564406418569435f,-0.7684116406553171f,-0.025607661001365523f,0f,0f,0f,1f], start_interpolation: 0, interpolation_duration: 1 }
data modify entity @s data merge value {"locators":{"lefthand":{"posx":0.9046354257453227,"posy":2.0358152413919006,"posz":-0.13206907613345925,"roty":31.93170983663458,"rotx":-9.643942935905079},"righthand":{"posx":-0.8719612332216593,"posy":2.1454336289950904,"posz":-0.37783746930110296,"roty":318.6236263903324,"rotx":-16.809140189229584},"chest":{"posx":-0.33273114351074995,"posy":2.2367176009390013,"posz":0.032982020212919266,"roty":15.51854416066999,"rotx":24.331126401991185},"sack":{"posx":0,"posy":-0.4375,"posz":0,"roty":0,"rotx":0}},"cameras":{}}