# This file was generated by Animated Java via MC-Build. It is not recommended to edit this file directly.
$data merge entity $(bone_nose) { transformation: [-0.9748864603831356f,-0.02525680759715536f,0.2212656390668045f,-0.007089257579118428f,-0.001480632792252503f,0.9942613247809566f,0.1069683400420488f,4.056833593324847f,-0.2226975462104952f,0.1039543732356516f,-0.96932929966911f,0.010028025079856173f,0f,0f,0f,1f], start_interpolation: 0, interpolation_duration: 1 }
$data merge entity $(bone_glowing_eye) { transformation: [-0.9748864603831356f,-0.02525680759715536f,0.2212656390668045f,-0.13838135897916012f,-0.001480632792252503f,0.9942613247809566f,0.1069683400420488f,4.12023535720577f,-0.2226975462104952f,0.1039543732356516f,-0.96932929966911f,0.02305473924364629f,0f,0f,0f,1f], start_interpolation: 0, interpolation_duration: 1 }
$data merge entity $(bone_head) { transformation: [-0.9748864603831356f,-0.02525680759715536f,0.2212656390668045f,0.037462471338909044f,-0.001480632792252503f,0.9942613247809566f,0.1069683400420488f,3.9540956685221085f,-0.2226975462104952f,0.1039543732356516f,-0.96932929966911f,-0.1843196940794049f,0f,0f,0f,1f], start_interpolation: 0, interpolation_duration: 1 }
$data merge entity $(bone_leftthumb2) { transformation: [0.00010741114126538998f,-0.24046385325973466f,0.9706580879683265f,1.0586514185698637f,-0.930490479242243f,-0.3555916845768158f,-0.08798876007401718f,3.649971256466402f,0.36631606093971264f,-0.9031786584808693f,-0.223787520568752f,1.889239054916386f,0f,0f,0f,1f], start_interpolation: 0, interpolation_duration: 1 }
$data merge entity $(bone_leftthumb) { transformation: [0.00010741114126538998f,-0.24046385325973466f,0.9706580879683265f,1.0826294755893664f,-0.930490479242243f,-0.3555916845768158f,-0.08798876007401718f,3.555245763297547f,0.36631606093971264f,-0.9031786584808693f,-0.223787520568752f,1.6486169407248872f,0f,0f,0f,1f], start_interpolation: 0, interpolation_duration: 1 }
$data merge entity $(bone_leftpointerfinger) { transformation: [0.0000701205968657066f,-0.24046386702532746f,0.9706580879683265f,1.207019527220156f,-0.930545612337651f,-0.355447382125376f,-0.08798876007401718f,3.7695722078379656f,0.36617599380932647f,-0.903235455014606f,-0.223787520568752f,1.8944165788469811f,0f,0f,0f,1f], start_interpolation: 0, interpolation_duration: 1 }
$data merge entity $(bone_leftmidfinger) { transformation: [0.0000749845810326365f,-0.24046386555776955f,0.9706580879683265f,1.3586848534652072f,-0.9305384223334237f,-0.35546620466910694f,-0.08798876007401718f,3.7558239640764004f,0.3661942639345064f,-0.9032280480029143f,-0.223787520568752f,1.8594497787581135f,0f,0f,0f,1f], start_interpolation: 0, interpolation_duration: 1 }
$data merge entity $(bone_leftringfinger) { transformation: [0.0000749845810326365f,-0.24046386555776955f,0.9706580879683265f,1.510350179710258f,-0.9305384223334237f,-0.35546620466910694f,-0.08798876007401718f,3.742075720314835f,0.3661942639345064f,-0.9032280480029143f,-0.223787520568752f,1.824482978669246f,0f,0f,0f,1f], start_interpolation: 0, interpolation_duration: 1 }
$data merge entity $(bone_invisibility) { transformation: [-0.15495038908915798f,-0.987922246628734f,-0.00010741114126518777f,1.1504058676098499f,-0.3619072765986328f,0.056662078893219225f,0.9304904792422428f,3.558962051231769f,-0.9192461585810834f,0.14421873467595442f,-0.3663160609397127f,1.8713090345196057f,0f,0f,0f,1f], start_interpolation: 0, interpolation_duration: 1 }
$data merge entity $(bone_swiftness) { transformation: [0.9706580879683265f,-0.24046385325973466f,-0.00010741114126517445f,1.3649727169706998f,-0.08798876007401739f,-0.3555916845768158f,0.930490479242243f,3.542154421477585f,-0.22378752056875192f,-0.9031786584808693f,-0.3663160609397127f,1.9707333911025668f,0f,0f,0f,1f], start_interpolation: 0, interpolation_duration: 1 }
$data merge entity $(bone_suspicious_stew) { transformation: [0.1922835711715893f,-0.9813393993518997f,-0.0001074111412654167f,1.343676002225461f,-0.35946116957264895f,-0.07053464119851957f,0.9304904792422433f,3.5591325189324285f,-0.913134544208554f,-0.17887942215539737f,-0.3663160609397128f,1.8716853740292554f,0f,0f,0f,1f], start_interpolation: 0, interpolation_duration: 1 }
$data merge entity $(bone_log) { transformation: [0.00010741114126538998f,-0.24046385325973466f,0.9706580879683265f,1.3591276882360033f,-0.930490479242243f,-0.3555916845768158f,-0.08798876007401718f,3.4233256028028967f,0.36631606093971264f,-0.9031786584808693f,-0.223787520568752f,1.7826401324055845f,0f,0f,0f,1f], start_interpolation: 0, interpolation_duration: 1 }
$data merge entity $(bone_planks) { transformation: [0.00010741114126538998f,-0.24046385325973466f,0.9706580879683265f,1.3591377580304969f,-0.930490479242243f,-0.3555916845768158f,-0.08798876007401718f,3.3360921203739364f,0.36631606093971264f,-0.9031786584808693f,-0.223787520568752f,1.8169822631186827f,0f,0f,0f,1f], start_interpolation: 0, interpolation_duration: 1 }
$data merge entity $(bone_lefthand) { transformation: [0.00010741114126538998f,-0.24046385325973466f,0.9706580879683265f,1.268651806886743f,-0.930490479242243f,-0.3555916845768158f,-0.08798876007401718f,3.569799950221567f,0.36631606093971264f,-0.9031786584808693f,-0.223787520568752f,1.4722598125682125f,0f,0f,0f,1f], start_interpolation: 0, interpolation_duration: 1 }
$data merge entity $(bone_leftforearm) { transformation: [-0.5725888545485703f,0.020291557277232697f,0.8195915179832092f,1.204148047567832f,-0.818971615835682f,0.03191376958183831f,-0.5729458995110873f,3.5404663550280326f,-0.03778221939283008f,-0.9992846261272821f,-0.0016552593180344521f,0.7579208028165801f,0f,0f,0f,1f], start_interpolation: 0, interpolation_duration: 1 }
$data merge entity $(bone_leftelbow) { transformation: [-0.5725888545485703f,0.020291557277232697f,0.8195915179832092f,1.207952714557313f,-0.818971615835682f,0.03191376958183831f,-0.5729458995110873f,3.5464501868246274f,-0.03778221939283008f,-0.9992846261272821f,-0.0016552593180344521f,0.5705549354177147f,0f,0f,0f,1f], start_interpolation: 0, interpolation_duration: 1 }
$data merge entity $(bone_leftarm) { transformation: [-0.6250698193589483f,-0.27580237400803687f,0.7302196733984252f,0.8494048990013382f,-0.775999925364942f,0.11849641413209651f,-0.619501990046391f,3.472564290488131f,0.08433170673107382f,-0.9538824090679969f,-0.2880911538219433f,0.12766598232408097f,0f,0f,0f,1f], start_interpolation: 0, interpolation_duration: 1 }
$data merge entity $(bone_rightthumb2) { transformation: [0.06189315256136618f,-0.5747106191229278f,-0.8160128319661136f,-0.4809067099358794f,0.9958194150275617f,-0.01947103628824014f,0.08924444744647703f,3.0489687814238797f,-0.06717834710813009f,-0.8181250411845389f,0.5711028687256056f,0.6744899196411734f,0f,0f,0f,1f], start_interpolation: 0, interpolation_duration: 1 }
$data merge entity $(bone_rightthumb) { transformation: [0.06189315256136618f,-0.5747106191229278f,-0.8160128319661136f,-0.6915845955338782f,0.9958194150275617f,-0.01947103628824014f,0.08924444744647703f,3.0518202631746183f,-0.06717834710813009f,-0.8181250411845389f,0.5711028687256056f,0.5226559126325926f,0f,0f,0f,1f], start_interpolation: 0, interpolation_duration: 1 }
$data merge entity $(bone_rightpointerfinger) { transformation: [-0.04984630349099369f,-0.5758805467238213f,-0.8160128319661136f,-0.5344887115711796f,0.973464675959162f,-0.21071770988622882f,0.08924444744647703f,3.17131027894939f,-0.22334249637721793f,-0.7899111612361077f,0.5711028687256056f,0.8105260070278304f,0f,0f,0f,1f], start_interpolation: 0, interpolation_duration: 1 }
$data merge entity $(bone_rightmidfinger) { transformation: [-0.024679304211398946f,-0.5775067012687253f,-0.8160128319661136f,-0.6619907165658849f,0.9817295307020241f,-0.16805522053050476f,0.08924444744647703f,3.185254723862902f,-0.18867448288315192f,-0.7989014037052127f,0.5711028687256056f,0.8997608302662062f,0f,0f,0f,1f], start_interpolation: 0, interpolation_duration: 1 }
$data merge entity $(bone_rightringfinger) { transformation: [-0.009448408852564871f,-0.577956560337192f,-0.8160128319661136f,-0.7894927215605901f,0.9858181437188849f,-0.14211972457975341f,0.08924444744647703f,3.199199168776414f,-0.1675509328079277f,-0.8035970372323289f,0.5711028687256056f,0.9889956535045821f,0f,0f,0f,1f], start_interpolation: 0, interpolation_duration: 1 }
$data merge entity $(bone_hugeasssword) { transformation: [0.24241484753201756f,-2.250949924898134f,-3.1960502585339454f,-0.782418979224872f,3.90029270885795f,-0.07626155879560723f,0.3495407524987017f,2.9153906930088063f,-0.2631151928401762f,-3.2043230779727776f,2.236819569175289f,0.7424999474023563f,0f,0f,0f,1f], start_interpolation: 0, interpolation_duration: 1 }
$data merge entity $(bone_ice) { transformation: [0.06189315256136618f,-0.5747106191229278f,-0.8160128319661136f,-0.7744062063098476f,0.9958194150275617f,-0.01947103628824014f,0.08924444744647703f,2.900135249591004f,-0.06717834710813009f,-0.8181250411845389f,0.5711028687256056f,0.7563328128444292f,0f,0f,0f,1f], start_interpolation: 0, interpolation_duration: 1 }
$data merge entity $(bone_righthand) { transformation: [0.06189315256136618f,-0.5747106191229278f,-0.8160128319661136f,-0.9281109739491791f,0.9958194150275617f,-0.01947103628824014f,0.08924444744647703f,3.147011233258537f,-0.06717834710813009f,-0.8181250411845389f,0.5711028687256056f,0.5528539304189372f,0f,0f,0f,1f], start_interpolation: 0, interpolation_duration: 1 }
$data merge entity $(bone_rightforearm) { transformation: [-0.2036631272819757f,-0.6626355775866714f,-0.7207186843020684f,-1.3528713575777387f,0.9132971728213719f,0.13662352060621819f,-0.3836955664764079f,3.1878487386624585f,0.35271745732556975f,-0.7363749757654323f,0.5773580261538277f,-0.016072589653466002f,0f,0f,0f,1f], start_interpolation: 0, interpolation_duration: 1 }
$data merge entity $(bone_rightelbow) { transformation: [-0.2036631272819757f,-0.6626355775866714f,-0.7207186843020684f,-1.4771155283752395f,0.9132971728213719f,0.13662352060621819f,-0.3836955664764079f,3.2134656487761246f,0.35271745732556975f,-0.7363749757654323f,0.5773580261538277f,-0.15414289760948455f,0f,0f,0f,1f], start_interpolation: 0, interpolation_duration: 1 }
$data merge entity $(bone_rightarm) { transformation: [-0.5393927660194892f,0.6506789901219469f,-0.534483204394421f,-0.826094176198564f,0.7891230335995743f,0.6120970677926343f,-0.05120563877410819f,3.401853587894932f,0.2938371688681505f,-0.4493929587939076f,-0.8436265090536258f,-0.3826219327328757f,0f,0f,0f,1f], start_interpolation: 0, interpolation_duration: 1 }
$data merge entity $(bone_chest) { transformation: [-1.0561269987483968f,-0.02736154156358497f,0.2397044423223715f,0.06985219089707949f,-0.0016040188582735447f,1.0771164351793696f,0.1158823683788862f,3.309980678263486f,-0.24125567506136977f,0.11261723767195589f,-1.0501067413082024f,-0.33225902631240745f,0f,0f,0f,1f], start_interpolation: 0, interpolation_duration: 1 }
$data merge entity $(bone_chest1lid) { transformation: [-0.9748864603831356f,-0.02525680759715536f,0.2212656390668045f,-0.3323240289731723f,-0.001480632792252503f,0.9942613247809566f,0.1069683400420488f,2.5880890854579457f,-0.2226975462104952f,0.1039543732356516f,-0.96932929966911f,-0.10002416928594395f,0f,0f,0f,1f], start_interpolation: 0, interpolation_duration: 1 }
$data merge entity $(bone_chest1) { transformation: [-0.9748864603831356f,-0.02525680759715536f,0.2212656390668045f,-0.3283776527861168f,-0.001480632792252503f,0.9942613247809566f,0.1069683400420488f,2.4327357534609213f,-0.2226975462104952f,0.1039543732356516f,-0.96932929966911f,-0.11626704010401451f,0f,0f,0f,1f], start_interpolation: 0, interpolation_duration: 1 }
$data merge entity $(bone_chest1lid3) { transformation: [-0.9748864603831356f,-0.02525680759715536f,0.2212656390668045f,-0.12964532517205468f,-0.001480632792252503f,0.9942613247809566f,0.1069683400420488f,2.6567082178468993f,-0.2226975462104952f,0.1039543732356516f,-0.96932929966911f,-0.7070821552483116f,0f,0f,0f,1f], start_interpolation: 0, interpolation_duration: 1 }
$data merge entity $(bone_chest3) { transformation: [-0.9748864603831356f,-0.02525680759715536f,0.2212656390668045f,-0.12569894898499917f,-0.001480632792252503f,0.9942613247809566f,0.1069683400420488f,2.501354885849875f,-0.2226975462104952f,0.1039543732356516f,-0.96932929966911f,-0.7233250260663822f,0f,0f,0f,1f], start_interpolation: 0, interpolation_duration: 1 }
$data merge entity $(bone_hugeasssword2) { transformation: [-0.8666237530116518f,2.7483188951514186f,-2.6525429872195225f,-1.1019439461215672f,-0.41895933183135764f,2.6351523363531766f,2.8671803257314656f,4.490137687594829f,3.7965397570373476f,0.9181466073257916f,-0.2890855556210246f,-0.742820648634287f,0f,0f,0f,1f], start_interpolation: 0, interpolation_duration: 1 }
$data merge entity $(bone_belt) { transformation: [-0.9748864603831356f,-0.02525680759715536f,0.2212656390668045f,0.08217290446730835f,-0.001480632792252503f,0.9942613247809566f,0.1069683400420488f,2.899981564448678f,-0.2226975462104952f,0.1039543732356516f,-0.96932929966911f,-0.2396468191202395f,0f,0f,0f,1f], start_interpolation: 0, interpolation_duration: 1 }
$data merge entity $(bone_torn_part) { transformation: [-0.9756763179988073f,-0.02920741516522559f,0.2172617071544282f,-0.09009524545340508f,-0.02862656201710964f,0.9995732265853557f,0.005821051522004406f,2.601602757052643f,-0.2173390035022958f,-0.0005399936179287246f,-0.9760960331665741f,-0.11006598384809108f,0f,0f,0f,1f], start_interpolation: 0, interpolation_duration: 1 }
$data merge entity $(bone_lowerbody) { transformation: [-0.9756763179988073f,0.0374762484209191f,0.2159890119903879f,-0.04348675925925926f,-0.02862656201710964f,0.9550603536604318f,-0.29502583075570094f,2.179548263888889f,-0.2173390035022958f,-0.2940327391130186f,-0.9307569531764588f,0.18561689814814814f,0f,0f,0f,1f], start_interpolation: 0, interpolation_duration: 1 }
$data merge entity $(bone_leftfoot) { transformation: [-0.9779781976063888f,-0.19501345988373586f,-0.07431511202866675f,0.5238080776112027f,-0.2086777537781801f,0.9180829745468884f,0.33701264511308404f,0.22878788688470286f,0.002505228286499822f,0.34509976397687653f,-0.9385623763869095f,-0.1832715254141512f,0f,0f,0f,1f], start_interpolation: 0, interpolation_duration: 1 }
$data merge entity $(bone_leftlowerleg) { transformation: [-0.9779781976063888f,-0.19501345988373586f,-0.07431511202866675f,0.3188832123872728f,-0.2086777537781801f,0.9180829745468884f,0.33701264511308404f,1.1955056682813543f,0.002505228286499822f,0.34509976397687653f,-0.9385623763869095f,0.3437795281691481f,0f,0f,0f,1f], start_interpolation: 0, interpolation_duration: 1 }
$data merge entity $(bone_leftleg) { transformation: [-0.9815821214035034f,-0.050261436312691636f,0.18431227713564008f,0.2430202546602802f,-0.10466933731019663f,0.9485713354590318f,-0.2987585871095826f,2.1483681929021836f,-0.15981742554840558f,-0.31254793162850103f,-0.9363608013926884f,0.0783399998374189f,0f,0f,0f,1f], start_interpolation: 0, interpolation_duration: 1 }
$data merge entity $(bone_rightfoot) { transformation: [-0.9176020817206803f,0.014229848868832606f,0.39724523366200193f,-0.4324471286644283f,0.166727726550466f,0.9209785051057208f,0.35213651396261625f,0.2783321829368205f,-0.3608438375607607f,0.38935237052217386f,-0.847464137415219f,-0.19962044530327072f,0f,0f,0f,1f], start_interpolation: 0, interpolation_duration: 1 }
$data merge entity $(bone_rightlowerleg) { transformation: [-0.9176020817206803f,0.014229848868832606f,0.39724523366200193f,-0.47769588227983645f,0.166727726550466f,0.9209785051057208f,0.35213651396261625f,1.245938477265372f,-0.3608438375607607f,0.38935237052217386f,-0.847464137415219f,0.36252649780301305f,0f,0f,0f,1f], start_interpolation: 0, interpolation_duration: 1 }
$data merge entity $(bone_rightleg) { transformation: [-0.9245689516952071f,0.20076604644638252f,0.32382880168331085f,-0.2664994961648428f,0.02477152089115392f,0.8797875865872179f,-0.4747208025492211f,2.1218368401561203f,-0.38020866023009636f,-0.43089070201308305f,-0.8183969607387613f,0.010483574536199795f,0f,0f,0f,1f], start_interpolation: 0, interpolation_duration: 1 }
data modify entity @s data merge value {"locators":{"lefthand":{"posx":1.3627373243529213,"posy":3.539714509965578,"posz":1.822355514395191,"roty":77.01718085062765,"rotx":-5.04791244994505},"righthand":{"posx":-0.7468736693339533,"posy":2.9924031102004904,"posz":0.7538945642477128,"roty":235.01298057470032,"rotx":5.120142207252321},"chest":{"posx":-0.3957834364895113,"posy":2.509187679752808,"posz":0.03797708714104828,"roty":12.858409857981712,"rotx":6.140582938010224},"sack":{"posx":0,"posy":-0.4375,"posz":0,"roty":0,"rotx":0}},"cameras":{}}