# This file was generated by Animated Java via MC-Build. It is not recommended to edit this file directly.
$data merge entity $(bone_nose) { transformation: [-0.9978012087266858f,0.005917986122752808f,0.06601306918948407f,-0.12810320761931698f,0.017097170289726613f,0.985278769600178f,0.17009830376356938f,4.028453885064842f,-0.06403463618736968f,0.17085292978292854f,-0.9832135280563123f,0.04790429563396206f,0f,0f,0f,1f], start_interpolation: 0, interpolation_duration: 1 }
$data merge entity $(bone_glowing_eye) { transformation: [-0.9978012087266858f,0.005917986122752808f,0.06601306918948407f,-0.2547312302735404f,0.017097170289726613f,0.985278769600178f,0.17009830376356938f,4.091366722821723f,-0.06403463618736968f,0.17085292978292854f,-0.9832135280563123f,0.0857779482068797f,0f,0f,0f,1f], start_interpolation: 0, interpolation_duration: 1 }
$data merge entity $(bone_head) { transformation: [-0.9978012087266858f,0.005917986122752808f,0.06601306918948407f,-0.11647266478097101f,0.017097170289726613f,0.985278769600178f,0.17009830376356938f,3.9386464994620143f,-0.06403463618736968f,0.17085292978292854f,-0.9832135280563123f,-0.1573037394164131f,0f,0f,0f,1f], start_interpolation: 0, interpolation_duration: 1 }
$data merge entity $(bone_leftthumb2) { transformation: [0.02052676207331361f,0.4291495739712563f,0.9030001634546226f,0.47116802235977095f,-0.7455350985009851f,0.6083575129684939f,-0.27217375574789593f,2.5755705116180954f,-0.666150184974764f,-0.6676314698807105f,0.3324336798265335f,0.8908610745994876f,0f,0f,0f,1f], start_interpolation: 0, interpolation_duration: 1 }
$data merge entity $(bone_leftthumb) { transformation: [0.02052676207331361f,0.4291495739712563f,0.9030001634546226f,0.6535818732228402f,-0.7455350985009851f,0.6083575129684939f,-0.27217375574789593f,2.7015063402604453f,-0.666150184974764f,-0.6676314698807105f,0.3324336798265335f,0.7555384150410435f,0f,0f,0f,1f], start_interpolation: 0, interpolation_duration: 1 }
$data merge entity $(bone_leftpointerfinger) { transformation: [0.031116184430828378f,0.4285119460031329f,0.9030001634546226f,0.5528501873236885f,-0.7302875130750259f,0.6265792806411483f,-0.27217375574789593f,2.570673787915521f,-0.682430898562749f,-0.6509807348945356f,0.3324336798265335f,1.0630479963191353f,0f,0f,0f,1f], start_interpolation: 0, interpolation_duration: 1 }
$data merge entity $(bone_leftmidfinger) { transformation: [0.029735893428102633f,0.42860994090543175f,0.9030001634546226f,0.6939439628634733f,-0.732301780220031f,0.6242239577016075f,-0.27217375574789593f,2.528146638579912f,-0.680330713203958f,-0.6531752974419534f,0.3324336798265335f,1.1149907587920311f,0f,0f,0f,1f], start_interpolation: 0, interpolation_duration: 1 }
$data merge entity $(bone_leftringfinger) { transformation: [0.029735893428102633f,0.42860994090543175f,0.9030001634546226f,0.835037738403258f,-0.732301780220031f,0.6242239577016075f,-0.27217375574789593f,2.4856194892443035f,-0.680330713203958f,-0.6531752974419534f,0.3324336798265335f,1.166933521264927f,0f,0f,0f,1f], start_interpolation: 0, interpolation_duration: 1 }
$data merge entity $(bone_invisibility) { transformation: [0.5062181802256411f,-0.8621611253401685f,-0.02052676207331338f,0.575418434757584f,0.5823210231248662f,0.3241599033346589f,0.7455350985009849f,2.505930489794637f,-0.6361174262947441f,-0.3893565859494856f,0.666150184974764f,0.8547340921235851f,0f,0f,0f,1f], start_interpolation: 0, interpolation_duration: 1 }
$data merge entity $(bone_swiftness) { transformation: [0.9030001634546226f,0.4291495739712563f,-0.020526762073313408f,0.6876859691054666f,-0.2721737557478961f,0.6083575129684939f,0.745535098500985f,2.333686239575827f,0.3324336798265333f,-0.6676314698807105f,0.6661501849747641f,0.9727787910411487f,0f,0f,0f,1f], start_interpolation: 0, interpolation_duration: 1 }
$data merge entity $(bone_suspicious_stew) { transformation: [0.7705659601243706f,-0.6370296328557983f,-0.020526762073313564f,0.7246145791254232f,0.43633355175998234f,0.5037761889089692f,0.7455350985009853f,2.4263811521715084f,-0.4645870561112587f,-0.5834404839844097f,0.666150184974764f,0.9483606322417184f,0f,0f,0f,1f], start_interpolation: 0, interpolation_duration: 1 }
$data merge entity $(bone_log) { transformation: [0.02052676207331361f,0.4291495739712563f,0.9030001634546226f,0.8225107924781387f,-0.7455350985009851f,0.6083575129684939f,-0.27217375574789593f,2.41977378100742f,-0.666150184974764f,-0.6676314698807105f,0.3324336798265335f,0.8180379474071142f,0f,0f,0f,1f], start_interpolation: 0, interpolation_duration: 1 }
$data merge entity $(bone_planks) { transformation: [0.02052676207331361f,0.4291495739712563f,0.9030001634546226f,0.824435176422512f,-0.7455350985009851f,0.6083575129684939f,-0.27217375574789593f,2.3498798655229525f,-0.666150184974764f,-0.6676314698807105f,0.3324336798265335f,0.7555863675657302f,0f,0f,0f,1f], start_interpolation: 0, interpolation_duration: 1 }
$data merge entity $(bone_lefthand) { transformation: [0.02052676207331361f,0.4291495739712563f,0.9030001634546226f,0.8964477403446675f,-0.7455350985009851f,0.6083575129684939f,-0.27217375574789593f,2.7667523637419116f,-0.666150184974764f,-0.6676314698807105f,0.3324336798265335f,0.8072790736860483f,0f,0f,0f,1f], start_interpolation: 0, interpolation_duration: 1 }
$data merge entity $(bone_leftforearm) { transformation: [-0.24485463904864987f,0.5385473326737624f,0.8062338222912331f,1.2337730402538583f,-0.7422299394801486f,0.430897184282544f,-0.5132468543660745f,3.035712730517461f,-0.6238116083206935f,-0.724081754394731f,0.29421877961306026f,0.25788916352286817f,0f,0f,0f,1f], start_interpolation: 0, interpolation_duration: 1 }
$data merge entity $(bone_leftelbow) { transformation: [-0.24485463904864987f,0.5385473326737624f,0.8062338222912331f,1.3347506651301888f,-0.7422299394801486f,0.430897184282544f,-0.5132468543660745f,3.1165059525704377f,-0.6238116083206935f,-0.724081754394731f,0.29421877961306026f,0.12212383457385614f,0f,0f,0f,1f], start_interpolation: 0, interpolation_duration: 1 }
$data merge entity $(bone_leftarm) { transformation: [-0.5289278986986972f,-0.49667393816292793f,0.6881498943746986f,0.7471065788840303f,-0.6990270728490167f,0.7147749931193127f,-0.021397678271770942f,3.364395739207786f,-0.4812446668819471f,-0.4923532353514241f,-0.7252529643073987f,-0.14315024537416696f,0f,0f,0f,1f], start_interpolation: 0, interpolation_duration: 1 }
$data merge entity $(bone_rightthumb2) { transformation: [-0.6817594043890952f,0.26946381080148063f,0.6801421683702383f,-1.8945484233362206f,-0.5545717265345657f,0.41598532221332474f,-0.7206985582277432f,3.384977381415023f,-0.4771313389995433f,-0.8685306364034723f,-0.13416489471200152f,1.4686349609748646f,0f,0f,0f,1f], start_interpolation: 0, interpolation_duration: 1 }
$data merge entity $(bone_rightthumb) { transformation: [-0.6817594043890952f,0.26946381080148063f,0.6801421683702383f,-1.770341195362239f,-0.5545717265345657f,0.41598532221332474f,-0.7206985582277432f,3.4254055647581767f,-0.4771313389995433f,-0.8685306364034723f,-0.13416489471200152f,1.2441689398868352f,0f,0f,0f,1f], start_interpolation: 0, interpolation_duration: 1 }
$data merge entity $(bone_rightpointerfinger) { transformation: [-0.5484822302644256f,0.4863886037817824f,0.6801421683702383f,-1.9014447789941773f,-0.37885159959625636f,0.5805730390328254f,-0.7206985582277432f,3.194471353400286f,-0.7454117711490204f,-0.6529633010050399f,-0.13416489471200152f,1.4706803353140245f,0f,0f,0f,1f], start_interpolation: 0, interpolation_duration: 1 }
$data merge entity $(bone_rightmidfinger) { transformation: [-0.5691761696333678f,0.4620012107409651f,0.6801421683702383f,-1.7951725651863277f,-0.40381525710352506f,0.5634951874673524f,-0.7206985582277432f,3.081862203677201f,-0.7162204451507241f,-0.6848562294197346f,-0.13416489471200152f,1.4497170705152742f,0f,0f,0f,1f], start_interpolation: 0, interpolation_duration: 1 }
$data merge entity $(bone_rightringfinger) { transformation: [-0.5887866498135543f,0.4367343721370703f,0.6801421683702383f,-1.688900351378478f,-0.42801022931753846f,0.5453446907855626f,-0.7206985582277432f,2.969253053954116f,-0.6856657528277748f,-0.7154454950770455f,-0.13416489471200152f,1.4287538057165239f,0f,0f,0f,1f], start_interpolation: 0, interpolation_duration: 1 }
$data merge entity $(bone_hugeasssword) { transformation: [-2.67022433385729f,1.0553999256391327f,2.6638901594501005f,-1.5699726082072083f,-2.1720725955937157f,1.629275845335522f,-2.822736019725328f,3.324928252084835f,-1.8687644110815447f,-3.4017449925802667f,-0.5254791709553394f,1.4021311233974476f,0f,0f,0f,1f], start_interpolation: 0, interpolation_duration: 1 }
$data merge entity $(bone_ice) { transformation: [-0.6817594043890952f,0.26946381080148063f,0.6801421683702383f,-1.5635304895574018f,-0.5545717265345657f,0.41598532221332474f,-0.7206985582277432f,3.3270936646523546f,-0.4771313389995433f,-0.8685306364034723f,-0.13416489471200152f,1.4231570917631196f,0f,0f,0f,1f], start_interpolation: 0, interpolation_duration: 1 }
$data merge entity $(bone_righthand) { transformation: [-0.6817594043890952f,0.26946381080148063f,0.6801421683702383f,-1.6453499451927356f,-0.5545717265345657f,0.41598532221332474f,-0.7206985582277432f,3.2699252336274274f,-0.4771313389995433f,-0.8685306364034723f,-0.13416489471200152f,1.0825489449526158f,0f,0f,0f,1f], start_interpolation: 0, interpolation_duration: 1 }
$data merge entity $(bone_rightforearm) { transformation: [-0.6016011301554053f,0.20688899627965282f,-0.7715393855236015f,-1.44877504295055f,0.7940050828888164f,0.2605148647728215f,-0.5492612616771027f,3.374674703284244f,0.08736136756291529f,-0.9430423895301825f,-0.3209969517094216f,0.40197681305230115f,0f,0f,0f,1f], start_interpolation: 0, interpolation_duration: 1 }
$data merge entity $(bone_rightelbow) { transformation: [-0.6016011301554053f,0.20688899627965282f,-0.7715393855236015f,-1.409983356148115f,0.7940050828888164f,0.2605148647728215f,-0.5492612616771027f,3.4235212404291477f,0.08736136756291529f,-0.9430423895301825f,-0.3209969517094216f,0.22515636501539196f,0f,0f,0f,1f], start_interpolation: 0, interpolation_duration: 1 }
$data merge entity $(bone_rightarm) { transformation: [-0.6204252314902459f,0.4720444078965655f,-0.626295943707011f,-0.9759914650503322f,0.7827511280389496f,0.32310436120245395f,-0.5318874348259284f,3.4405692627253646f,-0.04871553842488663f,-0.8202302413015111f,-0.5699553908600552f,-0.14050927046765158f,0f,0f,0f,1f], start_interpolation: 0, interpolation_duration: 1 }
$data merge entity $(bone_chest) { transformation: [-1.0809513094539096f,0.006411151632982208f,0.07151415828860774f,-0.11728531902635819f,0.018521934480537162f,1.0673853337335262f,0.1842731624105335f,3.3056284990709823f,-0.06937085586965049f,0.1850906739315059f,-1.0651479887276716f,-0.34993502297255363f,0f,0f,0f,1f], start_interpolation: 0, interpolation_duration: 1 }
$data merge entity $(bone_chest1lid) { transformation: [-0.9978012087266858f,0.005917986122752808f,0.06601306918948407f,-0.487838304487048f,0.017097170289726613f,0.985278769600178f,0.17009830376356938f,2.571515011293016f,-0.06403463618736968f,0.17085292978292854f,-0.9832135280563123f,-0.10381699348428938f,0f,0f,0f,1f], start_interpolation: 0, interpolation_duration: 1 }
$data merge entity $(bone_chest1) { transformation: [-0.9978012087266858f,0.005917986122752808f,0.06601306918948407f,-0.4887629898187281f,0.017097170289726613f,0.985278769600178f,0.17009830376356938f,2.4175652035429884f,-0.06403463618736968f,0.17085292978292854f,-0.9832135280563123f,-0.13051276376287196f,0f,0f,0f,1f], start_interpolation: 0, interpolation_duration: 1 }
$data merge entity $(bone_chest1lid3) { transformation: [-0.9978012087266858f,0.005917986122752808f,0.06601306918948407f,-0.38318610649211693f,0.017097170289726613f,0.985278769600178f,0.17009830376356938f,2.6794156639984448f,-0.06403463618736968f,0.17085292978292854f,-0.9832135280563123f,-0.7296859951336538f,0f,0f,0f,1f], start_interpolation: 0, interpolation_duration: 1 }
$data merge entity $(bone_chest3) { transformation: [-0.9978012087266858f,0.005917986122752808f,0.06601306918948407f,-0.38411079182379704f,0.017097170289726613f,0.985278769600178f,0.17009830376356938f,2.525465856248417f,-0.06403463618736968f,0.17085292978292854f,-0.9832135280563123f,-0.7563817654122365f,0f,0f,0f,1f], start_interpolation: 0, interpolation_duration: 1 }
$data merge entity $(bone_hugeasssword2) { transformation: [-0.2585511876588135f,2.896979542627977f,-2.6231543208002437f,-1.322272642439828f,-0.6662183564073132f,2.5577373849798772f,2.8903996866938693f,4.514976921877475f,3.85091965155389f,0.6369982549811849f,0.3239272112755723f,-0.49107162983834607f,0f,0f,0f,1f], start_interpolation: 0, interpolation_duration: 1 }
$data merge entity $(bone_belt) { transformation: [-0.9978012087266858f,0.005917986122752808f,0.06601306918948407f,-0.09632558076420591f,0.017097170289726613f,0.985278769600178f,0.17009830376356938f,2.890348512574816f,-0.06403463618736968f,0.17085292978292854f,-0.9832135280563123f,-0.2872348122828099f,0f,0f,0f,1f], start_interpolation: 0, interpolation_duration: 1 }
$data merge entity $(bone_torn_part) { transformation: [-0.9792444987753742f,-0.06808454200400495f,0.19090496787216135f,-0.191570359891093f,-0.07300423630980077f,0.9971535080259795f,-0.018848419358283575f,2.581022401200112f,-0.18907827241380443f,-0.03239408235446467f,-0.9814275471625113f,-0.11317066354023958f,0f,0f,0f,1f], start_interpolation: 0, interpolation_duration: 1 }
$data merge entity $(bone_lowerbody) { transformation: [-0.9792444987753742f,-0.007527150799813325f,0.20254272047892252f,-0.12074821777343751f,-0.07300423630980077f,0.9453343740899103f,-0.31782589989624876f,2.1712569384765623f,-0.18907827241380443f,-0.3260157406704076f,-0.9262629992265354f,0.19473711914062503f,0f,0f,0f,1f], start_interpolation: 0, interpolation_duration: 1 }
$data merge entity $(bone_leftfoot) { transformation: [-0.958089650453276f,-0.2268137133755193f,-0.17497314567811922f,0.4954092417078677f,-0.2711595552967612f,0.9150328127335899f,0.2986421169551956f,0.253965956022257f,0.09236983284988295f,0.3335723175649658f,-0.9381882989421808f,-0.09115564646506008f,0f,0f,0f,1f], start_interpolation: 0, interpolation_duration: 1 }
$data merge entity $(bone_leftlowerleg) { transformation: [-0.958089650453276f,-0.2268137133755193f,-0.17497314567811922f,0.2706716367578317f,-0.2711595552967612f,0.9150328127335899f,0.2986421169551956f,1.2231954279376793f,0.09236983284988295f,0.3335723175649658f,-0.9381882989421808f,0.42304967089223205f,0f,0f,0f,1f], start_interpolation: 0, interpolation_duration: 1 }
$data merge entity $(bone_leftleg) { transformation: [-0.9899309229251692f,-0.09315512204362963f,0.10657809847036713f,0.15271409649780707f,-0.12653644213880488f,0.9198439555968101f,-0.3713160731275534f,2.1476021691510696f,-0.06344522556801027f,-0.38106327635846804f,-0.9223694936214956f,0.09375102382682592f,0f,0f,0f,1f], start_interpolation: 0, interpolation_duration: 1 }
$data merge entity $(bone_rightfoot) { transformation: [-0.9091439868669311f,-0.042364315122439794f,0.4143221470344488f,-0.4278874473004018f,0.11260486132935098f,0.9327590829042977f,0.34246246950454967f,0.23032264235011335f,-0.40097109656448804f,0.35800210475452343f,-0.8432416039198742f,-0.16394691980909643f,0f,0f,0f,1f], start_interpolation: 0, interpolation_duration: 1 }
$data merge entity $(bone_rightlowerleg) { transformation: [-0.9091439868669311f,-0.042364315122439794f,0.4143221470344488f,-0.5385441446218082f,0.11260486132935098f,0.9327590829042977f,0.34246246950454967f,1.2124843897809987f,-0.40097109656448804f,0.35800210475452343f,-0.8432416039198742f,0.3627720484132246f,0f,0f,0f,1f], start_interpolation: 0, interpolation_duration: 1 }
$data merge entity $(bone_rightleg) { transformation: [-0.9345252144979768f,0.18226350407970485f,0.30568448459715053f,-0.35182243049174955f,0.026053070056241592f,0.8916421076885233f,-0.451990590490594f,2.100578142010389f,-0.3549427133471117f,-0.4144325842369967f,-0.838010162966174f,0.018165249951660353f,0f,0f,0f,1f], start_interpolation: 0, interpolation_duration: 1 }
data modify entity @s data merge value {"locators":{"lefthand":{"posx":0.7729497205132827,"posy":2.4463924807247848,"posz":0.9274539595856393,"roty":110.21085831793525,"rotx":-15.79365901891172},"righthand":{"posx":-1.6422830271434377,"posy":3.2798637096024645,"posz":1.394093146405592,"roty":78.84109499929227,"rotx":-46.11218485180181},"chest":{"posx":-0.5297040084532859,"posy":2.4838915148015013,"posz":0.037130729782221095,"roty":3.841080536906418,"rotx":9.793534692387329},"sack":{"posx":0,"posy":-0.4375,"posz":0,"roty":0,"rotx":0}},"cameras":{}}