# This file was generated by Animated Java via MC-Build. It is not recommended to edit this file directly.
$data merge entity $(bone_nose) { transformation: [-0.9465991455839737f,-0.07923207478615338f,0.31252573638785686f,-0.046153972997549544f,-0.001845123438462798f,0.9706493433520749f,0.2404920950253515f,4.1126059678390705f,-0.32240758846402423f,0.22707296310936548f,-0.9189620320369853f,0.2714239131963576f,0f,0f,0f,1f], start_interpolation: 0, interpolation_duration: 1 }
$data merge entity $(bone_glowing_eye) { transformation: [-0.9465991455839737f,-0.07923207478615338f,0.31252573638785686f,-0.180749302319016f,-0.001845123438462798f,0.9706493433520749f,0.2404920950253515f,4.169704052516645f,-0.32240758846402423f,0.22707296310936548f,-0.9189620320369853f,0.2785654036678845f,0f,0f,0f,1f], start_interpolation: 0, interpolation_duration: 1 }
$data merge entity $(bone_head) { transformation: [-0.9465991455839737f,-0.07923207478615338f,0.31252573638785686f,0.02215136276411908f,-0.001845123438462798f,0.9706493433520749f,0.2404920950253515f,4.037786567455127f,-0.32240758846402423f,0.22707296310936548f,-0.9189620320369853f,0.07130541800553725f,0f,0f,0f,1f], start_interpolation: 0, interpolation_duration: 1 }
$data merge entity $(bone_leftthumb2) { transformation: [-0.5377527220603664f,0.06957833422184737f,-0.8402266749654996f,1.3936598595529068f,0.7635554047907775f,0.4627725163242848f,-0.4503606798441465f,3.226874658154991f,0.3574984667539968f,-0.8837423004144379f,-0.3019840934995402f,2.1226627936660494f,0f,0f,0f,1f], start_interpolation: 0, interpolation_duration: 1 }
$data merge entity $(bone_leftthumb) { transformation: [-0.5377527220603664f,0.06957833422184737f,-0.8402266749654996f,1.3389197531074442f,0.7635554047907775f,0.4627725163242848f,-0.4503606798441465f,3.301879449191868f,0.3574984667539968f,-0.8837423004144379f,-0.3019840934995402f,1.8801248168864246f,0f,0f,0f,1f], start_interpolation: 0, interpolation_duration: 1 }
$data merge entity $(bone_leftpointerfinger) { transformation: [-0.5290623902159746f,0.11879445246046039f,-0.8402266749654996f,1.3355204407772452f,0.8029202554882789f,0.3905052129958773f,-0.4503606798441465f,3.045407688006277f,0.2746125463004142f,-0.9129039142690013f,-0.3019840934995402f,2.1168458600259026f,0f,0f,0f,1f], start_interpolation: 0, interpolation_duration: 1 }
$data merge entity $(bone_leftmidfinger) { transformation: [-0.5304527597865472f,0.11242332636626864f,-0.8402266749654996f,1.2042350228138858f,0.7981659531410135f,0.40013293952987194f,-0.4503606798441465f,2.975038831780629f,0.2855713236327026f,-0.9095353904010154f,-0.3019840934995402f,2.0696608454165997f,0f,0f,0f,1f], start_interpolation: 0, interpolation_duration: 1 }
$data merge entity $(bone_leftringfinger) { transformation: [-0.5304527597865472f,0.11242332636626864f,-0.8402266749654996f,1.0729496048505267f,0.7981659531410135f,0.40013293952987194f,-0.4503606798441465f,2.904669975554981f,0.2855713236327026f,-0.9095353904010154f,-0.3019840934995402f,2.0224758308072963f,0f,0f,0f,1f], start_interpolation: 0, interpolation_duration: 1 }
$data merge entity $(bone_invisibility) { transformation: [-0.003917012279153545f,0.8430935101941368f,0.5377527220603661f,1.268559019289113f,0.4217600076286715f,0.48898020387317853f,-0.7635554047907774f,3.253263841622646f,-0.906699042119196f,0.22381173626213935f,-0.3574984667539969f,2.0966545113563084f,0f,0f,0f,1f], start_interpolation: 0, interpolation_duration: 1 }
$data merge entity $(bone_swiftness) { transformation: [-0.8402266749654997f,0.06957833422184737f,0.5377527220603662f,1.0735865949028933f,-0.45036067984414635f,0.4627725163242848f,-0.7635554047907777f,3.145922357747491f,-0.30198409349954014f,-0.8837423004144379f,-0.3574984667539969f,2.178325751783836f,0f,0f,0f,1f], start_interpolation: 0, interpolation_duration: 1 }
$data merge entity $(bone_suspicious_stew) { transformation: [-0.2920357507277883f,0.7909090530607952f,0.5377527220603665f,1.1077550333164325f,0.22908368749915164f,0.6037415075482082f,-0.7635554047907778f,3.1471287524491673f,-0.9285665212674041f,-0.0997950993280397f,-0.357498466753997f,2.0814579141570717f,0f,0f,0f,1f], start_interpolation: 0, interpolation_duration: 1 }
$data merge entity $(bone_log) { transformation: [-0.5377527220603664f,0.06957833422184737f,-0.8402266749654996f,1.0266523820119964f,0.7635554047907775f,0.4627725163242848f,-0.4503606798441465f,3.255447979321144f,0.3574984667539968f,-0.8837423004144379f,-0.3019840934995402f,1.990350103480663f,0f,0f,0f,1f], start_interpolation: 0, interpolation_duration: 1 }
$data merge entity $(bone_planks) { transformation: [-0.5377527220603664f,0.06957833422184737f,-0.8402266749654996f,0.976238064318837f,0.7635554047907775f,0.4627725163242848f,-0.4503606798441465f,3.3270312985202795f,0.3574984667539968f,-0.8837423004144379f,-0.3019840934995402f,2.0238655847388505f,0f,0f,0f,1f], start_interpolation: 0, interpolation_duration: 1 }
$data merge entity $(bone_lefthand) { transformation: [-0.5377527220603664f,0.06957833422184737f,-0.8402266749654996f,1.2047422296752217f,0.7635554047907775f,0.4627725163242848f,-0.4503606798441465f,3.1943260284496504f,0.3574984667539968f,-0.8837423004144379f,-0.3019840934995402f,1.6894769146104152f,0f,0f,0f,1f], start_interpolation: 0, interpolation_duration: 1 }
$data merge entity $(bone_leftforearm) { transformation: [-0.5595814120212758f,0.02525518105225269f,0.8283904991912286f,1.173267941719184f,-0.7604938636273976f,0.38164660728748223f,-0.5253522156906046f,3.3702055914086686f,-0.32942028884898455f,-0.9239632259868205f,-0.19435593718402155f,0.998265232820586f,0f,0f,0f,1f], start_interpolation: 0, interpolation_duration: 1 }
$data merge entity $(bone_leftelbow) { transformation: [-0.5595814120212758f,0.02525518105225269f,0.8283904991912286f,1.1780032881664815f,-0.7604938636273976f,0.38164660728748223f,-0.5253522156906046f,3.4417643302750713f,-0.32942028884898455f,-0.9239632259868205f,-0.19435593718402155f,0.8250221279480572f,0f,0f,0f,1f], start_interpolation: 0, interpolation_duration: 1 }
$data merge entity $(bone_leftarm) { transformation: [-0.6118365157262886f,-0.26579240035337615f,0.744990253586116f,0.8277813004272595f,-0.7647977990731256f,0.4391282770727895f,-0.47143470683434663f,3.5210698693506637f,-0.20184252415390047f,-0.8582078746955624f,-0.47195215780172906f,0.37679348331796053f,0f,0f,0f,1f], start_interpolation: 0, interpolation_duration: 1 }
$data merge entity $(bone_rightthumb2) { transformation: [-0.7150678263120528f,0.4809495065365086f,0.5073121089976504f,-1.8649190592792269f,-0.504045647978788f,0.14811501133478833f,-0.8508818532387078f,4.054109925397752f,-0.48437174621048923f,-0.8641466979509809f,0.13650822646792116f,1.1587438305064648f,0f,0f,0f,1f], start_interpolation: 0, interpolation_duration: 1 }
$data merge entity $(bone_rightthumb) { transformation: [-0.7150678263120528f,0.4809495065365086f,0.5073121089976504f,-1.7036161753677805f,-0.504045647978788f,0.14811501133478833f,-0.8508818532387078f,4.017719785091876f,-0.48437174621048923f,-0.8641466979509809f,0.13650822646792116f,0.9584839856976036f,0f,0f,0f,1f], start_interpolation: 0, interpolation_duration: 1 }
$data merge entity $(bone_rightpointerfinger) { transformation: [-0.7353659630162436f,0.4493009286675778f,0.5073121089976504f,-1.9158580205936884f,-0.5100265942633164f,0.1259878762945992f,-0.8508818532387078f,3.8741044673794045f,-0.4462171820776897f,-0.8844522206005411f,0.13650822646792116f,1.1954527843366807f,0f,0f,0f,1f], start_interpolation: 0, interpolation_duration: 1 }
$data merge entity $(bone_rightmidfinger) { transformation: [-0.7542642888143647f,0.4167970809443319f,0.5073121089976504f,-1.8365905035628054f,-0.5150366759376481f,0.10362091617119978f,-0.8508818532387078f,3.7411541778108566f,-0.4072132181774773f,-0.9030741381792109f,0.13650822646792116f,1.2167821947222934f,0f,0f,0f,1f], start_interpolation: 0, interpolation_duration: 1 }
$data merge entity $(bone_rightringfinger) { transformation: [-0.7542642888143647f,0.4167970809443318f,0.5073121089976504f,-1.7573229865319224f,-0.5150366759376481f,0.1036209161711997f,-0.8508818532387078f,3.608203888242308f,-0.4072132181774772f,-0.903074138179211f,0.13650822646792116f,1.2381116051079062f,0f,0f,0f,1f], start_interpolation: 0, interpolation_duration: 1 }
$data merge entity $(bone_hugeasssword) { transformation: [-2.800682319722207f,1.8837189006013255f,1.9869724269074645f,-1.5568844953865264f,-1.97417878791692f,0.580117127727921f,-3.332620591851606f,3.9184221936894557f,-1.8971226726577497f,-3.3845745669746754f,0.5346572203326913f,1.1677807007496004f,0f,0f,0f,1f], start_interpolation: 0, interpolation_duration: 1 }
$data merge entity $(bone_ice) { transformation: [-0.7150678263120528f,0.4809495065365086f,0.5073121089976504f,-1.5532263966400335f,-0.504045647978788f,0.14811501133478833f,-0.8508818532387078f,3.9239836098870184f,-0.48437174621048923f,-0.8641466979509809f,0.13650822646792116f,1.1888513014396234f,0f,0f,0f,1f], start_interpolation: 0, interpolation_duration: 1 }
$data merge entity $(bone_righthand) { transformation: [-0.7150678263120528f,0.4809495065365086f,0.5073121089976504f,-1.595902473177743f,-0.504045647978788f,0.14811501133478833f,-0.8508818532387078f,3.808410892812309f,-0.48437174621048923f,-0.8641466979509809f,0.13650822646792116f,0.8559875724763784f,0f,0f,0f,1f], start_interpolation: 0, interpolation_duration: 1 }
$data merge entity $(bone_rightforearm) { transformation: [-0.3193258087610759f,0.14849427455927183f,-0.9359382876462528f,-1.4443753605277705f,0.9284988381985213f,-0.14850164237804536f,-0.3403486002248555f,3.62323568111622f,-0.18952819136761787f,-0.9776997047325616f,-0.09045635435269889f,0.18027879904771088f,0f,0f,0f,1f], start_interpolation: 0, interpolation_duration: 1 }
$data merge entity $(bone_rightelbow) { transformation: [-0.3193258087610759f,0.14849427455927183f,-0.9359382876462528f,-1.416532684047907f,0.9284988381985213f,-0.14850164237804536f,-0.3403486002248555f,3.5953916231703364f,-0.18952819136761787f,-0.9776997047325616f,-0.09045635435269889f,-0.0030398955896444313f,0f,0f,0f,1f], start_interpolation: 0, interpolation_duration: 1 }
$data merge entity $(bone_rightarm) { transformation: [-0.4400756729278351f,0.7740743952402858f,-0.45512880894368596f,-0.8315202014754978f,0.8153645589239272f,0.13213274969495292f,-0.5636679629966916f,3.5479525530166707f,-0.3761835165818702f,-0.6191524586815722f,-0.6893012365872133f,-0.14271380774896808f,0f,0f,0f,1f], start_interpolation: 0, interpolation_duration: 1 }
$data merge entity $(bone_chest) { transformation: [-1.0254824077159714f,-0.08583474768499949f,0.33856954775351156f,0.09750089916341695f,-0.0019988837250013644f,1.0515367886314144f,0.26053310294413073f,3.420079444547378f,-0.34927488750269287f,0.24599571003514592f,-0.9955422013734008f,-0.1535937111699918f,0f,0f,0f,1f], start_interpolation: 0, interpolation_duration: 1 }
$data merge entity $(bone_chest1lid) { transformation: [-0.9465991455839737f,-0.07923207478615338f,0.31252573638785686f,-0.2938397528331504f,-0.001845123438462798f,0.9706493433520749f,0.2404920950253515f,2.661950566441897f,-0.32240758846402423f,0.22707296310936548f,-0.9189620320369853f,-0.05925755326660044f,0f,0f,0f,1f], start_interpolation: 0, interpolation_duration: 1 }
$data merge entity $(bone_chest1) { transformation: [-0.9465991455839737f,-0.07923207478615338f,0.31252573638785686f,-0.2814597411478139f,-0.001845123438462798f,0.9706493433520749f,0.2404920950253515f,2.5102866065431355f,-0.32240758846402423f,0.22707296310936548f,-0.9189620320369853f,-0.0947377037524388f,0f,0f,0f,1f], start_interpolation: 0, interpolation_duration: 1 }
$data merge entity $(bone_chest1lid3) { transformation: [-0.9465991455839737f,-0.07923207478615338f,0.31252573638785686f,-0.034465506360681256f,-0.001845123438462798f,0.9706493433520749f,0.2404920950253515f,2.8161311350324167f,-0.32240758846402423f,0.22707296310936548f,-0.9189620320369853f,-0.6278171307612925f,0f,0f,0f,1f], start_interpolation: 0, interpolation_duration: 1 }
$data merge entity $(bone_chest3) { transformation: [-0.9465991455839737f,-0.07923207478615338f,0.31252573638785686f,-0.02208549467534479f,-0.001845123438462798f,0.9706493433520749f,0.2404920950253515f,2.6644671751336553f,-0.32240758846402423f,0.22707296310936548f,-0.9189620320369853f,-0.6632972812471309f,0f,0f,0f,1f], start_interpolation: 0, interpolation_duration: 1 }
$data merge entity $(bone_hugeasssword2) { transformation: [-1.2240591341857736f,2.5238125926441524f,-2.733555744996789f,-1.0778937402513165f,-0.9419273721826266f,2.5737261064437775f,2.798032260771963f,4.607764917545291f,3.599267958811526f,1.5318556407176014f,-0.1973986688206377f,-0.5308048695337511f,0f,0f,0f,1f], start_interpolation: 0, interpolation_duration: 1 }
$data merge entity $(bone_belt) { transformation: [-0.9465991455839737f,-0.07923207478615338f,0.31252573638785686f,0.11846939868959669f,-0.001845123438462798f,0.9706493433520749f,0.2404920950253515f,3.002018772138219f,-0.32240758846402423f,0.22707296310936548f,-0.9189620320369853f,-0.11342294511760677f,0f,0f,0f,1f], start_interpolation: 0, interpolation_duration: 1 }
$data merge entity $(bone_torn_part) { transformation: [-0.9274501672877528f,-0.14802799273059494f,0.3434004958733613f,-0.012786362661569406f,-0.05784580068824092f,0.9640521010873733f,0.2593403357207613f,2.6881104118088537f,-0.36944559889198275f,0.22066096110814848f,-0.9026730801913684f,-0.08303374110312237f,0f,0f,0f,1f], start_interpolation: 0, interpolation_duration: 1 }
$data merge entity $(bone_lowerbody) { transformation: [-0.9274501672877528f,-0.03791428519064077f,0.3720197497128375f,0.04398249999999999f,-0.05784580068824092f,0.9974179732080892f,-0.04255878363162692f,2.21272375f,-0.36944559889198275f,-0.060990931292693736f,-0.9272486482920287f,0.11321999999999999f,0f,0f,0f,1f], start_interpolation: 0, interpolation_duration: 1 }
$data merge entity $(bone_leftfoot) { transformation: [-0.9680461299616889f,-0.21944997899144114f,0.12136060722842901f,0.5589493206744586f,-0.1874442398210468f,0.954691146396961f,0.23114816016824907f,0.2176564246293866f,-0.16658735613517273f,0.20101373513248466f,-0.9653197040690615f,0.00027567668533218237f,0f,0f,0f,1f], start_interpolation: 0, interpolation_duration: 1 }
$data merge entity $(bone_leftlowerleg) { transformation: [-0.9680461299616889f,-0.21944997899144114f,0.12136060722842901f,0.29685047388283703f,-0.1874442398210468f,0.954691146396961f,0.23114816016824907f,1.2412520116268646f,-0.16658735613517273f,0.20101373513248466f,-0.9653197040690615f,0.3715924383544384f,0f,0f,0f,1f], start_interpolation: 0, interpolation_duration: 1 }
$data merge entity $(bone_leftleg) { transformation: [-0.9456612095116718f,0.05312707735774342f,0.32078402465887623f,0.3132403018145945f,-0.054419811591895156f,0.9467855826586352f,-0.3172310586560706f,2.2075425458626428f,-0.32056724868773606f,-0.3174501128069937f,-0.8924472337049415f,0.09020000450151716f,0f,0f,0f,1f], start_interpolation: 0, interpolation_duration: 1 }
$data merge entity $(bone_rightfoot) { transformation: [-0.9076650482246889f,0.04281046686047585f,0.4175061965509752f,-0.4217248540621992f,0.11234796560737562f,0.9832637164556239f,0.14342384225001886f,0.19222469509906182f,-0.4043786528183174f,0.1770867805034086f,-0.8972837774727571f,-0.0801534526325346f,0f,0f,0f,1f], start_interpolation: 0, interpolation_duration: 1 }
$data merge entity $(bone_rightlowerleg) { transformation: [-0.9076650482246889f,0.04281046686047585f,0.4175061965509752f,-0.43837999289930624f,0.11234796560737562f,0.9832637164556239f,0.14342384225001886f,1.260996434659614f,-0.4043786528183174f,0.1770867805034086f,-0.8972837774727571f,0.254165921280597f,0f,0f,0f,1f], start_interpolation: 0, interpolation_duration: 1 }
$data merge entity $(bone_rightleg) { transformation: [-0.906592472975158f,0.2509573843225277f,0.33927935274458204f,-0.17753501919775533f,0.07219634749958556f,0.8843464882394636f,-0.46121467468657956f,2.161253240148986f,-0.4157857325023388f,-0.39363902244635696f,-0.8198600762660481f,-0.07343932333295035f,0f,0f,0f,1f], start_interpolation: 0, interpolation_duration: 1 }
data modify entity @s data merge value {"locators":{"lefthand":{"posx":1.0847594341404099,"posy":3.154747442906739,"posz":2.030595490903284,"roty":289.76883740282625,"rotx":-26.76682714845426},"righthand":{"posx":-1.6357055930995097,"posy":3.8877100622937557,"posz":1.1548108013493128,"roty":105.0605053075697,"rotx":-58.30771452443702},"chest":{"posx":-0.3673011177691176,"posy":2.5636504325272296,"posz":0.06006296690534242,"roty":18.78242842689889,"rotx":13.915586019513519},"sack":{"posx":0,"posy":-0.4375,"posz":0,"roty":0,"rotx":0}},"cameras":{}}