# This file was generated by Animated Java via MC-Build. It is not recommended to edit this file directly.
$data merge entity $(bone_nose) { transformation: [-0.9993984203528374f,-0.02709185730583724f,0.021652451685047647f,-0.1356232414837517f,-0.02196669507889598f,0.9776063591536586f,0.20929230958073625f,4.079525489851496f,-0.02683769184494035f,0.20869077078310888f,-0.9776133696336134f,0.18430128244253233f,0f,0f,0f,1f], start_interpolation: 0, interpolation_duration: 1 }
$data merge entity $(bone_glowing_eye) { transformation: [-0.9993984203528374f,-0.02709185730583724f,0.021652451685047647f,-0.2631379587231343f,-0.02196669507889598f,0.9776063591536586f,0.20929230958073625f,4.135668160582491f,-0.02683769184494035f,0.20869077078310888f,-0.9776133696336134f,0.22919106129816486f,0f,0f,0f,1f], start_interpolation: 0, interpolation_duration: 1 }
$data merge entity $(bone_head) { transformation: [-0.9993984203528374f,-0.02709185730583724f,0.021652451685047647f,-0.12822349376539743f,-0.02196669507889598f,0.9776063591536586f,0.20929230958073625f,3.998004743073615f,-0.02683769184494035f,0.20869077078310888f,-0.9776133696336134f,-0.02453019330584949f,0f,0f,0f,1f], start_interpolation: 0, interpolation_duration: 1 }
$data merge entity $(bone_leftthumb2) { transformation: [-0.77548029788301f,0.29063727539082507f,0.5605000283217442f,0.6382873027357481f,-0.27601347575339547f,0.6423689446180735f,-0.714967621779331f,3.2314796998891864f,-0.5678440532380422f,-0.7091488652911041f,-0.41792465595909983f,1.6591968421370993f,0f,0f,0f,1f], start_interpolation: 0, interpolation_duration: 1 }
$data merge entity $(bone_leftthumb) { transformation: [-0.77548029788301f,0.29063727539082507f,0.5605000283217442f,0.7574628459160879f,-0.27601347575339547f,0.6423689446180735f,-0.714967621779331f,3.327916520251477f,-0.5678440532380422f,-0.7091488652911041f,-0.41792465595909983f,1.4495686052543209f,0f,0f,0f,1f], start_interpolation: 0, interpolation_duration: 1 }
$data merge entity $(bone_leftpointerfinger) { transformation: [-0.7197461898065582f,0.4096402574336f,0.5605000283217442f,0.7731890863370094f,-0.17093188031019566f,0.6779406995459328f,-0.714967621779331f,3.113814076938293f,-0.6728653019383328f,-0.6104025453656836f,-0.41792465595909983f,1.7247758017527925f,0f,0f,0f,1f], start_interpolation: 0, interpolation_duration: 1 }
$data merge entity $(bone_leftmidfinger) { transformation: [-0.7280782699935364f,0.3946412941071212f,0.5605000283217442f,0.8607672157622819f,-0.1849401520915059f,0.6742539877164825f,-0.714967621779331f,3.0021003860352726f,-0.6600751267148237f,-0.6242113496516051f,-0.41792465595909983f,1.659475074259183f,0f,0f,0f,1f], start_interpolation: 0, interpolation_duration: 1 }
$data merge entity $(bone_leftringfinger) { transformation: [-0.7280782699935364f,0.3946412941071212f,0.5605000283217442f,0.9483453451875544f,-0.1849401520915059f,0.6742539877164825f,-0.714967621779331f,2.890386695132252f,-0.6600751267148237f,-0.6242113496516051f,-0.41792465595909983f,1.5941743467655738f,0f,0f,0f,1f], start_interpolation: 0, interpolation_duration: 1 }
$data merge entity $(bone_invisibility) { transformation: [0.33838210909063526f,-0.5330364488875515f,0.7754802978830099f,0.6420593565947621f,0.5776110027306104f,0.7682330966100515f,0.2760134757533953f,3.1546633917327376f,-0.7428748735634502f,0.35452793039516683f,0.567844053238042f,1.5538020301281668f,0f,0f,0f,1f], start_interpolation: 0, interpolation_duration: 1 }
$data merge entity $(bone_swiftness) { transformation: [0.560500028321744f,0.29063727539082507f,0.7754802978830101f,0.667406483023471f,-0.7149676217793312f,0.6423689446180735f,0.2760134757533953f,2.9192437232125372f,-0.41792465595909994f,-0.7091488652911041f,0.5678440532380421f,1.5418967875780494f,0f,0f,0f,1f], start_interpolation: 0, interpolation_duration: 1 }
$data merge entity $(bone_suspicious_stew) { transformation: [0.5002843735647685f,-0.38515692017953607f,0.7754802978830102f,0.7335294896211442f,0.28002560314061176f,0.91945756986838f,0.2760134757533956f,2.990495918370141f,-0.8193297304215467f,0.07906910932562933f,0.5678440532380422f,1.5086825101963561f,0f,0f,0f,1f], start_interpolation: 0, interpolation_duration: 1 }
$data merge entity $(bone_log) { transformation: [-0.77548029788301f,0.29063727539082507f,0.5605000283217442f,0.7234313099460469f,-0.27601347575339547f,0.6423689446180735f,-0.714967621779331f,3.011401665824613f,-0.5678440532380422f,-0.7091488652911041f,-0.41792465595909983f,1.3472133037958187f,0f,0f,0f,1f], start_interpolation: 0, interpolation_duration: 1 }
$data merge entity $(bone_planks) { transformation: [-0.77548029788301f,0.29063727539082507f,0.5605000283217442f,0.6507300320195146f,-0.27601347575339547f,0.6423689446180735f,-0.714967621779331f,2.9855254024727325f,-0.5678440532380422f,-0.7091488652911041f,-0.41792465595909983f,1.2939779238047524f,0f,0f,0f,1f], start_interpolation: 0, interpolation_duration: 1 }
$data merge entity $(bone_lefthand) { transformation: [-0.77548029788301f,0.29063727539082507f,0.5605000283217442f,0.9724450773794511f,-0.27601347575339547f,0.6423689446180735f,-0.714967621779331f,3.2633400090980844f,-0.5678440532380422f,-0.7091488652911041f,-0.41792465595909983f,1.3249472462812752f,0f,0f,0f,1f], start_interpolation: 0, interpolation_duration: 1 }
$data merge entity $(bone_leftforearm) { transformation: [-0.4898664552771606f,0.16024405084965135f,0.8569438138883344f,1.0553728587284892f,-0.8181449214818304f,0.255009427958392f,-0.5153727574346783f,3.391249168196229f,-0.3011141701210347f,-0.9535680551589534f,0.006182291864084755f,0.6537133042882548f,0f,0f,0f,1f], start_interpolation: 0, interpolation_duration: 1 }
$data merge entity $(bone_leftelbow) { transformation: [-0.4898664552771606f,0.16024405084965135f,0.8569438138883344f,1.0854186182627987f,-0.8181449214818304f,0.255009427958392f,-0.5153727574346783f,3.4390634359384276f,-0.3011141701210347f,-0.9535680551589534f,0.006182291864084755f,0.4749192939459511f,0f,0f,0f,1f], start_interpolation: 0, interpolation_duration: 1 }
$data merge entity $(bone_leftarm) { transformation: [-0.5954279129943905f,-0.26674788897710244f,0.757833203385418f,0.7114465871656195f,-0.7873061645836842f,0.38163931945193447f,-0.4842524476518355f,3.5010673465916633f,-0.16004562985496867f,-0.8849841770192982f,-0.4372509608792215f,0.03361744777206985f,0f,0f,0f,1f], start_interpolation: 0, interpolation_duration: 1 }
$data merge entity $(bone_rightthumb2) { transformation: [0.04639197769819611f,-0.8856925753771646f,0.46194853211912607f,0.2545852358726848f,0.9042388441452852f,-0.1592854794061375f,-0.39620733055958846f,3.863679000059679f,0.42449958438619f,0.43609264838119216f,0.793488062218852f,-0.10103828451436397f,0f,0f,0f,1f], start_interpolation: 0, interpolation_duration: 1 }
$data merge entity $(bone_rightthumb) { transformation: [0.04639197769819611f,-0.8856925753771646f,0.46194853211912607f,0.07685274113932068f,0.9042388441452852f,-0.1592854794061375f,-0.39620733055958846f,3.790756542925123f,0.42449958438619f,0.43609264838119216f,0.793488062218852f,0.07371967288332809f,0f,0f,0f,1f], start_interpolation: 0, interpolation_duration: 1 }
$data merge entity $(bone_rightpointerfinger) { transformation: [-0.2582765863347915f,-0.8484672996787981f,0.46194853211912607f,0.39419857743877706f,0.7957972981804f,-0.4579589625933965f,-0.39620733055958846f,3.923350995813672f,0.5477224344136564f,0.26528631694105165f,0.793488062218852f,0.014251167591997654f,0f,0f,0f,1f], start_interpolation: 0, interpolation_duration: 1 }
$data merge entity $(bone_rightmidfinger) { transformation: [-0.2210211404424965f,-0.8589256132811984f,0.46194853211912607f,0.4663780355823905f,0.8150157648735648f,-0.4228108965227867f,-0.39620733055958846f,3.8614436004137365f,0.535629497400074f,0.2889251401853328f,0.793488062218852f,0.1382336773136933f,0f,0f,0f,1f], start_interpolation: 0, interpolation_duration: 1 }
$data merge entity $(bone_rightringfinger) { transformation: [-0.18346475213882765f,-0.8677235956199548f,0.46194853211912607f,0.5385574937260039f,0.8326293922221744f,-0.3869729272424327f,-0.39620733055958846f,3.7995362050138004f,0.5225600251936333f,0.3119418458395723f,0.793488062218852f,0.26221618703538896f,0f,0f,0f,1f], start_interpolation: 0, interpolation_duration: 1 }
$data merge entity $(bone_hugeasssword) { transformation: [0.18170191265126812f,-3.468962586893895f,1.8092984174665772f,0.2669309163184592f,3.541602139569034f,-0.6238681276740385f,-1.5518120446917216f,3.595091033973267f,1.6626233721792443f,1.7080295394930027f,3.1078282436905043f,0.10165904344137167f,0f,0f,0f,1f], start_interpolation: 0, interpolation_duration: 1 }
$data merge entity $(bone_ice) { transformation: [0.04639197769819611f,-0.8856925753771646f,0.46194853211912607f,0.28004498815719314f,0.9042388441452852f,-0.1592854794061375f,-0.39620733055958846f,3.5834511376492175f,0.42449958438619f,0.43609264838119216f,0.793488062218852f,0.08821228980438131f,0f,0f,0f,1f], start_interpolation: 0, interpolation_duration: 1 }
$data merge entity $(bone_righthand) { transformation: [0.04639197769819611f,-0.8856925753771646f,0.46194853211912607f,0.08465573036617369f,0.9042388441452852f,-0.1592854794061375f,-0.39620733055958846f,3.7573079997540173f,0.42449958438619f,0.43609264838119216f,0.793488062218852f,0.328156849940566f,0f,0f,0f,1f], start_interpolation: 0, interpolation_duration: 1 }
$data merge entity $(bone_rightforearm) { transformation: [-0.29316310979486343f,-0.886191786136557f,0.3587750120054394f,-0.513619389284006f,0.9544927062635633f,-0.2927873500022899f,0.05673835887911241f,3.4999464422380586f,0.054763717414574864f,0.3590817258824721f,0.9316980462532917f,0.5824646696100731f,0f,0f,0f,1f], start_interpolation: 0, interpolation_duration: 1 }
$data merge entity $(bone_rightelbow) { transformation: [-0.29316310979486343f,-0.886191786136557f,0.3587750120054394f,-0.6797803491846104f,0.9544927062635633f,-0.2927873500022899f,0.05673835887911241f,3.445048814112629f,0.054763717414574864f,0.3590817258824721f,0.9316980462532917f,0.6497924932130367f,0f,0f,0f,1f], start_interpolation: 0, interpolation_duration: 1 }
$data merge entity $(bone_rightarm) { transformation: [-0.46150615869173645f,-0.7453750697840323f,-0.48106971514952634f,-0.9521084607678446f,0.681995655989881f,0.048709620537095794f,-0.7297323468766227f,3.439597491454221f,0.5673570222536507f,-0.6648634282404023f,0.4858627698104574f,-0.052228232876260286f,0f,0f,0f,1f], start_interpolation: 0, interpolation_duration: 1 }
$data merge entity $(bone_chest) { transformation: [-1.082681622048907f,-0.029349512081323675f,0.023456822658801616f,-0.11098795573984324f,-0.023797253002137312f,1.0590735557497968f,0.22673333537913093f,3.3731347424835274f,-0.029074166165352043f,0.22608166834836793f,-1.0590811504364146f,-0.24146262338946475f,0f,0f,0f,1f], start_interpolation: 0, interpolation_duration: 1 }
$data merge entity $(bone_chest1lid) { transformation: [-0.9993984203528374f,-0.02709185730583724f,0.021652451685047647f,-0.44216654619819584f,-0.02196669507889598f,0.9776063591536586f,0.20929230958073625f,2.615590131491629f,-0.02683769184494035f,0.20869077078310888f,-0.9776133696336134f,-0.010696256711610133f,0f,0f,0f,1f], start_interpolation: 0, interpolation_duration: 1 }
$data merge entity $(bone_chest1) { transformation: [-0.9993984203528374f,-0.02709185730583724f,0.021652451685047647f,-0.43793344349415875f,-0.02196669507889598f,0.9776063591536586f,0.20929230958073625f,2.4628391378738694f,-0.02683769184494035f,0.20869077078310888f,-0.9776133696336134f,-0.0433041896464709f,0f,0f,0f,1f], start_interpolation: 0, interpolation_duration: 1 }
$data merge entity $(bone_chest1lid3) { transformation: [-0.9993984203528374f,-0.02709185730583724f,0.021652451685047647f,-0.36583304306540987f,-0.02196669507889598f,0.9776063591536586f,0.20929230958073625f,2.7510409357592187f,-0.02683769184494035f,0.20869077078310888f,-0.9776133696336134f,-0.635302465892835f,0f,0f,0f,1f], start_interpolation: 0, interpolation_duration: 1 }
$data merge entity $(bone_chest3) { transformation: [-0.9993984203528374f,-0.02709185730583724f,0.021652451685047647f,-0.3615999403613728f,-0.02196669507889598f,0.9776063591536586f,0.20929230958073625f,2.5982899421414594f,-0.02683769184494035f,0.20869077078310888f,-0.9776133696336134f,-0.6679103988276958f,0f,0f,0f,1f], start_interpolation: 0, interpolation_duration: 1 }
$data merge entity $(bone_hugeasssword2) { transformation: [-0.0848054357664375f,2.8142456813831584f,-2.7227021615774434f,-1.3679969548142668f,-0.8197282125245502f,2.650239249240419f,2.764878904609507f,4.5358358465389035f,3.8289856977316528f,0.6297070305940713f,0.531615801086298f,-0.29138374120171195f,0f,0f,0f,1f], start_interpolation: 0, interpolation_duration: 1 }
$data merge entity $(bone_belt) { transformation: [-0.9993984203528374f,-0.02709185730583724f,0.021652451685047647f,-0.0710213341200351f,-0.02196669507889598f,0.9776063591536586f,0.20929230958073625f,2.9570314806719664f,-0.02683769184494035f,0.20869077078310888f,-0.9776133696336134f,-0.1957588062743578f,0f,0f,0f,1f], start_interpolation: 0, interpolation_duration: 1 }
$data merge entity $(bone_torn_part) { transformation: [-0.9877456409028655f,-0.12838483633264797f,0.08874616992989952f,-0.12855662348465452f,-0.11668026823690443f,0.9850894959732104f,0.12642942666725382f,2.6363481729414864f,-0.1036545410561035f,0.11452518816000992f,-0.9879978326875839f,-0.08741694322296756f,0f,0f,0f,1f], start_interpolation: 0, interpolation_duration: 1 }
$data merge entity $(bone_lowerbody) { transformation: [-0.9877456409028655f,-0.0957563066477707f,0.12324479142976191f,-0.002672377929687533f,-0.11668026823690443f,0.9775146121405214f,-0.1756442371839457f,2.19514064453125f,-0.1036545410561035f,-0.18787206495097733f,-0.9767086686056925f,0.15178963378906246f,0f,0f,0f,1f], start_interpolation: 0, interpolation_duration: 1 }
$data merge entity $(bone_leftfoot) { transformation: [-0.9765840015855233f,-0.17594772140541898f,-0.12380399162223021f,0.508576472048092f,-0.19939745324354657f,0.9563157994972852f,0.21377746182274504f,0.21645485546596865f,0.08078211273350541f,0.2334576855965757f,-0.9690055564727312f,-0.06300917202237533f,0f,0f,0f,1f], start_interpolation: 0, interpolation_duration: 1 }
$data merge entity $(bone_leftlowerleg) { transformation: [-0.9765840015855233f,-0.17594772140541898f,-0.12380399162223021f,0.33240641028424767f,-0.19939745324354657f,0.9563157994972852f,0.21377746182274504f,1.2445217238006f,0.08078211273350541f,0.2334576855965757f,-0.9690055564727312f,0.34486641228905146f,0f,0f,0f,1f], start_interpolation: 0, interpolation_duration: 1 }
$data merge entity $(bone_leftleg) { transformation: [-0.9941362856000785f,-0.05673452513202073f,0.09205563161112562f,0.24891935975092488f,-0.08524195770900612f,0.9349736562351534f,-0.34432262602420627f,2.196933346188747f,-0.06653460978479678f,-0.35015061874044073f,-0.9343273997354843f,0.039296105919065856f,0f,0f,0f,1f], start_interpolation: 0, interpolation_duration: 1 }
$data merge entity $(bone_rightfoot) { transformation: [-0.929150479285734f,0.061307108946107566f,0.3645848148853649f,-0.4384795709236892f,0.16962131900930064f,0.9469251815311348f,0.2730510814788353f,0.20742050195168416f,-0.32849559957494984f,0.31554515217791845f,-0.8902359527794353f,-0.12210814653485236f,0f,0f,0f,1f], start_interpolation: 0, interpolation_duration: 1 }
$data merge entity $(bone_rightlowerleg) { transformation: [-0.929150479285734f,0.061307108946107566f,0.3645848148853649f,-0.42648385868517236f,0.16962131900930064f,0.9469251815311348f,0.2730510814788353f,1.2159625211420453f,-0.32849559957494984f,0.31554515217791845f,-0.8902359527794353f,0.36473061602479273f,0f,0f,0f,1f], start_interpolation: 0, interpolation_duration: 1 }
$data merge entity $(bone_rightleg) { transformation: [-0.973901429036523f,0.14936497366733165f,0.17090169748206407f,-0.2651427720590921f,0.06098382944435721f,0.8974664446656594f,-0.4368461979461194f,2.118985413518859f,-0.21862841836644686f,-0.41502299374918805f,-0.8831512521299214f,0.008986717482829913f,0f,0f,0f,1f], start_interpolation: 0, interpolation_duration: 1 }
data modify entity @s data merge value {"locators":{"lefthand":{"posx":0.7646687377901435,"posy":2.998264224468509,"posz":1.4623810116371136,"roty":53.29074799976148,"rotx":-45.640545712202155},"righthand":{"posx":0.2910152367423059,"posy":3.6769031044435523,"posz":0.10879692723746093,"roty":149.79312612438574,"rotx":-23.34129347214903},"chest":{"posx":-0.47508770132839584,"posy":2.5211013514513194,"posz":0.1281739812495433,"roty":1.2687953537147223,"rotx":12.08088301211709},"sack":{"posx":0,"posy":-0.4375,"posz":0,"roty":0,"rotx":0}},"cameras":{}}