# This file was generated by Animated Java via MC-Build. It is not recommended to edit this file directly.
$data merge entity $(bone_nose) { transformation: [-0.9960247912878827f,-0.07921618617994093f,-0.04073586855628336f,-0.06279849317107701f,-0.08571462023868803f,0.9767916684334529f,0.19629325091894817f,4.062420341886632f,0.024240854301516568f,0.19900460378116033f,-0.9796987029983434f,0.20030253347389204f,0f,0f,0f,1f], start_interpolation: 0, interpolation_duration: 1 }
$data merge entity $(bone_glowing_eye) { transformation: [-0.9960247912878827f,-0.07921618617994093f,-0.04073586855628336f,-0.1912436679247677f,-0.08571462023868803f,0.9767916684334529f,0.19629325091894817f,4.110992971067949f,0.024240854301516568f,0.19900460378116033f,-0.9796987029983434f,0.2509940674027885f,0f,0f,0f,1f], start_interpolation: 0, interpolation_duration: 1 }
$data merge entity $(bone_head) { transformation: [-0.9960247912878827f,-0.07921618617994093f,-0.04073586855628336f,-0.06064512111866659f,-0.08571462023868803f,0.9767916684334529f,0.19629325091894817f,3.9785660518432615f,0.024240854301516568f,0.19900460378116033f,-0.9796987029983434f,-0.007723413741573537f,0f,0f,0f,1f], start_interpolation: 0, interpolation_duration: 1 }
$data merge entity $(bone_leftthumb2) { transformation: [-0.4370498228815536f,0.8988335104681975f,0.03295106642613327f,0.07591174055022559f,-0.6284616944159874f,-0.3313821651903322f,0.7037199437599827f,4.244806742424115f,0.6434464631738902f,0.28685219373953574f,0.7097129475892541f,-0.4939271795222181f,0f,0f,0f,1f], start_interpolation: 0, interpolation_duration: 1 }
$data merge entity $(bone_leftthumb) { transformation: [-0.4370498228815536f,0.8988335104681975f,0.03295106642613327f,0.2991598335003338f,-0.6284616944159874f,-0.3313821651903322f,0.7037199437599827f,4.223675898871293f,0.6434464631738902f,0.28685219373953574f,0.7097129475892541f,-0.36292853618044135f,0f,0f,0f,1f], start_interpolation: 0, interpolation_duration: 1 }
$data merge entity $(bone_leftpointerfinger) { transformation: [0.011323348069630312f,0.999392820171265f,0.03295106642613327f,0.05357699349435143f,-0.7103158352495111f,-0.015154370598474243f,0.7037199437599827f,4.434135542014868f,0.7037920118772897f,-0.03137413013757595f,0.7097129475892541f,-0.49416107474262444f,0f,0f,0f,1f], start_interpolation: 0, interpolation_duration: 1 }
$data merge entity $(bone_leftmidfinger) { transformation: [-0.04913371184751991f,0.9982485189477946f,0.03295106642613327f,0.05872559762343475f,-0.7080994055066456f,-0.058081603589963254f,0.7037199437599827f,4.5440917832273655f,0.7044012423904572f,0.011243742390900868f,0.7097129475892541f,-0.3832684266818035f,0f,0f,0f,1f], start_interpolation: 0, interpolation_duration: 1 }
$data merge entity $(bone_leftringfinger) { transformation: [-0.04913371184751991f,0.9982485189477946f,0.03295106642613327f,0.06387420175251807f,-0.7080994055066456f,-0.058081603589963254f,0.7037199437599827f,4.654048024439863f,0.7044012423904572f,0.011243742390900868f,0.7097129475892541f,-0.27237577862098256f,0f,0f,0f,1f], start_interpolation: 0, interpolation_duration: 1 }
$data merge entity $(bone_invisibility) { transformation: [0.8982850522643065f,0.04551282454115796f,0.43704982288155353f,0.06891034608570262f,-0.26878792162003057f,-0.7299239356556065f,0.6284616944159874f,4.258062801751679f,0.347616193624083f,-0.6820114595513153f,-0.64344646317389f,-0.36431893381942254f,0f,0f,0f,1f], start_interpolation: 0, interpolation_duration: 1 }
$data merge entity $(bone_swiftness) { transformation: [0.03295106642613317f,0.8988335104681975f,0.4370498228815536f,-0.0693914746486483f,0.7037199437599826f,-0.3313821651903322f,0.6284616944159875f,4.402152779459504f,0.7097129475892542f,0.28685219373953574f,-0.6434464631738901f,-0.23657968123724624f,0f,0f,0f,1f], start_interpolation: 0, interpolation_duration: 1 }
$data merge entity $(bone_suspicious_stew) { transformation: [0.8285455322023305f,0.34999964769519387f,0.4370498228815538f,0.03295585023740584f,-0.0029293374129568117f,-0.7778350195472732f,0.6284616944159875f,4.4055438301999725f,0.5599140291597258f,-0.521989395466166f,-0.6434464631738903f,-0.24469395272797811f,0f,0f,0f,1f], start_interpolation: 0, interpolation_duration: 1 }
$data merge entity $(bone_log) { transformation: [-0.4370498228815536f,0.8988335104681975f,0.03295106642613327f,0.10588119938950989f,-0.6284616944159874f,-0.3313821651903322f,0.7037199437599827f,4.338189648063431f,0.6434464631738902f,0.28685219373953574f,0.7097129475892541f,-0.11524652816973768f,0f,0f,0f,1f], start_interpolation: 0, interpolation_duration: 1 }
$data merge entity $(bone_planks) { transformation: [-0.4370498228815536f,0.8988335104681975f,0.03295106642613327f,0.06490777849436424f,-0.6284616944159874f,-0.3313821651903322f,0.7037199437599827f,4.279271364211932f,0.6434464631738902f,0.28685219373953574f,0.7097129475892541f,-0.05492342224718544f,0f,0f,0f,1f], start_interpolation: 0, interpolation_duration: 1 }
$data merge entity $(bone_lefthand) { transformation: [-0.4370498228815536f,0.8988335104681975f,0.03295106642613327f,0.43882231190113097f,-0.6284616944159874f,-0.3313821651903322f,0.7037199437599827f,4.390468282127346f,0.6434464631738902f,0.28685219373953574f,0.7097129475892541f,-0.22657362514049045f,0f,0f,0f,1f], start_interpolation: 0, interpolation_duration: 1 }
$data merge entity $(bone_leftforearm) { transformation: [0.046910910426345875f,0.9618663830841715f,0.2694669322487366f,1.1292500477925902f,0.4621456712390995f,-0.2600550158945068f,0.8478164702711725f,4.260738308597527f,0.885562389127911f,0.0847611337859615f,-0.4567218028093083f,-0.08757164342385322f,0f,0f,0f,1f], start_interpolation: 0, interpolation_duration: 1 }
$data merge entity $(bone_leftelbow) { transformation: [0.046910910426345875f,0.9618663830841715f,0.2694669322487366f,1.3095999946208723f,0.4621456712390995f,-0.2600550158945068f,0.8478164702711725f,4.211977993117307f,0.885562389127911f,0.0847611337859615f,-0.4567218028093083f,-0.07167893083898544f,0f,0f,0f,1f], start_interpolation: 0, interpolation_duration: 1 }
$data merge entity $(bone_leftarm) { transformation: [-0.4056189660941346f,-0.06659089534237343f,0.9116133538963909f,0.9313914525306464f,-0.025404368313779374f,-0.9961360767082418f,-0.08406863119433979f,3.6386361002682492f,0.9136891552466315f,-0.057258792668140934f,0.4023599858918427f,0.0808070681177688f,0f,0f,0f,1f], start_interpolation: 0, interpolation_duration: 1 }
$data merge entity $(bone_rightthumb2) { transformation: [-0.6139492791188559f,-0.2582453248683323f,-0.7459059155504046f,-0.816678752881661f,0.7796566182293097f,-0.050792616720989114f,-0.6241439479301805f,3.2655249511751308f,0.12329574331936266f,-0.9647432105333961f,0.2325267670807847f,0.7954467938007628f,0f,0f,0f,1f], start_interpolation: 0, interpolation_duration: 1 }
$data merge entity $(bone_rightthumb) { transformation: [-0.6139492791188559f,-0.2582453248683323f,-0.7459059155504046f,-0.9437547367438317f,0.7796566182293097f,-0.050792616720989114f,-0.6241439479301805f,3.1997306614386902f,0.12329574331936266f,-0.9647432105333961f,0.2325267670807847f,0.5787219131893325f,0f,0f,0f,1f], start_interpolation: 0, interpolation_duration: 1 }
$data merge entity $(bone_rightpointerfinger) { transformation: [-0.6321244582136422f,-0.20986432396913673f,-0.7459059155504046f,-0.9611330317164601f,0.7733711773930196f,-0.11109164793027165f,-0.6241439479301805f,3.2724151838598687f,0.04812163033236286f,-0.9713987910663232f,0.2325267670807847f,0.9196634432780703f,0f,0f,0f,1f], start_interpolation: 0, interpolation_duration: 1 }
$data merge entity $(bone_rightmidfinger) { transformation: [-0.6223686625553604f,-0.2372374612407689f,-0.7459059155504046f,-1.077680831021211f,0.7774808490212877f,-0.07725193633344365f,-0.6241439479301805f,3.174892691995778f,0.09044764935690772f,-0.968375198627458f,0.2325267670807847f,0.9559957506344429f,0f,0f,0f,1f], start_interpolation: 0, interpolation_duration: 1 }
$data merge entity $(bone_rightringfinger) { transformation: [-0.6191162253035298f,-0.245600213177477f,-0.7459059155504046f,-1.1942286303259615f,0.7784510005323336f,-0.06677104186949158f,-0.6241439479301805f,3.0773702001316874f,0.10348497154716685f,-0.9670688513517746f,0.2325267670807847f,0.9923280579908155f,0f,0f,0f,1f], start_interpolation: 0, interpolation_duration: 1 }
$data merge entity $(bone_hugeasssword) { transformation: [-2.404634676548852f,-1.0114608557343017f,-2.9214648359057516f,-0.9554018554386697f,3.0536550880647964f,-0.19893774882387405f,-2.4445637960598736f,2.9672314016935757f,0.4829083280008371f,-3.778577574589135f,0.9107298377330735f,0.7236486234400038f,0f,0f,0f,1f], start_interpolation: 0, interpolation_duration: 1 }
$data merge entity $(bone_ice) { transformation: [-0.6139492791188559f,-0.2582453248683323f,-0.7459059155504046f,-0.9417738147513699f,0.7796566182293097f,-0.050792616720989114f,-0.6241439479301805f,2.955842901670008f,0.12329574331936266f,-0.9647432105333961f,0.2325267670807847f,0.736796240115223f,0f,0f,0f,1f], start_interpolation: 0, interpolation_duration: 1 }
$data merge entity $(bone_righthand) { transformation: [-0.6139492791188559f,-0.2582453248683323f,-0.7459059155504046f,-1.1831320256091171f,0.7796566182293097f,-0.050792616720989114f,-0.6241439479301805f,3.11855440367427f,0.12329574331936266f,-0.9647432105333961f,0.2325267670807847f,0.5337008347829892f,0f,0f,0f,1f], start_interpolation: 0, interpolation_duration: 1 }
$data merge entity $(bone_rightforearm) { transformation: [-0.3070176736811911f,-0.5286849321853565f,-0.7913484634012727f,-1.5123448965773556f,0.9203882766816988f,0.04660671710846562f,-0.38821802388254045f,3.086747575983166f,0.242127173597436f,-0.847537643058134f,0.47228632777710217f,-0.09868187629520728f,0f,0f,0f,1f], start_interpolation: 0, interpolation_duration: 1 }
$data merge entity $(bone_rightelbow) { transformation: [-0.3070176736811911f,-0.5286849321853565f,-0.7913484634012727f,-1.61147332136211f,0.9203882766816988f,0.04660671710846562f,-0.38821802388254045f,3.095486335441003f,0.242127173597436f,-0.847537643058134f,0.47228632777710217f,-0.2575951843686074f,0f,0f,0f,1f], start_interpolation: 0, interpolation_duration: 1 }
$data merge entity $(bone_rightarm) { transformation: [-0.6590144290698604f,0.7497575503528758f,0.05969587897486153f,-0.9239590583210753f,0.7490319984319235f,0.6614259835046132f,-0.03829795908445455f,3.3472737117129174f,-0.06819858944879537f,0.01947521588610812f,-0.9974816631715012f,-0.023783792925067798f,0f,0f,0f,1f], start_interpolation: 0, interpolation_duration: 1 }
$data merge entity $(bone_chest) { transformation: [-1.0790268572285395f,-0.08581753502826933f,-0.04413052426930697f,-0.014271273078424927f,-0.0928575052585787f,1.0581909741362405f,0.2126510218288605f,3.3530212786388818f,0.026260925493309613f,0.21558832076292367f,-1.0613402615815386f,-0.2183473999470643f,0f,0f,0f,1f], start_interpolation: 0, interpolation_duration: 1 }
$data merge entity $(bone_chest1lid) { transformation: [-0.9960247912878827f,-0.07921618617994093f,-0.04073586855628336f,-0.2842599174322828f,-0.08571462023868803f,0.9767916684334529f,0.19629325091894817f,2.5793549961466034f,0.024240854301516568f,0.19900460378116033f,-0.9796987029983434f,0.037294591253698536f,0f,0f,0f,1f], start_interpolation: 0, interpolation_duration: 1 }
$data merge entity $(bone_chest1) { transformation: [-0.9960247912878827f,-0.07921618617994093f,-0.04073586855628336f,-0.271882388341667f,-0.08571462023868803f,0.9767916684334529f,0.19629325091894817f,2.4267312979538764f,0.024240854301516568f,0.19900460378116033f,-0.9796987029983434f,0.006200121912892237f,0f,0f,0f,1f], start_interpolation: 0, interpolation_duration: 1 }
$data merge entity $(bone_chest1lid3) { transformation: [-0.9960247912878827f,-0.07921618617994093f,-0.04073586855628336f,-0.2481047837706591f,-0.08571462023868803f,0.9767916684334529f,0.19629325091894817f,2.7104625237814726f,0.024240854301516568f,0.19900460378116033f,-0.9796987029983434f,-0.5918399437484599f,0f,0f,0f,1f], start_interpolation: 0, interpolation_duration: 1 }
$data merge entity $(bone_chest3) { transformation: [-0.9960247912878827f,-0.07921618617994093f,-0.04073586855628336f,-0.23572725468004332f,-0.08571462023868803f,0.9767916684334529f,0.19629325091894817f,2.5578388255887456f,0.024240854301516568f,0.19900460378116033f,-0.9796987029983434f,-0.6229344130892662f,0f,0f,0f,1f], start_interpolation: 0, interpolation_duration: 1 }
$data merge entity $(bone_hugeasssword2) { transformation: [0.15954881851210895f,2.6665795679115707f,-2.864293169402481f,-1.3441322541823804f,-0.7688152327658803f,2.832166470953776f,2.593845407199543f,4.43279249708626f,3.8371532534101784f,0.4565788722439512f,0.6388023333096914f,-0.21712843350516176f,0f,0f,0f,1f], start_interpolation: 0, interpolation_duration: 1 }
$data merge entity $(bone_belt) { transformation: [-0.9960247912878827f,-0.07921618617994093f,-0.04073586855628336f,0.05451676643028161f,-0.08571462023868803f,0.9767916684334529f,0.19629325091894817f,2.9409859082163368f,0.024240854301516568f,0.19900460378116033f,-0.9796987029983434f,-0.17014829856418295f,0f,0f,0f,1f], start_interpolation: 0, interpolation_duration: 1 }
$data merge entity $(bone_torn_part) { transformation: [-0.9410644534028629f,-0.055425622055752674f,0.3336550538524837f,-0.07524515707307233f,-0.0023505398676700734f,0.9875296819862536f,0.15741538094627056f,2.6275048172261073f,-0.33821911463413984f,0.1473537499212757f,-0.9294593605318291f,-0.09425082080033642f,0f,0f,0f,1f], start_interpolation: 0, interpolation_duration: 1 }
$data merge entity $(bone_lowerbody) { transformation: [-0.9410644534028629f,0.04747165446701628f,0.334879286555223f,-0.05361625000000002f,-0.0023505398676700734f,0.989159515059014f,-0.1468261854389292f,2.16539375f,-0.33821911463413984f,-0.13896005105921824f,-0.9307512743508429f,0.13751687499999998f,0f,0f,0f,1f], start_interpolation: 0, interpolation_duration: 1 }
$data merge entity $(bone_leftfoot) { transformation: [-0.969986697089935f,-0.24006289626837363f,0.03867315999241716f,0.5403823401089829f,-0.21051137980781873f,0.9086679125709843f,0.36056564400299984f,0.23712327535256283f,-0.12169949235706488f,0.34160273783904294f,-0.9319317588004513f,-0.15026392115083498f,0f,0f,0f,1f], start_interpolation: 0, interpolation_duration: 1 }
$data merge entity $(bone_leftlowerleg) { transformation: [-0.969986697089935f,-0.24006289626837363f,0.03867315999241716f,0.268120602723496f,-0.21051137980781873f,0.9086679125709843f,0.36056564400299984f,1.18977740713463f,-0.12169949235706488f,0.34160273783904294f,-0.9319317588004513f,0.37188885367759794f,0f,0f,0f,1f], start_interpolation: 0, interpolation_duration: 1 }
$data merge entity $(bone_leftleg) { transformation: [-0.9599806490617822f,-0.0003176599833842955f,0.28006615739688123f,0.2345732547042537f,-0.09104186433559204f,0.9460424416828495f,-0.31099047810672903f,2.137348137799621f,-0.2648556821463707f,-0.3240425861316491f,-0.908211357563807f,0.09376077884529595f,0f,0f,0f,1f], start_interpolation: 0, interpolation_duration: 1 }
$data merge entity $(bone_rightfoot) { transformation: [-0.9082689900300548f,-0.01408276471421882f,0.4181496352835771f,-0.42334334114058797f,0.12047475810260094f,0.948299335263606f,0.29362255260576126f,0.2261742853530173f,-0.4006660385032707f,0.31706473546676106f,-0.8596142618136859f,-0.23239073793189896f,0f,0f,0f,1f], start_interpolation: 0, interpolation_duration: 1 }
$data merge entity $(bone_rightlowerleg) { transformation: [-0.9082689900300548f,-0.01408276471421882f,0.4181496352835771f,-0.5032132703020917f,0.12047475810260094f,0.948299335263606f,0.29362255260576126f,1.2330800398018726f,-0.4006660385032707f,0.31706473546676106f,-0.8596142618136859f,0.2514289234918165f,0f,0f,0f,1f], start_interpolation: 0, interpolation_duration: 1 }
$data merge entity $(bone_rightleg) { transformation: [-0.8889867772667039f,0.23751538543155637f,0.3915213295955397f,-0.2581292873276859f,0.042371532880784366f,0.8939712371762332f,-0.4461166666948544f,2.1291104583390053f,-0.45596837943687785f,-0.380002458919537f,-0.804792500069933f,-0.0500056036405694f,0f,0f,0f,1f], start_interpolation: 0, interpolation_duration: 1 }
data modify entity @s data merge value {"locators":{"lefthand":{"posx":0.07611839186641928,"posy":4.412001539449175,"posz":-0.20906922653427318,"roty":177.34173905340987,"rotx":44.726222803986786},"righthand":{"posx":-0.9836416965372199,"posy":3.0394815934516806,"posz":0.7597960979803604,"roty":252.6857906751851,"rotx":-38.61938305591726},"chest":{"posx":-0.30406970106186354,"posy":2.484956114530968,"posz":0.17869225255778956,"roty":357.6190132209183,"rotx":11.320281617474379},"sack":{"posx":0,"posy":-0.4375,"posz":0,"roty":0,"rotx":0}},"cameras":{}}