# This file was generated by Animated Java via MC-Build. It is not recommended to edit this file directly.
$data merge entity $(bone_nose) { transformation: [-1f,4.5630364398371697e-17f,1.1364623914362672e-16f,5.720853448638038e-17f,0f,0.9279919665225241f,-0.37260020138166633f,4.222596652053277f,-1.2246467991473532e-16f,-0.37260020138166633f,-0.9279919665225241f,-0.46832736639638517f,0f,0f,0f,1f], start_interpolation: 0, interpolation_duration: 1 }
$data merge entity $(bone_glowing_eye) { transformation: [-1f,4.5630364398371697e-17f,1.1364623914362672e-16f,-0.12499999999999993f,0f,0.9279919665225241f,-0.37260020138166633f,4.298431365023919f,-1.2246467991473532e-16f,-0.37260020138166633f,-0.9279919665225241f,-0.4611725677397778f,0f,0f,0f,1f], start_interpolation: 0, interpolation_duration: 1 }
$data merge entity $(bone_head) { transformation: [-1f,4.5630364398371697e-17f,1.1364623914362672e-16f,7.285506619619803e-17f,0f,0.9279919665225241f,-0.37260020138166633f,4.038239853292247f,-1.2246467991473532e-16f,-0.37260020138166633f,-0.9279919665225241f,-0.5960909935965817f,0f,0f,0f,1f], start_interpolation: 0, interpolation_duration: 1 }
$data merge entity $(bone_leftthumb2) { transformation: [-0.06260926771002698f,0.9437385238913325f,0.324711684606857f,0.4108901286085057f,0.7010459987564812f,-0.18998511412578187f,0.6873428286074873f,4.386682054027356f,0.7103622929353317f,0.2706718584079671f,-0.6497092871751456f,-0.17970268843735215f,0f,0f,0f,1f], start_interpolation: 0, interpolation_duration: 1 }
$data merge entity $(bone_leftthumb) { transformation: [-0.06260926771002698f,0.9437385238913325f,0.324711684606857f,0.6700839723412163f,0.7010459987564812f,-0.18998511412578187f,0.6873428286074873f,4.398828229452088f,0.7103622929353317f,0.2706718584079671f,-0.6497092871751456f,-0.1688449766105063f,0f,0f,0f,1f], start_interpolation: 0, interpolation_duration: 1 }
$data merge entity $(bone_leftpointerfinger) { transformation: [-0.3063850693687611f,0.9436972714286017f,-0.12475435529917103f,0.6192403103412512f,-0.8108774257971808f,-0.1900943170908314f,0.553481662697427f,4.684081929719355f,0.4986040408986247f,0.27073900810186713f,0.8234648747163293f,-0.3113533751973915f,0f,0f,0f,1f], start_interpolation: 0, interpolation_duration: 1 }
$data merge entity $(bone_leftmidfinger) { transformation: [-0.3063850693687611f,0.9436972714286017f,-0.12475435529917103f,0.5997474423257557f,-0.8108774257971808f,-0.1900943170908314f,0.553481662697427f,4.770563439515827f,0.4986040408986247f,0.27073900810186713f,0.8234648747163293f,-0.18268698852296505f,0f,0f,0f,1f], start_interpolation: 0, interpolation_duration: 1 }
$data merge entity $(bone_leftringfinger) { transformation: [-0.3063850693687611f,0.9436972714286017f,-0.12475435529917103f,0.5802545743102603f,-0.8108774257971808f,-0.1900943170908314f,0.553481662697427f,4.857044949312301f,0.4986040408986247f,0.27073900810186713f,0.8234648747163293f,-0.0540206018485386f,0f,0f,0f,1f], start_interpolation: 0, interpolation_duration: 1 }
$data merge entity $(bone_invisibility) { transformation: [0.34971033432587956f,0.15582658644061426f,0.9238077489521003f,0.5167832882893221f,-0.6962787478259134f,-0.616512369820946f,0.3675709498637503f,4.542245291641787f,0.6268162309574153f,-0.7717710624375772f,-0.10710200648126593f,-0.2694912149510311f,0f,0f,0f,1f], start_interpolation: 0, interpolation_duration: 1 }
$data merge entity $(bone_swiftness) { transformation: [-0.12475435529917124f,0.36196076280439715f,0.9238077489521005f,0.39626145683449887f,0.5534816626974269f,-0.7473617904829978f,0.3675709498637504f,4.728084257831044f,0.8234648747163293f,0.557166725779732f,-0.10710200648126598f,-0.184963120609478f,0f,0f,0f,1f], start_interpolation: 0, interpolation_duration: 1 }
$data merge entity $(bone_suspicious_stew) { transformation: [0.2753243891502337f,0.2660370720691077f,0.9238077489521007f,0.4764249359142714f,-0.44342835225385535f,-0.817473481670012f,0.3675709498637503f,4.681055687326444f,0.852975836209023f,-0.5108437951577814f,-0.10710200648126614f,-0.1412087412126443f,0f,0f,0f,1f], start_interpolation: 0, interpolation_duration: 1 }
$data merge entity $(bone_log) { transformation: [-0.9238077489521005f,0.36196076280439715f,-0.12475435529917103f,0.42921519439591294f,-0.3675709498637503f,-0.7473617904829978f,0.553481662697427f,4.579120139905285f,0.10710200648126617f,0.557166725779732f,0.8234648747163293f,-0.02292217138023117f,0f,0f,0f,1f], start_interpolation: 0, interpolation_duration: 1 }
$data merge entity $(bone_planks) { transformation: [-0.9238077489521005f,0.36196076280439715f,-0.12475435529917103f,0.3426082179316535f,-0.3675709498637503f,-0.7473617904829978f,0.553481662697427f,4.5446603633555585f,0.10710200648126617f,0.557166725779732f,0.8234648747163293f,-0.012881358272612442f,0f,0f,0f,1f], start_interpolation: 0, interpolation_duration: 1 }
$data merge entity $(bone_lefthand1) { transformation: [-0.9238077489521005f,0.36196076280439715f,-0.12475435529917103f,0.7545558959381364f,-0.3675709498637503f,-0.7473617904829978f,0.553481662697427f,4.466876127791179f,0.10710200648126617f,0.557166725779732f,0.8234648747163293f,0.06386073110950002f,0f,0f,0f,1f], start_interpolation: 0, interpolation_duration: 1 }
$data merge entity $(bone_leftforearm) { transformation: [-0.9238077489521005f,0.3809110498188163f,0.038548866416278665f,0.964043667494731f,-0.3675709498637503f,-0.9105837746054185f,0.189020597400413f,3.8006952800708778f,0.10710200648126617f,0.16044924914525452f,0.9812161834460391f,0.16803898195349187f,0f,0f,0f,1f], start_interpolation: 0, interpolation_duration: 1 }
$data merge entity $(bone_leftelbow) { transformation: [-0.9238077489521005f,0.0000051622751701739814f,0.3828566872204321f,0.9640446354213255f,-0.3675709498637503f,-0.2797563385573471f,-0.8869205081929538f,3.7482409665913754f,0.10710200648126617f,-0.9600710343564887f,0.25844297088013246f,-0.011974336988349765f,0f,0f,0f,1f], start_interpolation: 0, interpolation_duration: 1 }
$data merge entity $(bone_leftarm) { transformation: [-0.9238077489521005f,0.0000051622751701739814f,0.3828566872204321f,0.7500000000000001f,-0.3675709498637503f,-0.2797563385573471f,-0.8869205081929538f,3.5556729179110365f,0.10710200648126617f,-0.9600710343564887f,0.25844297088013246f,-0.47665763308882125f,0f,0f,0f,1f], start_interpolation: 0, interpolation_duration: 1 }
$data merge entity $(bone_rightthumb2) { transformation: [0.2832381926185494f,0.9140729524542394f,-0.29025293079272696f,-1.418251937930467f,0.5894037665604019f,-0.4046527077070608f,-0.6991848011146666f,3.978403219485586f,-0.7565575498312003f,0.026959668709649165f,-0.6533711426566655f,0.35842578598928776f,0f,0f,0f,1f], start_interpolation: 0, interpolation_duration: 1 }
$data merge entity $(bone_rightthumb) { transformation: [0.2832381926185494f,0.9140729524542394f,-0.29025293079272696f,-1.2188866917214276f,0.5894037665604019f,-0.4046527077070608f,-0.6991848011146666f,3.8194145926744802f,-0.7565575498312003f,0.026959668709649165f,-0.6533711426566655f,0.3092019781192319f,0f,0f,0f,1f], start_interpolation: 0, interpolation_duration: 1 }
$data merge entity $(bone_rightpointerfinger) { transformation: [0.4592152908324476f,0.02409907407258144f,-0.8879980581592026f,-1.2148019839532527f,-0.23488559547638466f,-0.9607602655994747f,-0.1475414148059168f,4.103126953287278f,-0.8567088616930343f,0.27633122638252744f,-0.4355352794235545f,0.1059366749488124f,0f,0f,0f,1f], start_interpolation: 0, interpolation_duration: 1 }
$data merge entity $(bone_rightmidfinger) { transformation: [0.10295134834551778f,0.44773691599574145f,-0.8882188209717592f,-1.35358617473009f,0.8716188250183067f,-0.4708477515175895f,-0.13631954652410372f,4.0818270241428865f,-0.47925112806079734f,-0.7601539639740441f,-0.4387303355217196f,0.03738506002354372f,0f,0f,0f,1f], start_interpolation: 0, interpolation_duration: 1 }
$data merge entity $(bone_rightringfinger) { transformation: [0.10238349466489795f,0.4478671076242825f,-0.8882188209717592f,-1.4923703655069274f,0.8722152017478793f,-0.4697420814397725f,-0.13631954652410372f,4.060527094998496f,-0.4782867987516588f,-0.7607610865658742f,-0.4387303355217196f,-0.031166554901724958f,0f,0f,0f,1f], start_interpolation: 0, interpolation_duration: 1 }
$data merge entity $(bone_hugeasssword) { transformation: [1.7985932224270866f,0.053794349048358836f,-3.478857048806057f,-1.4588969507732779f,-0.9199685822825067f,-3.769465070217954f,-0.5339182238860729f,3.9508576287034796f,-3.3554430416310512f,1.0623168219486159f,-1.7183604807934019f,0.3268970714883839f,0f,0f,0f,1f], start_interpolation: 0, interpolation_duration: 1 }
$data merge entity $(bone_ice) { transformation: [0.4592152908324476f,0.013734727416602255f,-0.8882188209717592f,-1.466286794808419f,-0.23488559547638466f,-0.9624166136726691f,-0.13631954652410372f,3.9695654757214336f,-0.8567088616930343f,0.2712298268804976f,-0.4387303355217196f,0.33604518140732975f,0f,0f,0f,1f], start_interpolation: 0, interpolation_duration: 1 }
$data merge entity $(bone_righthand1) { transformation: [0.4592152908324476f,0.013734727416602255f,-0.8882188209717592f,-1.3758061284015242f,-0.23488559547638466f,-0.9624166136726691f,-0.13631954652410372f,3.6659799376052917f,-0.8567088616930343f,0.2712298268804976f,-0.4387303355217196f,0.17596509971914187f,0f,0f,0f,1f], start_interpolation: 0, interpolation_duration: 1 }
$data merge entity $(bone_rightforearm) { transformation: [-0.9032334533235483f,0.2689076721899248f,-0.3344517792367286f,-1.1250525215096876f,-0.07913454946367776f,-0.8703361276681474f,-0.48605837916529676f,3.0665654193545633f,-0.4217902937223641f,-0.4125574974630935f,0.8073965936320213f,-0.10036806910244828f,0f,0f,0f,1f], start_interpolation: 0, interpolation_duration: 1 }
$data merge entity $(bone_rightelbow) { transformation: [-0.9032334533235483f,0.2731825339173904f,0.3309692311374145f,-1.073830796400177f,-0.07913454946367776f,0.6519725600600775f,-0.7541017862396888f,3.188810274365828f,-0.4217902937223641f,-0.7073210615351295f,-0.5672652501523596f,-0.23299076814028508f,0f,0f,0f,1f], start_interpolation: 0, interpolation_duration: 1 }
$data merge entity $(bone_rightarm) { transformation: [-0.9032334533235483f,0.2731825339173904f,0.3309692311374145f,-0.7499999999999999f,-0.07913454946367776f,0.6519725600600775f,-0.7541017862396888f,3.5556729179110365f,-0.4217902937223641f,-0.7073210615351295f,-0.5672652501523596f,-0.4766576330888215f,0f,0f,0f,1f], start_interpolation: 0, interpolation_duration: 1 }
$data merge entity $(bone_chest1) { transformation: [-1.0833333333333333f,2.4464167380148716e-17f,1.3039498442689995e-16f,-0.0023231249999999324f,0f,1.0647558505659427f,-0.19976508653092157f,3.3778245672592764f,-1.3267006990762992e-16f,-0.19976508653092157f,-1.0647558505659427f,-0.5552802879583298f,0f,0f,0f,1f], start_interpolation: 0, interpolation_duration: 1 }
$data merge entity $(bone_chest1lid) { transformation: [-1f,2.258230835090651e-17f,1.2036460100944612e-16f,-0.34375f,0f,0.9828515543685626f,-0.18439854141315837f,2.7782540086850127f,-1.2246467991473532e-16f,-0.18439854141315837f,-0.9828515543685626f,-0.04464436410531069f,0f,0f,0f,1f], start_interpolation: 0, interpolation_duration: 1 }
$data merge entity $(bone_chest2) { transformation: [-1f,2.258230835090651e-17f,1.2036460100944612e-16f,-0.34375f,0f,0.9828515543685626f,-0.18439854141315837f,2.624683453314925f,-1.2246467991473532e-16f,-0.18439854141315837f,-0.9828515543685626f,-0.015832092009504695f,0f,0f,0f,1f], start_interpolation: 0, interpolation_duration: 1 }
$data merge entity $(bone_chest1lid3) { transformation: [-1f,2.258230835090651e-17f,1.2036460100944612e-16f,-0.2812499999999999f,0f,0.9828515543685626f,-0.18439854141315837f,2.660123693092208f,-1.2246467991473532e-16f,-0.18439854141315837f,-0.9828515543685626f,-0.6742836411226711f,0f,0f,0f,1f], start_interpolation: 0, interpolation_duration: 1 }
$data merge entity $(bone_chest3) { transformation: [-1f,2.258230835090651e-17f,1.2036460100944612e-16f,-0.2812499999999999f,0f,0.9828515543685626f,-0.18439854141315837f,2.50655313772212f,-1.2246467991473532e-16f,-0.18439854141315837f,-0.9828515543685626f,-0.6454713690268652f,0f,0f,0f,1f], start_interpolation: 0, interpolation_duration: 1 }
$data merge entity $(bone_hugeasssword2) { transformation: [-1.3411027232433702e-15f,2.887669569172986f,-2.646061646494669f,-1.234375f,0.7222276205348706f,2.600685802212324f,2.8381505245644667f,4.469375019249664f,3.849501921276871f,-0.4879299081029167f,-0.5324820566386632f,-1.0296255073901908f,0f,0f,0f,1f], start_interpolation: 0, interpolation_duration: 1 }
$data merge entity $(bone_belt) { transformation: [-1f,2.258230835090651e-17f,1.2036460100944612e-16f,0.02970562500000004f,0f,0.9828515543685626f,-0.18439854141315837f,3.010463537674983f,-1.2246467991473532e-16f,-0.18439854141315837f,-0.9828515543685626f,-0.35317109136149566f,0f,0f,0f,1f], start_interpolation: 0, interpolation_duration: 1 }
$data merge entity $(bone_torn_part) { transformation: [-1f,-2.3334263402602924e-17f,1.2022108790922052e-16f,-0.09374999999999997f,0f,0.9816796809735109f,0.1905387203792076f,2.722229228311135f,-1.2246467991473532e-16f,0.1905387203792076f,-0.9816796809735109f,-0.3148525973008715f,0f,0f,0f,1f], start_interpolation: 0, interpolation_duration: 1 }
$data merge entity $(bone_lowerbody) { transformation: [-1f,1.3896895816729244e-17f,1.2167363770873932e-16f,0.003906250000000015f,0f,0.9935406501976998f,-0.11347676592471236f,2.253059627914952f,-1.2246467991473532e-16f,-0.11347676592471236f,-0.9935406501976998f,-0.11972736625514402f,0f,0f,0f,1f], start_interpolation: 0, interpolation_duration: 1 }
$data merge entity $(bone_leftfoot) { transformation: [-1f,-3.0814879110195774e-33f,1.2246467991473532e-16f,0.28125f,0f,0.9999999999999999f,0f,0.13592122968390408f,-1.2246467991473532e-16f,0f,-0.9999999999999999f,-0.264179228906673f,0f,0f,0f,1f], start_interpolation: 0, interpolation_duration: 1 }
$data merge entity $(bone_leftlowerleg) { transformation: [-1f,-6.081351992266332e-18f,1.2231359280376297e-16f,0.28125f,0f,0.9987662801137638f,0.04965800748836646f,1.2362978360883061f,-1.2246467991473532e-16f,0.04965800748836646f,-0.9987662801137638f,-0.05563380751226213f,0f,0f,0f,1f], start_interpolation: 0, interpolation_duration: 1 }
$data merge entity $(bone_leftleg) { transformation: [-1f,3.01074293569519e-17f,1.187061098854424e-16f,0.25000000000000006f,0f,0.9693089466129354f,-0.24584581756890125f,2.272590877914952f,-1.2246467991473532e-16f,-0.24584581756890125f,-0.9693089466129354f,-0.29160236625514396f,0f,0f,0f,1f], start_interpolation: 0, interpolation_duration: 1 }
$data merge entity $(bone_rightfoot) { transformation: [-1f,-7.327390819986057e-17f,9.81250844776043e-17f,-0.2812499999999999f,0f,0.8012521205781357f,0.5983268665779939f,0.48308996320790165f,-1.2246467991473532e-16f,0.5983268665779939f,-0.8012521205781357f,-0.9949128039542813f,0f,0f,0f,1f], start_interpolation: 0, interpolation_duration: 1 }
$data merge entity $(bone_rightlowerleg) { transformation: [-1f,-8.228282698971054e-17f,9.070355124911007e-17f,-0.28125f,0f,0.7406507028170196f,0.6718902711132635f,1.201516336008916f,-1.2246467991473532e-16f,0.6718902711132635f,-0.7406507028170196f,-0.1357367942969944f,0f,0f,0f,1f], start_interpolation: 0, interpolation_duration: 1 }
$data merge entity $(bone_rightleg) { transformation: [-1f,2.3619088101890224e-17f,1.201654547024798e-16f,-0.24999999999999997f,0f,0.9812254013658768f,-0.19286449054808907f,2.249090877914952f,-1.2246467991473532e-16f,-0.19286449054808907f,-0.9812254013658768f,-0.31510236625514404f,0f,0f,0f,1f], start_interpolation: 0, interpolation_duration: 1 }
data modify entity @s data merge value {"locators":{"lefthand":{"posx":0.48949327306762835,"posy":4.663319405356849,"posz":-0.08935827360683407,"roty":188.6147605572308,"rotx":33.60619903291279},"righthand":{"posx":-1.409571547331078,"posy":3.9647127036485967,"posz":0.2583459210711269,"roty":296.28679158394266,"rotx":-7.834929789412099},"chest":{"posx":-0.375,"posy":2.7456380586327835,"posz":0.12045110010309962,"roty":0,"rotx":-10.626068079927025},"sack":{"posx":0,"posy":-0.4375,"posz":0,"roty":0,"rotx":0}},"cameras":{}}