# This file was generated by Animated Java via MC-Build. It is not recommended to edit this file directly.
$data merge entity $(bone_nose) { transformation: [-1f,-5.341834311772723e-18f,1.223481206754078e-16f,-2.2439711076184167e-17f,0f,0.9990482215818578f,0.043619387365336f,4.274070570631624f,-1.2246467991473532e-16f,0.043619387365336f,-0.9990482215818578f,0.1814892251700779f,0f,0f,0f,1f], start_interpolation: 0, interpolation_duration: 1 }
$data merge entity $(bone_glowing_eye) { transformation: [-1f,-5.341834311772723e-18f,1.223481206754078e-16f,-0.12500000000000003f,0f,0.9990482215818578f,0.043619387365336f,4.340192126715285f,-1.2246467991473532e-16f,0.043619387365336f,-0.9990482215818578f,0.21930502419947087f,0f,0f,0f,1f], start_interpolation: 0, interpolation_duration: 1 }
$data merge entity $(bone_head) { transformation: [-1f,-5.341834311772723e-18f,1.223481206754078e-16f,1.1301792684747881e-18f,0f,0.9990482215818578f,0.043619387365336f,4.158879166637485f,-1.2246467991473532e-16f,0.043619387365336f,-0.9990482215818578f,-0.01097353520351907f,0f,0f,0f,1f], start_interpolation: 0, interpolation_duration: 1 }
$data merge entity $(bone_leftthumb2) { transformation: [-1f,-5.341834311772723e-18f,1.223481206754078e-16f,0.953125f,0f,0.9990482215818578f,0.043619387365336f,1.9069916288265265f,-1.2246467991473532e-16f,0.043619387365336f,-0.9990482215818578f,0.17671227028058356f,0f,0f,0f,1f], start_interpolation: 0, interpolation_duration: 1 }
$data merge entity $(bone_leftthumb) { transformation: [-1f,-5.341834311772723e-18f,1.223481206754078e-16f,0.953125f,0f,0.9990482215818578f,0.043619387365336f,2.1557283161035885f,-1.2246467991473532e-16f,0.043619387365336f,-0.9990482215818578f,0.10203343449069535f,0f,0f,0f,1f], start_interpolation: 0, interpolation_duration: 1 }
$data merge entity $(bone_leftpointerfinger) { transformation: [-1f,-5.341834311772723e-18f,1.223481206754078e-16f,1.0625f,0f,0.9990482215818578f,0.043619387365336f,1.8299602771797916f,-1.2246467991473532e-16f,0.043619387365336f,-0.9990482215818578f,0.04089043762479491f,0f,0f,0f,1f], start_interpolation: 0, interpolation_duration: 1 }
$data merge entity $(bone_leftmidfinger) { transformation: [-1f,-5.341834311772723e-18f,1.223481206754078e-16f,1.0625f,0f,0.9990482215818578f,0.043619387365336f,1.8367758064556252f,-1.2246467991473532e-16f,0.043619387365336f,-0.9990482215818578f,-0.11521084699737036f,0f,0f,0f,1f], start_interpolation: 0, interpolation_duration: 1 }
$data merge entity $(bone_leftringfinger) { transformation: [-1f,-5.341834311772723e-18f,1.223481206754078e-16f,1.0625f,0f,0.9990482215818578f,0.043619387365336f,1.843591335731459f,-1.2246467991473532e-16f,0.043619387365336f,-0.9990482215818578f,-0.2713121316195356f,0f,0f,0f,1f], start_interpolation: 0, interpolation_duration: 1 }
$data merge entity $(bone_invisibility) { transformation: [-2.167027706132586e-16f,-6.683696944414994e-17f,0.9999999999999998f,0.875f,0.9990482215818576f,0.04361938736533609f,6.514376655015763e-17f,1.9378680705601405f,-0.043619387365335924f,0.9990482215818576f,-9.694722533881148e-17f,0.07688156504231157f,0f,0f,0f,1f], start_interpolation: 0, interpolation_duration: 1 }
$data merge entity $(bone_swiftness) { transformation: [-9.969648424962352e-17f,-5.341834311772723e-18f,1f,0.822916875f,0.043619387365336f,0.9990482215818578f,9.685449634607934e-18f,1.8107587175502184f,-0.9990482215818578f,0.043619387365336f,-9.936858774746343e-17f,-0.11634677763071508f,0f,0f,0f,1f], start_interpolation: 0, interpolation_duration: 1 }
$data merge entity $(bone_suspicious_stew) { transformation: [4.6865204053263004e-17f,-2.120308766254409e-18f,1.0000000000000002f,0.875f,0.923879532511287f,0.3826834323650897f,1.1091663383109938e-16f,1.8992163203044916f,-0.3826834323650899f,0.923879532511287f,1.2730740473203932e-16f,-0.1124846352870369f,0f,0f,0f,1f], start_interpolation: 0, interpolation_duration: 1 }
$data merge entity $(bone_log) { transformation: [-1f,-5.341834311772723e-18f,1.223481206754078e-16f,0.78125f,0f,0.9990482215818578f,0.043619387365336f,2.026142006784974f,-1.2246467991473532e-16f,0.043619387365336f,-0.9990482215818578f,-0.15386259725301948f,0f,0f,0f,1f], start_interpolation: 0, interpolation_duration: 1 }
$data merge entity $(bone_planks) { transformation: [-1f,-5.341834311772723e-18f,1.223481206754078e-16f,0.6875f,0f,0.9990482215818578f,0.043619387365336f,2.026142006784974f,-1.2246467991473532e-16f,0.043619387365336f,-0.9990482215818578f,-0.15386259725301948f,0f,0f,0f,1f], start_interpolation: 0, interpolation_duration: 1 }
$data merge entity $(bone_lefthand1) { transformation: [-1f,-5.341834311772723e-18f,1.223481206754078e-16f,1.03125f,0f,0.9990482215818578f,0.043619387365336f,2.2745409563252714f,-1.2246467991473532e-16f,0.043619387365336f,-0.9990482215818578f,-0.1117374934872524f,0f,0f,0f,1f], start_interpolation: 0, interpolation_duration: 1 }
$data merge entity $(bone_leftforearm) { transformation: [-1f,-5.341834311772723e-18f,1.223481206754078e-16f,0.96875f,0f,0.9990482215818578f,0.043619387365336f,2.9763151841974316f,-1.2246467991473532e-16f,0.043619387365336f,-0.9990482215818578f,-0.06545748328378401f,0f,0f,0f,1f], start_interpolation: 0, interpolation_duration: 1 }
$data merge entity $(bone_leftelbow) { transformation: [-1f,-5.341834311772723e-18f,1.223481206754078e-16f,0.96875f,0f,0.9990482215818578f,0.043619387365336f,3.16363672574403f,-1.2246467991473532e-16f,0.043619387365336f,-0.9990482215818578f,-0.0572788481527835f,0f,0f,0f,1f], start_interpolation: 0, interpolation_duration: 1 }
$data merge entity $(bone_leftarm) { transformation: [-1f,-5.341834311772723e-18f,1.223481206754078e-16f,0.75f,0f,0.9990482215818578f,0.043619387365336f,3.661797730679792f,-1.2246467991473532e-16f,0.043619387365336f,-0.9990482215818578f,-0.004248897545682473f,0f,0f,0f,1f], start_interpolation: 0, interpolation_duration: 1 }
$data merge entity $(bone_rightthumb2) { transformation: [-1f,-5.341834311772723e-18f,1.223481206754078e-16f,-0.953125f,0f,0.9990482215818578f,0.043619387365336f,1.9069916288265265f,-1.2246467991473532e-16f,0.043619387365336f,-0.9990482215818578f,0.17671227028058334f,0f,0f,0f,1f], start_interpolation: 0, interpolation_duration: 1 }
$data merge entity $(bone_rightthumb) { transformation: [-1f,-5.341834311772723e-18f,1.223481206754078e-16f,-0.953125f,0f,0.9990482215818578f,0.043619387365336f,2.1557283161035885f,-1.2246467991473532e-16f,0.043619387365336f,-0.9990482215818578f,0.10203343449069513f,0f,0f,0f,1f], start_interpolation: 0, interpolation_duration: 1 }
$data merge entity $(bone_rightpointerfinger) { transformation: [-1f,-5.341834311772723e-18f,1.223481206754078e-16f,-1.0625f,0f,0.9990482215818578f,0.043619387365336f,1.8299602771797916f,-1.2246467991473532e-16f,0.043619387365336f,-0.9990482215818578f,0.04089043762479465f,0f,0f,0f,1f], start_interpolation: 0, interpolation_duration: 1 }
$data merge entity $(bone_rightmidfinger) { transformation: [-1f,-5.341834311772723e-18f,1.223481206754078e-16f,-1.0625f,0f,0.9990482215818578f,0.043619387365336f,1.8367758064556252f,-1.2246467991473532e-16f,0.043619387365336f,-0.9990482215818578f,-0.11521084699737062f,0f,0f,0f,1f], start_interpolation: 0, interpolation_duration: 1 }
$data merge entity $(bone_rightringfinger) { transformation: [-1f,-5.341834311772723e-18f,1.223481206754078e-16f,-1.0625f,0f,0.9990482215818578f,0.043619387365336f,1.843591335731459f,-1.2246467991473532e-16f,0.043619387365336f,-0.9990482215818578f,-0.2713121316195359f,0f,0f,0f,1f], start_interpolation: 0, interpolation_duration: 1 }
$data merge entity $(bone_hugeasssword) { transformation: [-3.916666666666667f,-2.09221843877765e-17f,4.791968059786805e-16f,-0.796875f,0f,3.9129388678622767f,0.17084260051423267f,2.039025923536857f,-4.796533296660467e-16f,0.17084260051423267f,-3.9129388678622767f,-0.09074053047657019f,0f,0f,0f,1f], start_interpolation: 0, interpolation_duration: 1 }
$data merge entity $(bone_ice) { transformation: [-1f,-5.341834311772723e-18f,1.223481206754078e-16f,-0.78125f,0f,0.9990482215818578f,0.043619387365336f,2.0234157950746403f,-1.2246467991473532e-16f,0.043619387365336f,-0.9990482215818578f,-0.09142208340415356f,0f,0f,0f,1f], start_interpolation: 0, interpolation_duration: 1 }
$data merge entity $(bone_righthand1) { transformation: [-1f,-5.341834311772723e-18f,1.223481206754078e-16f,-1.03125f,0f,0.9990482215818578f,0.043619387365336f,2.2745409563252714f,-1.2246467991473532e-16f,0.043619387365336f,-0.9990482215818578f,-0.11173749348725265f,0f,0f,0f,1f], start_interpolation: 0, interpolation_duration: 1 }
$data merge entity $(bone_rightforearm) { transformation: [-1f,-5.341834311772723e-18f,1.223481206754078e-16f,-0.96875f,0f,0.9990482215818578f,0.043619387365336f,2.9763151841974316f,-1.2246467991473532e-16f,0.043619387365336f,-0.9990482215818578f,-0.06545748328378424f,0f,0f,0f,1f], start_interpolation: 0, interpolation_duration: 1 }
$data merge entity $(bone_rightelbow) { transformation: [-1f,-5.341834311772723e-18f,1.223481206754078e-16f,-0.96875f,0f,0.9990482215818578f,0.043619387365336f,3.16363672574403f,-1.2246467991473532e-16f,0.043619387365336f,-0.9990482215818578f,-0.05727884815278374f,0f,0f,0f,1f], start_interpolation: 0, interpolation_duration: 1 }
$data merge entity $(bone_rightarm) { transformation: [-1f,-5.341834311772723e-18f,1.223481206754078e-16f,-0.75f,0f,0.9990482215818578f,0.043619387365336f,3.661797730679792f,-1.2246467991473532e-16f,0.043619387365336f,-0.9990482215818578f,-0.004248897545682657f,0f,0f,0f,1f], start_interpolation: 0, interpolation_duration: 1 }
$data merge entity $(bone_chest1) { transformation: [-1.0833333333333333f,-5.7869871710871165e-18f,1.3254379739835844e-16f,-0.002323124999999986f,0f,1.0823022400470126f,0.04725433631244733f,3.5064508350602677f,-1.3267006990762992e-16f,0.04725433631244733f,-1.0823022400470126f,-0.12120572594683963f,0f,0f,0f,1f], start_interpolation: 0, interpolation_duration: 1 }
$data merge entity $(bone_chest1lid) { transformation: [-1f,-5.341834311772723e-18f,1.223481206754078e-16f,-0.34375000000000006f,0f,0.9990482215818578f,0.043619387365336f,2.8065828410235993f,-1.2246467991473532e-16f,0.043619387365336f,-0.9990482215818578f,0.2399295566847127f,0f,0f,0f,1f], start_interpolation: 0, interpolation_duration: 1 }
$data merge entity $(bone_chest2) { transformation: [-1f,-5.341834311772723e-18f,1.223481206754078e-16f,-0.34375000000000006f,0f,0.9990482215818578f,0.043619387365336f,2.650481556401434f,-1.2246467991473532e-16f,0.043619387365336f,-0.9990482215818578f,0.23311402740887893f,0f,0f,0f,1f], start_interpolation: 0, interpolation_duration: 1 }
$data merge entity $(bone_chest1lid3) { transformation: [-1f,-5.341834311772723e-18f,1.223481206754078e-16f,-0.28124999999999994f,0f,0.9990482215818578f,0.043619387365336f,2.8345265110545177f,-1.2246467991473532e-16f,0.043619387365336f,-0.9990482215818578f,-0.400085710266165f,0f,0f,0f,1f], start_interpolation: 0, interpolation_duration: 1 }
$data merge entity $(bone_chest3) { transformation: [-1f,-5.341834311772723e-18f,1.223481206754078e-16f,-0.28124999999999994f,0f,0.9990482215818578f,0.043619387365336f,2.6784252264323523f,-1.2246467991473532e-16f,0.043619387365336f,-0.9990482215818578f,-0.40690123954199875f,0f,0f,0f,1f], start_interpolation: 0, interpolation_duration: 1 }
$data merge entity $(bone_hugeasssword2) { transformation: [-1.3488715086017199e-15f,2.887669569172986f,-2.646061646494669f,-1.234375f,-0.17084260051423247f,2.643543182126462f,2.884921147598321f,4.6772032225236515f,3.9129388678622767f,0.11541958795101033f,0.1259583775208482f,-0.3352725932735434f,0f,0f,0f,1f], start_interpolation: 0, interpolation_duration: 1 }
$data merge entity $(bone_belt) { transformation: [-1f,-5.341834311772723e-18f,1.223481206754078e-16f,0.029705625f,0f,0.9990482215818578f,0.043619387365336f,3.102790070102975f,-1.2246467991473532e-16f,0.043619387365336f,-0.9990482215818578f,-0.007802726690454773f,0f,0f,0f,1f], start_interpolation: 0, interpolation_duration: 1 }
$data merge entity $(bone_torn_part) { transformation: [-1f,-4.188538737676992e-17f,1.1507915602278505e-16f,-0.09375f,0f,0.9396926207859084f,0.34202014332566866f,2.8181692407925167f,-1.2246467991473532e-16f,0.34202014332566866f,-0.9396926207859084f,-0.025442627172968302f,0f,0f,0f,1f], start_interpolation: 0, interpolation_duration: 1 }
$data merge entity $(bone_lowerbody) { transformation: [-1f,-5.341834311772723e-18f,1.223481206754078e-16f,0.0039062499999999883f,0f,0.9990482215818578f,0.043619387365336f,2.32421875f,-1.2246467991473532e-16f,0.043619387365336f,-0.9990482215818578f,0.09375f,0f,0f,0f,1f], start_interpolation: 0, interpolation_duration: 1 }
$data merge entity $(bone_rightfoot) { transformation: [-1f,0f,1.2246467991473532e-16f,-0.28125f,0f,1f,0f,0.171875f,-1.2246467991473532e-16f,0f,-1f,-0.25781250000000006f,0f,0f,0f,1f], start_interpolation: 0, interpolation_duration: 1 }
$data merge entity $(bone_rightlowerleg) { transformation: [-1f,0f,1.2246467991473532e-16f,-0.28125f,0f,1f,0f,1.28125f,-1.2246467991473532e-16f,0f,-1f,-0.10416687500000003f,0f,0f,0f,1f], start_interpolation: 0, interpolation_duration: 1 }
$data merge entity $(bone_rightleg) { transformation: [-1f,0f,1.2246467991473532e-16f,-0.25f,0f,1f,0f,2.34375f,-1.2246467991473532e-16f,0f,-1f,-0.07812500000000003f,0f,0f,0f,1f], start_interpolation: 0, interpolation_duration: 1 }
execute on vehicle unless entity @s[tag=aj.transforms_only] as @n[tag=wander.ai] at @s rotated as @s positioned ^-0.375 ^2.7373267979 ^0.3933046296 rotated ~0 ~2.5 run function animated_java:wander/animations/drink_potion_slow/zzz/frames/zzz/3
data modify entity @s data merge value {"locators":{"lefthand":{"posx":0.875,"posy":1.9474098115463077,"posz":-0.1416602334287198,"roty":0,"rotx":2.5},"righthand":{"posx":-0.875,"posy":2.0071241136848403,"posz":-0.07649350786952042,"roty":0,"rotx":2.5},"chest":{"posx":-0.37500000000000006,"posy":2.7373267978988993,"posz":0.39330462959654444,"roty":0,"rotx":2.5},"sack":{"posx":0,"posy":-0.4375,"posz":0,"roty":0,"rotx":0}},"cameras":{}}