# This file was generated by Animated Java via MC-Build. It is not recommended to edit this file directly.
$data merge entity $(bone_nose) { transformation: [-0.9969431399716651f,-0.04181024794811708f,-0.06600211231433112f,-0.027601390712668268f,-0.05587498996869383f,0.9719990208409561f,0.22824523868028612f,3.5099105667252037f,0.054610998520764786f,0.23123539229698245f,-0.9713639030712565f,0.6001638946660245f,0f,0f,0f,1f], start_interpolation: 0, interpolation_duration: 1 }
$data merge entity $(bone_glowing_eye) { transformation: [-0.9969431399716651f,-0.04181024794811708f,-0.06600211231433112f,-0.15274699174294973f,-0.05587498996869383f,0.9719990208409561f,0.22824523868028612f,3.5607736639250716f,0.054610998520764786f,0.23123539229698245f,-0.9713639030712565f,0.6565431348272992f,0f,0f,0f,1f], start_interpolation: 0, interpolation_duration: 1 }
$data merge entity $(bone_head) { transformation: [-0.9969431399716651f,-0.04181024794811708f,-0.06600211231433112f,-0.034798017494479694f,-0.05587498996869383f,0.9719990208409561f,0.22824523868028612f,3.43263122729778f,0.054610998520764786f,0.23123539229698245f,-0.9713639030712565f,0.38971892336618597f,0f,0f,0f,1f], start_interpolation: 0, interpolation_duration: 1 }
$data merge entity $(bone_leftthumb2) { transformation: [-0.22123853195027549f,0.3848765762001557f,0.8960600052858804f,0.06472459323021251f,-0.9608784801548672f,-0.24302541737853878f,-0.13285779195538097f,2.6069465772972746f,0.16663150469151705f,-0.8903980388570228f,0.42358620615384535f,2.627245322635016f,0f,0f,0f,1f], start_interpolation: 0, interpolation_duration: 1 }
$data merge entity $(bone_leftthumb) { transformation: [-0.22123853195027549f,0.3848765762001557f,0.8960600052858804f,0.23568773487069733f,-0.9608784801548672f,-0.24302541737853878f,-0.13285779195538097f,2.5359927216197913f,0.16663150469151705f,-0.8903980388570228f,0.42358620615384535f,2.4450804998030145f,0f,0f,0f,1f], start_interpolation: 0, interpolation_duration: 1 }
$data merge entity $(bone_leftpointerfinger) { transformation: [-0.22123853195027549f,0.3848765762001557f,0.8960600052858804f,0.1756008854848583f,-0.9608784801548672f,-0.24302541737853878f,-0.13285779195538097f,2.714603811466154f,0.16663150469151705f,-0.8903980388570228f,0.42358620615384535f,2.7388726388908013f,0f,0f,0f,1f], start_interpolation: 0, interpolation_duration: 1 }
$data merge entity $(bone_leftmidfinger) { transformation: [-0.22123853195027549f,0.3848765762001557f,0.8960600052858804f,0.3156102613107771f,-0.9608784801548672f,-0.24302541737853878f,-0.13285779195538097f,2.693844781473126f,0.16663150469151705f,-0.8903980388570228f,0.42358620615384535f,2.8050579836023397f,0f,0f,0f,1f], start_interpolation: 0, interpolation_duration: 1 }
$data merge entity $(bone_leftringfinger) { transformation: [-0.22123853195027549f,0.3848765762001557f,0.8960600052858804f,0.4556196371366959f,-0.9608784801548672f,-0.24302541737853878f,-0.13285779195538097f,2.6730857514800976f,0.16663150469151705f,-0.8903980388570228f,0.42358620615384535f,2.871243328313878f,0f,0f,0f,1f], start_interpolation: 0, interpolation_duration: 1 }
$data merge entity $(bone_invisibility) { transformation: [0.46150877993746f,-0.859106022572955f,0.22123853195027565f,0.14821266110088988f,-0.2536799518317191f,0.11117116718794051f,0.960878480154867f,2.512009997409945f,-0.850091835085653f,-0.4995776351728999f,-0.166631504691517f,2.659491691578167f,0f,0f,0f,1f], start_interpolation: 0, interpolation_duration: 1 }
$data merge entity $(bone_swiftness) { transformation: [0.8960600052858804f,0.3848765762001557f,0.22123853195027568f,0.2525823347678853f,-0.1328577919553812f,-0.24302541737853878f,0.9608784801548672f,2.4699633499935674f,0.4235862061538454f,-0.8903980388570228f,-0.16663150469151697f,2.868167714647946f,0f,0f,0f,1f], start_interpolation: 0, interpolation_duration: 1 }
$data merge entity $(bone_suspicious_stew) { transformation: [0.7275079599074865f,-0.6494502908242736f,0.2212385319502756f,0.29818282258261014f,-0.2764039573128923f,0.017703071966331085f,0.9608784801548674f,2.49849097785793f,-0.6279594100362058f,-0.7601979485576245f,-0.1666315046915172f,2.7806515133034355f,0f,0f,0f,1f], start_interpolation: 0, interpolation_duration: 1 }
$data merge entity $(bone_log) { transformation: [-0.22123853195027549f,0.3848765762001557f,0.8960600052858804f,0.3675540949850669f,-0.9608784801548672f,-0.24302541737853878f,-0.13285779195538097f,2.3718027341731855f,0.16663150469151705f,-0.8903980388570228f,0.42358620615384535f,2.704829065424599f,0f,0f,0f,1f], start_interpolation: 0, interpolation_duration: 1 }
$data merge entity $(bone_planks) { transformation: [-0.22123853195027549f,0.3848765762001557f,0.8960600052858804f,0.3468129826147286f,-0.9608784801548672f,-0.24302541737853878f,-0.13285779195538097f,2.2817203766586664f,0.16663150469151705f,-0.8903980388570228f,0.42358620615384535f,2.7204507689894286f,0f,0f,0f,1f], start_interpolation: 0, interpolation_duration: 1 }
$data merge entity $(bone_lefthand) { transformation: [-0.22123853195027549f,0.3848765762001557f,0.8960600052858804f,0.49108099685749096f,-0.9608784801548672f,-0.24302541737853878f,-0.13285779195538097f,2.555417805865873f,0.16663150469151705f,-0.8903980388570228f,0.42358620615384535f,2.4273346105951563f,0f,0f,0f,1f], start_interpolation: 0, interpolation_duration: 1 }
$data merge entity $(bone_leftforearm) { transformation: [0.27625713051465445f,0.36828760484202916f,0.8877196843370827f,0.7722327807922147f,-0.8652278199547281f,0.497418493447915f,0.06289405339453921f,2.828983118015001f,-0.418405087703529f,-0.7854546979270844f,0.45606808711866065f,1.8168290477227016f,0f,0f,0f,1f], start_interpolation: 0, interpolation_duration: 1 }
$data merge entity $(bone_leftelbow) { transformation: [0.27625713051465445f,0.36828760484202916f,0.8877196843370827f,0.8412867067000952f,-0.8652278199547281f,0.497418493447915f,0.06289405339453921f,2.922249085536485f,-0.418405087703529f,-0.7854546979270844f,0.45606808711866065f,1.6695562918613733f,0f,0f,0f,1f], start_interpolation: 0, interpolation_duration: 1 }
$data merge entity $(bone_leftarm) { transformation: [0.04137817593699131f,-0.5045233874192349f,0.8624059358000429f,0.3919075684040041f,-0.9445435425476459f,0.26167448148426786f,0.19840353316280096f,2.7885377067643984f,-0.32576884870667194f,-0.8227895340164214f,-0.4657166949180257f,1.2152690104038149f,0f,0f,0f,1f], start_interpolation: 0, interpolation_duration: 1 }
$data merge entity $(bone_rightthumb2) { transformation: [-0.29899956494592195f,0.5842767986916568f,0.7544666213112267f,-1.063583985207274f,0.6956038073472272f,0.6746938429546477f,-0.24682698694253602f,1.6463148248891513f,-0.6532492658749727f,0.4510086925877569f,-0.6081583312296979f,-0.6254077749712648f,0f,0f,0f,1f], start_interpolation: 0, interpolation_duration: 1 }
$data merge entity $(bone_rightthumb) { transformation: [-0.29899956494592195f,0.5842767986916568f,0.7544666213112267f,-0.8558196511134311f,0.6956038073472272f,0.6746938429546477f,-0.24682698694253602f,1.7906852124333148f,-0.6532492658749727f,0.4510086925877569f,-0.6081583312296979f,-0.5667729662703737f,0f,0f,0f,1f], start_interpolation: 0, interpolation_duration: 1 }
$data merge entity $(bone_rightpointerfinger) { transformation: [-0.29899956494592195f,0.5842767986916568f,0.7544666213112267f,-1.0448729302261275f,0.6956038073472272f,0.6746938429546477f,-0.24682698694253602f,1.6338129466294926f,-0.6532492658749727f,0.4510086925877569f,-0.6081583312296979f,-0.8147167537571985f,0f,0f,0f,1f], start_interpolation: 0, interpolation_duration: 1 }
$data merge entity $(bone_rightmidfinger) { transformation: [-0.29899956494592195f,0.5842767986916568f,0.7544666213112267f,-0.9269875206462483f,0.6956038073472272f,0.6746938429546477f,-0.24682698694253602f,1.5952462299197214f,-0.6532492658749727f,0.4510086925877569f,-0.6081583312296979f,-0.9097414930118388f,0f,0f,0f,1f], start_interpolation: 0, interpolation_duration: 1 }
$data merge entity $(bone_rightringfinger) { transformation: [-0.29899956494592195f,0.5842767986916568f,0.7544666213112267f,-0.8091021110663692f,0.6956038073472272f,0.6746938429546477f,-0.24682698694253602f,1.5566795132099502f,-0.6532492658749727f,0.4510086925877569f,-0.6081583312296979f,-1.0047662322664792f,0f,0f,0f,1f], start_interpolation: 0, interpolation_duration: 1 }
$data merge entity $(bone_hugeasssword) { transformation: [-1.1710816293715278f,2.288417461542323f,2.954994266802305f,-0.7406730774312329f,2.7244482454433068f,2.642550884905704f,-0.9667390321915995f,1.551380327114254f,-2.5585596246769766f,1.7664507126353812f,-2.3819534639829834f,-0.6351085421564471f,0f,0f,0f,1f], start_interpolation: 0, interpolation_duration: 1 }
$data merge entity $(bone_ice) { transformation: [-0.29899956494592195f,0.5842767986916568f,0.7544666213112267f,-0.74513053420851f,0.6956038073472272f,0.6746938429546477f,-0.24682698694253602f,1.5299694263282873f,-0.6532492658749727f,0.4510086925877569f,-0.6081583312296979f,-0.6319485331988344f,0f,0f,0f,1f], start_interpolation: 0, interpolation_duration: 1 }
$data merge entity $(bone_righthand) { transformation: [-0.29899956494592195f,0.5842767986916568f,0.7544666213112267f,-0.6502341438561005f,0.6956038073472272f,0.6746938429546477f,-0.24682698694253602f,1.8648304955618018f,-0.6532492658749727f,0.4510086925877569f,-0.6081583312296979f,-0.7015136243715664f,0f,0f,0f,1f], start_interpolation: 0, interpolation_duration: 1 }
$data merge entity $(bone_rightforearm) { transformation: [-0.6981990584758622f,0.4413117968547761f,0.5637037987278672f,-0.30510721739296753f,0.3593159539773323f,0.8970605545965561f,-0.257243866018762f,2.477138386295465f,-0.6192011950576151f,0.022940343147559328f,-0.784897203903475f,-0.634419602093846f,0f,0f,0f,1f], start_interpolation: 0, interpolation_duration: 1 }
$data merge entity $(bone_rightelbow) { transformation: [-0.6981990584758622f,0.4413117968547761f,0.5637037987278672f,-0.222361255482697f,0.3593159539773323f,0.8970605545965561f,-0.257243866018762f,2.6453372402823194f,-0.6192011950576151f,0.022940343147559328f,-0.784897203903475f,-0.6301182877536786f,0f,0f,0f,1f], start_interpolation: 0, interpolation_duration: 1 }
$data merge entity $(bone_rightarm) { transformation: [-0.4568565619265495f,-0.3616725395463082f,0.8126961646044458f,-0.46044179137319785f,0.5004420404575126f,0.6508200306973831f,0.5709562608342066f,2.7851294432871216f,-0.7354181436212828f,0.6675524412217975f,-0.11633525798933309f,-0.04670233708427485f,0f,0f,0f,1f], start_interpolation: 0, interpolation_duration: 1 }
$data merge entity $(bone_chest) { transformation: [-0.4014626335265842f,-0.14602394404285085f,0.9955480263448772f,0.12789809168586186f,0.1351449508810318f,1.0543271970710095f,0.2091437660530742f,2.8096528492349337f,-0.9970830994678295f,0.20169848882346608f,-0.37249714559049596f,0.2372486733033206f,0f,0f,0f,1f], start_interpolation: 0, interpolation_duration: 1 }
$data merge entity $(bone_chest1lid) { transformation: [-0.37058089248607773f,-0.13479133296263157f,0.9189674089337329f,-0.26611488421096097f,0.12474918542864473f,0.9732251049886242f,0.19305578404899157f,2.11154901528166f,-0.9203843995087657f,0.18618322045243024f,-0.3438435190066117f,-0.06968947071794154f,0f,0f,0f,1f], start_interpolation: 0, interpolation_duration: 1 }
$data merge entity $(bone_chest1) { transformation: [-0.37058089248607773f,-0.13479133296263157f,0.9189674089337329f,-0.24505373843554978f,0.12474918542864473f,0.9732251049886242f,0.19305578404899157f,1.9594825926271877f,-0.9203843995087657f,0.18618322045243024f,-0.3438435190066117f,-0.09878059891363378f,0f,0f,0f,1f], start_interpolation: 0, interpolation_duration: 1 }
$data merge entity $(bone_chest1lid3) { transformation: [-0.37058089248607773f,-0.13479133296263157f,0.9189674089337329f,0.3457599179175915f,0.12474918542864473f,0.9732251049886242f,0.19305578404899157f,2.227428552848755f,-0.9203843995087657f,0.18618322045243024f,-0.3438435190066117f,-0.23244020011225433f,0f,0f,0f,1f], start_interpolation: 0, interpolation_duration: 1 }
$data merge entity $(bone_chest3) { transformation: [-0.37058089248607773f,-0.13479133296263157f,0.9189674089337329f,0.36682106369300266f,0.12474918542864473f,0.9732251049886242f,0.19305578404899157f,2.0753621301942826f,-0.9203843995087657f,0.18618322045243024f,-0.3438435190066117f,-0.26153132830794656f,0f,0f,0f,1f], start_interpolation: 0, interpolation_duration: 1 }
$data merge entity $(bone_hugeasssword2) { transformation: [-3.5992890183237876f,0.7134489897167005f,-1.3698127169156287f,-0.24161264961846374f,-0.7561351541918834f,2.2149791971747312f,3.140446554625023f,4.1437304041589735f,1.346720449442562f,3.1504183012630524f,-1.897758239581064f,-0.7717788231693569f,0f,0f,0f,1f], start_interpolation: 0, interpolation_duration: 1 }
$data merge entity $(bone_belt) { transformation: [-0.37058089248607773f,-0.13479133296263157f,0.9189674089337329f,0.07316363485713238f,0.12474918542864473f,0.9732251049886242f,0.19305578404899157f,2.392721047920544f,-0.9203843995087657f,0.18618322045243024f,-0.3438435190066117f,0.2375750491830334f,0f,0f,0f,1f], start_interpolation: 0, interpolation_duration: 1 }
$data merge entity $(bone_torn_part) { transformation: [-0.4474940559546994f,-0.2670681246501693f,0.8534774084186726f,0.04356960046298217f,0.11967482862510267f,0.9278985988744303f,0.35310356214632194f,2.1159921628056537f,-0.8862431975923788f,0.2601515077848113f,-0.38326777547626495f,0.06958894207409776f,0f,0f,0f,1f], start_interpolation: 0, interpolation_duration: 1 }
$data merge entity $(bone_lowerbody) { transformation: [-0.4474940559546994f,0.0019382089739650628f,0.8942848054345915f,-0.03943500000000002f,0.11967482862510267f,0.9911329112850903f,0.057736362555096885f,1.6122343749999999f,-0.8862431975923788f,0.13286005988826938f,-0.44375804128795326f,0.1536665277777779f,0f,0f,0f,1f], start_interpolation: 0, interpolation_duration: 1 }
$data merge entity $(bone_leftfoot) { transformation: [-0.8281089815398598f,-0.45043063494854135f,0.33366939533051965f,0.2677716533211491f,-0.34650412752434284f,0.8792599436469661f,0.3268915982753169f,0.21269201787679948f,-0.4406031266787229f,0.15509259186055163f,-0.8841981617330764f,0.8961301925874133f,0f,0f,0f,1f], start_interpolation: 0, interpolation_duration: 1 }
$data merge entity $(bone_leftlowerleg) { transformation: [-0.8281089815398598f,-0.45043063494854135f,0.33366939533051965f,-0.28319167511381876f,-0.34650412752434284f,0.8792599436469661f,0.3268915982753169f,1.1378955539358926f,-0.4406031266787229f,0.15509259186055163f,-0.8841981617330764f,1.2040392158660425f,0f,0f,0f,1f], start_interpolation: 0, interpolation_duration: 1 }
$data merge entity $(bone_leftleg) { transformation: [-0.74699539655584f,0.43097272861202285f,0.5062111451247922f,0.08527929659562566f,-0.3177195042982032f,0.4373848300631679f,-0.8412986556498234f,1.5384879334616774f,-0.5839624940977689f,-0.7892635920421774f,-0.18980740094434206f,0.49226023029536203f,0f,0f,0f,1f], start_interpolation: 0, interpolation_duration: 1 }
$data merge entity $(bone_rightfoot) { transformation: [-0.3940191808629662f,-0.42491662670657776f,0.8149811670829876f,-0.32242312160866793f,0.2007627146761386f,0.8255106859954738f,0.5274690999833576f,0.2834995156372644f,-0.8968964786260469f,0.37145349597162797f,-0.23996299234293827f,-0.517502862823504f,0f,0f,0f,1f], start_interpolation: 0, interpolation_duration: 1 }
$data merge entity $(bone_rightlowerleg) { transformation: [-0.3940191808629662f,-0.42491662670657776f,0.8149811670829876f,-0.9190332951409727f,0.2007627146761386f,0.8255106859954738f,0.5274690999833576f,1.1182571133783628f,-0.8968964786260469f,0.37145349597162797f,-0.23996299234293827f,-0.06855237679457829f,0f,0f,0f,1f], start_interpolation: 0, interpolation_duration: 1 }
$data merge entity $(bone_rightleg) { transformation: [-0.2646213079990351f,0.8263448205581477f,0.49711134122984213f,-0.1894942102948457f,0.24284373546959173f,0.5559670742508986f,-0.7949420163753506f,1.611987083485135f,-0.9332644231920846f,-0.08963732473483466f,-0.3478038313787808f,-0.09540590600268303f,0f,0f,0f,1f], start_interpolation: 0, interpolation_duration: 1 }
data modify entity @s data merge value {"locators":{"lefthand":{"posx":0.34422578725717623,"posy":2.482947355419705,"posz":2.7521511741743203,"roty":115.30107569203292,"rotx":-7.6347645640122295},"righthand":{"posx":-0.7940796093597353,"posy":1.5884968636419006,"posz":-0.6907351887708327,"roty":51.128504934182104,"rotx":-14.289828722164774},"chest":{"posx":-0.4128597364368822,"posy":2.0244558920068614,"posz":-0.0563623846360843,"roty":69.48601503301036,"rotx":11.131170237038962},"sack":{"posx":0,"posy":-0.4375,"posz":0,"roty":0,"rotx":0}},"cameras":{}}