# This file was generated by Animated Java via MC-Build. It is not recommended to edit this file directly.
$data merge entity $(bone_nose) { transformation: [-1f,0f,1.2246467991473532e-16f,-2.450600746813608e-17f,0f,1f,0f,4.227125336934156f,-1.2246467991473532e-16f,0f,-1f,0.1993797093621399f,0f,0f,0f,1f], start_interpolation: 0, interpolation_duration: 1 }
$data merge entity $(bone_glowing_eye) { transformation: [-1f,0f,1.2246467991473532e-16f,-0.12500000000000003f,0f,1f,0f,4.294833461934156f,-1.2246467991473532e-16f,0f,-1f,0.23427533436213988f,0f,0f,0f,1f], start_interpolation: 0, interpolation_duration: 1 }
$data merge entity $(bone_head) { transformation: [-1f,0f,1.2246467991473532e-16f,-1.5738838307023176e-18f,0f,1f,0f,4.103648461934156f,-1.2246467991473532e-16f,0f,-1f,0.012124709362139899f,0f,0f,0f,1f], start_interpolation: 0, interpolation_duration: 1 }
$data merge entity $(bone_leftthumb2) { transformation: [-0.9764502148268979f,0.050860348008183745f,0.20966211618933797f,1.1589274813400807f,-0.18183568715033616f,0.3289880036046311f,-0.9266621155323036f,2.7038808757003174f,-0.11610667871862526f,-0.9429634767501475f,-0.311992180466441f,1.275440761384375f,0f,0f,0f,1f], start_interpolation: 0, interpolation_duration: 1 }
$data merge entity $(bone_leftthumb) { transformation: [-0.9764502148268979f,0.050860348008183745f,0.20966211618933797f,1.189317800530728f,-0.18183568715033616f,0.3289880036046311f,-0.9266621155323036f,2.7053724884362245f,-0.11610667871862526f,-0.9429634767501475f,-0.311992180466441f,1.017523969175266f,0f,0f,0f,1f], start_interpolation: 0, interpolation_duration: 1 }
$data merge entity $(bone_leftpointerfinger) { transformation: [-0.4553920313813146f,0.07286348678094237f,-0.8873043502927973f,1.198167445644903f,0.8234855485789598f,0.41325775665458103f,-0.3887024284030556f,2.4287682528069423f,0.3383631910181857f,-0.9076942981306793f,-0.24819631767019476f,1.2302161234459243f,0f,0f,0f,1f], start_interpolation: 0, interpolation_duration: 1 }
$data merge entity $(bone_leftmidfinger) { transformation: [-0.4553920313813146f,0.07286348678094237f,-0.8873043502927973f,1.0595261409116534f,0.8234855485789598f,0.41325775665458103f,-0.3887024284030556f,2.368033498368965f,0.3383631910181857f,-0.9076942981306793f,-0.24819631767019476f,1.1914354488099566f,0f,0f,0f,1f], start_interpolation: 0, interpolation_duration: 1 }
$data merge entity $(bone_leftringfinger) { transformation: [-0.44818580436050875f,0.10872200660952037f,-0.8873043502927973f,0.9208848361784039f,0.8536445315054686f,0.3467007874008603f,-0.3887024284030556f,2.3072987439309873f,0.2653686089207479f,-0.9316534169391658f,-0.24819631767019476f,1.1526547741739885f,0f,0f,0f,1f], start_interpolation: 0, interpolation_duration: 1 }
$data merge entity $(bone_invisibility) { transformation: [-0.07733366969299693f,0.8839278893554254f,0.461184334026511f,1.139423643961582f,0.5022460602703777f,0.43412804510647585f,-0.7478514126448608f,2.639999863912068f,-0.8612597740953064f,0.1737939206983142f,-0.4775220148366034f,1.2353225271435804f,0f,0f,0f,1f], start_interpolation: 0, interpolation_duration: 1 }
$data merge entity $(bone_swiftness) { transformation: [-0.8873043502927974f,1.0321755307873074e-16f,0.4611843340265111f,0.949034156964538f,-0.3887024284030554f,0.5381716145976612f,-0.7478514126448609f,2.5331910789301846f,-0.24819631767019465f,-0.8428352823899499f,-0.47752201483660345f,1.3277906764503953f,0f,0f,0f,1f], start_interpolation: 0, interpolation_duration: 1 }
$data merge entity $(bone_suspicious_stew) { transformation: [-0.3749910221557027f,0.8041708421418577f,0.46118433402651143f,0.9730540782816824f,0.32347638044585914f,0.5797251899811943f,-0.7478514126448608f,2.54189136415223f,-0.8687604759634656f,-0.13125532655905256f,-0.4775220148366036f,1.2282936214424478f,0f,0f,0f,1f], start_interpolation: 0, interpolation_duration: 1 }
$data merge entity $(bone_log) { transformation: [-0.4611843340265113f,1.0321755307873074e-16f,-0.8873043502927973f,0.8882256555467222f,0.7478514126448608f,0.5381716145976612f,-0.3887024284030556f,2.661053459581f,0.4775220148366034f,-0.8428352823899499f,-0.24819631767019476f,1.1560726976438453f,0f,0f,0f,1f], start_interpolation: 0, interpolation_duration: 1 }
$data merge entity $(bone_planks) { transformation: [-0.4611843340265113f,1.0321755307873074e-16f,-0.8873043502927973f,0.8449896242317367f,0.7478514126448608f,0.5381716145976612f,-0.3887024284030556f,2.7311645295164557f,0.4775220148366034f,-0.8428352823899499f,-0.24819631767019476f,1.200840386534777f,0f,0f,0f,1f], start_interpolation: 0, interpolation_duration: 1 }
$data merge entity $(bone_lefthand) { transformation: [-0.4611843340265113f,1.0321755307873074e-16f,-0.8873043502927973f,1.03125f,0.7478514126448608f,0.5381716145976612f,-0.3887024284030556f,2.6207804609567957f,0.4775220148366034f,-0.8428352823899499f,-0.24819631767019476f,0.8337395082644005f,0f,0f,0f,1f], start_interpolation: 0, interpolation_duration: 1 }
$data merge entity $(bone_leftforearm) { transformation: [-1f,1.0321755307873074e-16f,6.590701452089887e-17f,0.96875f,0f,0.5381716145976612f,-0.8428352823899499f,3.0123516787581193f,-1.2246467991473532e-16f,-0.8428352823899499f,-0.5381716145976612f,0.24952988181205535f,0f,0f,0f,1f], start_interpolation: 0, interpolation_duration: 1 }
$data merge entity $(bone_leftelbow) { transformation: [-1f,1.0506881923879977e-16f,6.291375883209487e-17f,0.96875f,0f,0.5137298270480752f,-0.8579520177732288f,3.108676021329633f,-1.2246467991473532e-16f,-0.8579520177732288f,-0.5137298270480752f,0.08866387847957494f,0f,0f,0f,1f], start_interpolation: 0, interpolation_duration: 1 }
$data merge entity $(bone_leftarm) { transformation: [-1f,1.9348453379135578e-17f,1.209265693652722e-16f,0.75f,0f,0.9874403742325216f,-0.15799211162440244f,3.6073334619341564f,-1.2246467991473532e-16f,-0.15799211162440244f,-0.9874403742325216f,0.04052533436213999f,0f,0f,0f,1f], start_interpolation: 0, interpolation_duration: 1 }
$data merge entity $(bone_rightthumb2) { transformation: [0.896895947283146f,-0.3248687665685226f,-0.3000632337613433f,-1.040000541190562f,0.3883007730070402f,0.9032324214599756f,0.182739438834872f,2.691158961227346f,0.21166050512365986f,-0.28041304772031483f,0.9362522914465958f,1.1082244575655953f,0f,0f,0f,1f], start_interpolation: 0, interpolation_duration: 1 }
$data merge entity $(bone_rightthumb) { transformation: [0.896895947283146f,-0.3248687665685226f,-0.3000632337613433f,-1.1453148234749029f,0.3883007730070402f,0.9032324214599756f,0.182739438834872f,2.928286393941475f,0.21166050512365986f,-0.28041304772031483f,0.9362522914465958f,1.1194650409063434f,0f,0f,0f,1f], start_interpolation: 0, interpolation_duration: 1 }
$data merge entity $(bone_rightpointerfinger) { transformation: [-0.25061061283477337f,-0.1797893503940577f,-0.9512466085192955f,-1.2825494533858857f,0.1547367643701632f,0.962531261234646f,-0.2226883582459886f,3.0055035795144165f,0.9556415931126228f,-0.20300088825156382f,-0.21340052690245206f,1.430961966220847f,0f,0f,0f,1f], start_interpolation: 0, interpolation_duration: 1 }
$data merge entity $(bone_rightmidfinger) { transformation: [-0.2425297857431193f,-0.19054971216964506f,-0.9512466085192955f,-1.4311817359670256f,0.11260446532230306f,0.9683646676181366f,-0.2226883582459886f,2.9707085235384807f,0.9635868084489713f,-0.16112317555485595f,-0.21340052690245206f,1.3976181338923388f,0f,0f,0f,1f], start_interpolation: 0, interpolation_duration: 1 }
$data merge entity $(bone_rightringfinger) { transformation: [-0.22499938499212463f,-0.2109624766011805f,-0.9512466085192955f,-1.5798140185481655f,0.02777742947868641f,0.9744938735124313f,-0.2226883582459886f,2.935913467562545f,0.9739628797673565f,-0.07652792923523762f,-0.21340052690245206f,1.3642743015638308f,0f,0f,0f,1f], start_interpolation: 0, interpolation_duration: 1 }
$data merge entity $(bone_hugeasssword) { transformation: [-0.8999312827123569f,0.8058800286634035f,-3.7257158833672412f,-1.3134916240171524f,3.8117258210707474f,0.22427228672162464f,-0.8721960697967888f,2.7273111705024777f,0.03387815160252931f,-3.8262954797803976f,-0.8358187303679373f,1.2002167332911944f,0f,0f,0f,1f], start_interpolation: 0, interpolation_duration: 1 }
$data merge entity $(bone_ice) { transformation: [-0.22976968920315494f,0.20575660306299662f,-0.9512466085192955f,-1.3131164195462124f,0.9732065926138078f,0.057261009375733946f,-0.2226883582459886f,2.711210114221391f,0.008649740834688335f,-0.9769265054758461f,-0.21340052690245206f,1.2153460577387125f,0f,0f,0f,1f], start_interpolation: 0, interpolation_duration: 1 }
$data merge entity $(bone_righthand) { transformation: [-0.22976968920315494f,0.20575660306299662f,-0.9512466085192955f,-1.34884614759748f,0.9732065926138078f,0.057261009375733946f,-0.2226883582459886f,2.9618680035235894f,0.008649740834688335f,-0.9769265054758461f,-0.21340052690245206f,0.9666081001127214f,0f,0f,0f,1f], start_interpolation: 0, interpolation_duration: 1 }
$data merge entity $(bone_rightforearm) { transformation: [-0.9474619397948466f,0.18889382139739858f,-0.25813755418008083f,-1.1527804089061924f,0.304998855035514f,0.2903064231803968f,-0.9070269450723224f,3.161099574899341f,-0.09639279572256415f,-0.9381051672910089f,-0.3326666860908919f,0.31822537106406107f,0f,0f,0f,1f], start_interpolation: 0, interpolation_duration: 1 }
$data merge entity $(bone_rightelbow) { transformation: [-0.9474619397948466f,0.18889382139739858f,-0.25813755418008083f,-1.11736281739418f,0.304998855035514f,0.2903064231803968f,-0.9070269450723224f,3.2155320292456655f,-0.09639279572256415f,-0.9381051672910089f,-0.3326666860908919f,0.1423306521969969f,0f,0f,0f,1f], start_interpolation: 0, interpolation_duration: 1 }
$data merge entity $(bone_rightarm) { transformation: [-0.9474619397948466f,0.3198013533526798f,-0.006554924406959208f,-0.75f,0.304998855035514f,0.8970522798704766f,-0.31980135335267973f,3.6073334619341564f,-0.09639279572256415f,-0.30499885503551394f,-0.9474619397948466f,0.04052533436213981f,0f,0f,0f,1f], start_interpolation: 0, interpolation_duration: 1 }
$data merge entity $(bone_chest) { transformation: [-1.0833333333333333f,0f,1.3267006990762992e-16f,-0.002323124999999992f,0f,1.0833333333333333f,0f,3.4470328369341563f,-1.3267006990762992e-16f,0f,-1.0833333333333333f,-0.0695440406378601f,0f,0f,0f,1f], start_interpolation: 0, interpolation_duration: 1 }
$data merge entity $(bone_chest1lid) { transformation: [-1f,0f,1.2246467991473532e-16f,-0.34375000000000006f,0f,1f,0f,2.7635834619341564f,-1.2246467991473532e-16f,0f,-1f,0.32177533436213984f,0f,0f,0f,1f], start_interpolation: 0, interpolation_duration: 1 }
$data merge entity $(bone_chest1) { transformation: [-1f,0f,1.2246467991473532e-16f,-0.34375000000000006f,0f,1f,0f,2.6073334619341564f,-1.2246467991473532e-16f,0f,-1f,0.32177533436213984f,0f,0f,0f,1f], start_interpolation: 0, interpolation_duration: 1 }
$data merge entity $(bone_chest1lid3) { transformation: [-1f,0f,1.2246467991473532e-16f,-0.28124999999999994f,0f,1f,0f,2.7635834619341564f,-1.2246467991473532e-16f,0f,-1f,-0.31884966563786016f,0f,0f,0f,1f], start_interpolation: 0, interpolation_duration: 1 }
$data merge entity $(bone_chest3) { transformation: [-1f,0f,1.2246467991473532e-16f,-0.28124999999999994f,0f,1f,0f,2.6073334619341564f,-1.2246467991473532e-16f,0f,-1f,-0.31884966563786016f,0f,0f,0f,1f], start_interpolation: 0, interpolation_duration: 1 }
$data merge entity $(bone_hugeasssword2) { transformation: [-1.3493280322890861e-15f,2.887669569172986f,-2.646061646494669f,-1.234375f,2.1741867565575984e-16f,2.6460616464946694f,2.887669569172986f,4.607333461934156f,3.916666666666667f,5.710562051440511e-16f,-1.1937237951956666e-15f,-0.33447466563786027f,0f,0f,0f,1f], start_interpolation: 0, interpolation_duration: 1 }
$data merge entity $(bone_belt) { transformation: [-1f,0f,1.2246467991473532e-16f,0.029705624999999992f,0f,1f,0f,3.0487028369341562f,-1.2246467991473532e-16f,0f,-1f,0.061358459362139905f,0f,0f,0f,1f], start_interpolation: 0, interpolation_duration: 1 }
$data merge entity $(bone_torn_part) { transformation: [-1f,-3.6825839484795376e-17f,1.16796641102639e-16f,-0.09375000000000001f,0f,0.9537169507482269f,0.30070579950427306f,2.7635834619341564f,-1.2246467991473532e-16f,0.30070579950427306f,-0.9537169507482269f,0.0561503343621399f,0f,0f,0f,1f], start_interpolation: 0, interpolation_duration: 1 }
$data merge entity $(bone_lowerbody) { transformation: [-1f,0f,1.2246467991473532e-16f,0.0039062499999999757f,0f,1f,0f,2.2753022119341564f,-1.2246467991473532e-16f,0f,-1f,0.1967753343621399f,0f,0f,0f,1f], start_interpolation: 0, interpolation_duration: 1 }
$data merge entity $(bone_leftfoot) { transformation: [-0.9854876659853331f,-0.02129777697134014f,-0.16840565574486985f,0.31746605451545884f,-0.03298488299038641f,0.9972137476139143f,0.06690843791273947f,0.1767342269704104f,0.1665114340965541f,0.07149228116301395f,-0.9834443533058783f,-0.1830631068124021f,0f,0f,0f,1f], start_interpolation: 0, interpolation_duration: 1 }
$data merge entity $(bone_leftlowerleg) { transformation: [-0.9854876659853331f,-0.0038880170008752657f,-0.1697025147562094f,0.33922683459890235f,-0.03298488299038641f,0.9850674828217466f,0.16897944188965303f,1.2435805137644986f,0.1665114340965541f,0.17212477337974622f,-0.9709001002698886f,0.15706236637428359f,0f,0f,0f,1f], start_interpolation: 0, interpolation_duration: 1 }
$data merge entity $(bone_leftleg) { transformation: [-0.9854876659853331f,-0.05889531656490091f,-0.15920239281336407f,0.25f,-0.03298488299038641f,0.986444854223218f,-0.16074373104617395f,2.2948334619341564f,0.1665114340965541f,-0.15315969203172974f,-0.9740718921372562f,0.024900334362139943f,0f,0f,0f,1f], start_interpolation: 0, interpolation_duration: 1 }
$data merge entity $(bone_rightfoot) { transformation: [-0.9944098650920159f,0.027003170797896617f,0.10207766148643095f,-0.32167000512352967f,0.033283514524507764f,0.9976233566163809f,0.060331136193196355f,0.1608515509925792f,-0.10020592731258786f,0.06339138033143583f,-0.9929452678929991f,-0.284533035832644f,0f,0f,0f,1f], start_interpolation: 0, interpolation_duration: 1 }
$data merge entity $(bone_rightlowerleg) { transformation: [-0.9944098650920159f,0.017626501385855153f,0.10410728435884403f,-0.3181112339209639f,0.033283514524507764f,0.9880293607619249f,0.15063263236523053f,1.2338025781426887f,-0.10020592731258786f,0.15325563193982875f,-0.9830928152571089f,0.03653284088379156f,0f,0f,0f,1f], start_interpolation: 0, interpolation_duration: 1 }
$data merge entity $(bone_rightleg) { transformation: [-0.9944098650920159f,0.037278666948670464f,0.09878927673694583f,-0.25f,0.033283514524507764f,0.9985720615255137f,-0.04178571049512675f,2.2948334619341564f,-0.10020592731258786f,-0.038264068409093265f,-0.9942306740390826f,0.02490033436213988f,0f,0f,0f,1f], start_interpolation: 0, interpolation_duration: 1 }
data modify entity @s data merge value {"locators":{"lefthand":{"posx":0.9453258173350326,"posy":2.5549712076989,"posz":1.1810295826532253,"roty":285.62734161508973,"rotx":-22.87378477392089},"righthand":{"posx":-1.3230090465737536,"posy":2.8050330346050334,"posz":1.2347558308228754,"roty":282.644262779571,"rotx":-12.866982449506471},"chest":{"posx":-0.37500000000000006,"posy":2.7010834619341564,"posz":0.47802533436213984,"roty":0,"rotx":0},"sack":{"posx":0,"posy":-0.4375,"posz":0,"roty":0,"rotx":0}},"cameras":{}}