# This file was generated by Animated Java via MC-Build. It is not recommended to edit this file directly.
$data merge entity $(bone_nose) { transformation: [-0.9943250216111658f,-0.10638379453885521f,0.0004895482297683773f,-0.1360863173444137f,-0.10016735460195336f,0.937752824585286f,0.3325449459161336f,3.796708128925879f,-0.035836468436512725f,0.3306087237836174f,-0.9430872808431712f,1.0799819758935125f,0f,0f,0f,1f], start_interpolation: 0, interpolation_duration: 1 }
$data merge entity $(bone_glowing_eye) { transformation: [-0.9943250216111658f,-0.10638379453885521f,0.0004895482297683773f,-0.26759707539586597f,-0.10016735460195336f,0.937752824585286f,0.3325449459161336f,3.836076331338424f,-0.035836468436512725f,0.3306087237836174f,-0.9430872808431712f,1.1307969342295532f,0f,0f,0f,1f], start_interpolation: 0, interpolation_duration: 1 }
$data merge entity $(bone_head) { transformation: [-0.9943250216111658f,-0.10638379453885521f,0.0004895482297683773f,-0.12285870849034855f,-0.10016735460195336f,0.937752824585286f,0.3325449459161336f,3.7431880444711907f,-0.035836468436512725f,0.3306087237836174f,-0.9430872808431712f,0.8625616350586853f,0f,0f,0f,1f], start_interpolation: 0, interpolation_duration: 1 }
$data merge entity $(bone_leftthumb2) { transformation: [0.052940721281897904f,0.9802655632938428f,-0.19046444668325066f,-1.1171638801562211f,0.27547614778654095f,-0.19766722221494037f,-0.9407659439321329f,3.1624624051328647f,-0.9598490360628802f,-0.0026635844333844118f,-0.2805044265018397f,1.0849593929624746f,0f,0f,0f,1f], start_interpolation: 0, interpolation_duration: 1 }
$data merge entity $(bone_leftthumb) { transformation: [0.052940721281897904f,0.9802655632938428f,-0.19046444668325066f,-0.8930377182025647f,0.27547614778654095f,-0.19766722221494037f,-0.9407659439321329f,3.033590495735237f,-0.9598490360628802f,-0.0026635844333844118f,-0.2805044265018397f,1.0603349618292894f,0f,0f,0f,1f], start_interpolation: 0, interpolation_duration: 1 }
$data merge entity $(bone_leftpointerfinger) { transformation: [0.9787894062716934f,0.07546252526882824f,-0.19046444668325066f,-1.2112109937281026f,-0.16001929910901244f,-0.29892016099644936f,-0.9407659439321329f,3.067676971886151f,-0.12792623688268875f,0.9512897269654016f,-0.2805044265018397f,1.0372610869540082f,0f,0f,0f,1f], start_interpolation: 0, interpolation_duration: 1 }
$data merge entity $(bone_leftmidfinger) { transformation: [0.9787894062716934f,0.07546252526882824f,-0.19046444668325066f,-1.2409710635223605f,-0.16001929910901244f,-0.29892016099644936f,-0.9407659439321329f,2.920682293146755f,-0.12792623688268875f,0.9512897269654016f,-0.2805044265018397f,0.9934322703130958f,0f,0f,0f,1f], start_interpolation: 0, interpolation_duration: 1 }
$data merge entity $(bone_leftringfinger) { transformation: [0.9787894062716934f,0.07546252526882824f,-0.19046444668325066f,-1.2707311333166185f,-0.16001929910901244f,-0.29892016099644936f,-0.9407659439321329f,2.7736876144073594f,-0.12792623688268875f,0.9512897269654016f,-0.2805044265018397f,0.9496034536721834f,0f,0f,0f,1f], start_interpolation: 0, interpolation_duration: 1 }
$data merge entity $(bone_invisibility) { transformation: [0.959935286557544f,0.2751754452196587f,-0.052940721281897876f,-1.1063108233023704f,-0.2789081933521531f,0.9199582119214573f,-0.2754761477865411f,3.083652306766639f,-0.027101020326231174f,0.27920487579273573f,0.9598490360628799f,0.9815465333175887f,0f,0f,0f,1f], start_interpolation: 0, interpolation_duration: 1 }
$data merge entity $(bone_swiftness) { transformation: [-0.19046444668325066f,0.9802655632938428f,-0.052940721281897946f,-1.2720100881027314f,-0.9407659439321328f,-0.19766722221494037f,-0.27547614778654117f,2.948373828441327f,-0.28050442650183993f,-0.0026635844333844118f,0.9598490360628801f,0.8793207103023688f,0f,0f,0f,1f], start_interpolation: 0, interpolation_duration: 1 }
$data merge entity $(bone_suspicious_stew) { transformation: [0.8079285599963983f,0.5868975395861683f,-0.05294072128189781f,-1.1879728553348787f,-0.5767322106647508f,0.7690857229089858f,-0.275476147786541f,2.9165243433206895f,-0.12096032045218522f,0.25309766661363065f,0.9598490360628804f,0.9290768088688086f,0f,0f,0f,1f], start_interpolation: 0, interpolation_duration: 1 }
$data merge entity $(bone_log) { transformation: [0.052940721281897904f,0.9802655632938428f,-0.19046444668325066f,-1.069404488241248f,0.27547614778654095f,-0.19766722221494037f,-0.9407659439321329f,2.873543425776991f,-0.9598490360628802f,-0.0026635844333844118f,-0.2805044265018397f,0.8256093686914667f,0f,0f,0f,1f], start_interpolation: 0, interpolation_duration: 1 }
$data merge entity $(bone_planks) { transformation: [0.052940721281897904f,0.9802655632938428f,-0.19046444668325066f,-1.0644412956210698f,0.27547614778654095f,-0.19766722221494037f,-0.9407659439321329f,2.8993693146319797f,-0.9598490360628802f,-0.0026635844333844118f,-0.2805044265018397f,0.7356235215605718f,0f,0f,0f,1f], start_interpolation: 0, interpolation_duration: 1 }
$data merge entity $(bone_lefthand1) { transformation: [0.052940721281897904f,0.9802655632938428f,-0.19046444668325066f,-0.83162126377941f,0.27547614778654095f,-0.19766722221494037f,-0.9407659439321329f,2.7846565190245003f,-0.9598490360628802f,-0.0026635844333844118f,-0.2805044265018397f,1.0736714949270232f,0f,0f,0f,1f], start_interpolation: 0, interpolation_duration: 1 }
$data merge entity $(bone_leftforearm) { transformation: [0.005341584418339873f,0.9686418348437608f,-0.24840383102201485f,-0.14762529382916478f,0.13209282896307567f,-0.2469140843354657f,-0.9599921455373006f,2.6306876206395837f,-0.9912229577710725f,-0.027684485678633186f,-0.1292695526420517f,0.9937693755059854f,0f,0f,0f,1f], start_interpolation: 0, interpolation_duration: 1 }
$data merge entity $(bone_leftelbow) { transformation: [0.005341584418339873f,0.9686418348437608f,-0.24840383102201485f,0.03399505020404037f,0.13209282896307567f,-0.2469140843354657f,-0.9599921455373006f,2.584391229826684f,-0.9912229577710725f,-0.027684485678633186f,-0.1292695526420517f,0.9885785344412417f,0f,0f,0f,1f], start_interpolation: 0, interpolation_duration: 1 }
$data merge entity $(bone_leftarm) { transformation: [-0.006034857275213246f,0.8146044527144438f,0.5799854878490225f,0.35557191207675426f,0.7336385854337133f,0.3977287851340706f,-0.5509866054983515f,3.0258503112406454f,-0.6795130657025572f,0.4221746073529023f,-0.600025494829957f,1.1565151442148998f,0f,0f,0f,1f], start_interpolation: 0, interpolation_duration: 1 }
$data merge entity $(bone_rightthumb2) { transformation: [0.3300164304375904f,-0.900184467686521f,-0.28417790163410866f,-1.1528100638978267f,0.9414477616134067f,0.3358791648035346f,0.029347892666864966f,3.3600198296755814f,0.06903091911844217f,-0.2772239361722111f,0.9583222951694536f,0.9116043354772773f,0f,0f,0f,1f], start_interpolation: 0, interpolation_duration: 1 }
$data merge entity $(bone_rightthumb) { transformation: [0.3300164304375904f,-0.900184467686521f,-0.28417790163410866f,-1.3978586862433353f,0.9414477616134067f,0.3358791648035346f,0.029347892666864966f,3.444899673287491f,0.06903091911844217f,-0.2772239361722111f,0.9583222951694536f,0.9255130718500073f,0f,0f,0f,1f], start_interpolation: 0, interpolation_duration: 1 }
$data merge entity $(bone_rightpointerfinger) { transformation: [-0.077261092171905f,-0.9851264745500662f,-0.15348144114830903f,-1.3721716747464683f,-0.22126469080230562f,0.1670447720804905f,-0.960800697712453f,3.3324257655965797f,0.9721484764379179f,-0.040272487645219665f,-0.23087976632503143f,1.2248762665581963f,0f,0f,0f,1f], start_interpolation: 0, interpolation_duration: 1 }
$data merge entity $(bone_rightmidfinger) { transformation: [-0.077261092171905f,-0.9851264745500662f,-0.15348144114830903f,-1.3961531499258917f,-0.22126469080230562f,0.1670447720804905f,-0.960800697712453f,3.182300656579009f,0.9721484764379179f,-0.040272487645219665f,-0.23087976632503143f,1.18880130306991f,0f,0f,0f,1f], start_interpolation: 0, interpolation_duration: 1 }
$data merge entity $(bone_rightringfinger) { transformation: [-0.077261092171905f,-0.9851264745500662f,-0.15348144114830903f,-1.4201346251053149f,-0.22126469080230562f,0.1670447720804905f,-0.960800697712453f,3.032175547561438f,0.9721484764379179f,-0.040272487645219665f,-0.23087976632503143f,1.1527263395816238f,0f,0f,0f,1f], start_interpolation: 0, interpolation_duration: 1 }
$data merge entity $(bone_hugeasssword) { transformation: [-3.8649007772253623f,-0.20360672114419467f,-0.6011356444975438f,-1.2659534981817528f,0.5355448030636097f,0.9446038800232628f,-3.7631360660404414f,3.213237790854084f,0.340604644554542f,-3.7955955515212225f,-0.9042790847730399f,0.9897711926585759f,0f,0f,0f,1f], start_interpolation: 0, interpolation_duration: 1 }
$data merge entity $(bone_ice) { transformation: [-0.9867831771639222f,-0.05198469476021991f,-0.15348144114830903f,-1.2497227501829382f,0.1367348433353897f,0.24117545872934368f,-0.960800697712453f,3.207332942384322f,0.08696288797137242f,-0.9690882259203121f,-0.23087976632503143f,1.003554401064028f,0f,0f,0f,1f], start_interpolation: 0, interpolation_duration: 1 }
$data merge entity $(bone_righthand1) { transformation: [-0.9867831771639222f,-0.05198469476021991f,-0.15348144114830903f,-1.5142110131998583f,0.1367348433353897f,0.24117545872934368f,-0.960800697712453f,3.2717854960969914f,0.08696288797137242f,-0.9690882259203121f,-0.23087976632503143f,0.775808073879136f,0f,0f,0f,1f], start_interpolation: 0, interpolation_duration: 1 }
$data merge entity $(bone_rightforearm) { transformation: [-0.6273424278147202f,-0.020152941468633445f,-0.7784827147815769f,-1.5143993027137006f,0.7786242453174512f,0.0012636532774621678f,-0.6274891933605099f,3.218850047280999f,0.013629485219975701f,-0.9997961102797692f,0.01489882552694241f,0.08956255800705637f,0f,0f,0f,1f], start_interpolation: 0, interpolation_duration: 1 }
$data merge entity $(bone_rightelbow) { transformation: [-0.6273424278147202f,-0.020152941468633445f,-0.7784827147815769f,-1.5181779792390693f,0.7786242453174512f,0.0012636532774621678f,-0.6274891933605099f,3.219086982270523f,0.013629485219975701f,-0.9997961102797692f,0.01489882552694241f,-0.09789921267040036f,0f,0f,0f,1f], start_interpolation: 0, interpolation_duration: 1 }
$data merge entity $(bone_rightarm) { transformation: [-0.5021811294140838f,0.8186610646493446f,0.27858243750745737f,-0.8692188564834011f,0.7979284996366582f,0.5628505361018525f,-0.21566034284830432f,3.4277411317385758f,-0.33335300017846903f,0.11398831184405861f,-0.9358859129375521f,0.26364078293326376f,0f,0f,0f,1f], start_interpolation: 0, interpolation_duration: 1 }
$data merge entity $(bone_chest1) { transformation: [-0.9509333553447983f,-0.24236801887069048f,0.4589058816712759f,0.056598301537401474f,0.16874169598410116f,0.761494225190188f,0.7518403395332783f,3.3386817634015866f,-0.49077806067529506f,0.7314337971011475f,-0.6306763089962272f,0.37063774789969905f,0f,0f,0f,1f], start_interpolation: 0, interpolation_duration: 1 }
$data merge entity $(bone_chest1lid) { transformation: [-0.8777846357028908f,-0.2237243251114066f,0.4236054292350239f,-0.2559617251988186f,0.1557615655237857f,0.7029177463294043f,0.6940064672614877f,2.639876076543517f,-0.4530259021618109f,0.6751696588625977f,-0.5821627467657482f,-0.01767018932541356f,0f,0f,0f,1f], start_interpolation: 0, interpolation_duration: 1 }
$data merge entity $(bone_chest2) { transformation: [-0.8777846357028908f,-0.2237243251114066f,0.4236054292350239f,-0.22100479940016132f,0.1557615655237857f,0.7029177463294043f,0.6940064672614877f,2.5300451786795475f,-0.4530259021618109f,0.6751696588625977f,-0.5821627467657482f,-0.12316544852269445f,0f,0f,0f,1f], start_interpolation: 0, interpolation_duration: 1 }
$data merge entity $(bone_chest1lid3) { transformation: [-0.8777846357028908f,-0.2237243251114066f,0.4236054292350239f,0.07027204263629926f,0.1557615655237857f,0.7029177463294043f,0.6940064672614877f,3.074738871787671f,-0.4530259021618109f,0.6751696588625977f,-0.5821627467657482f,-0.3623040800871078f,0f,0f,0f,1f], start_interpolation: 0, interpolation_duration: 1 }
$data merge entity $(bone_chest3) { transformation: [-0.8777846357028908f,-0.2237243251114066f,0.4236054292350239f,0.10522896843495654f,0.1557615655237857f,0.7029177463294043f,0.6940064672614877f,2.9649079739237014f,-0.4530259021618109f,0.6751696588625977f,-0.5821627467657482f,-0.4677993392843887f,0f,0f,0f,1f], start_interpolation: 0, interpolation_duration: 1 }
$data merge entity $(bone_hugeasssword2) { transformation: [-1.6591212645038447f,1.9427636247416358f,-2.968714183923687f,-1.172239327860377f,-2.71819199677416f,1.4101757563929256f,2.441948890237533f,4.53004755977333f,2.2801374248325135f,3.0947296509130098f,0.7509324133474147f,0.4416533725246158f,0f,0f,0f,1f], start_interpolation: 0, interpolation_duration: 1 }
$data merge entity $(bone_belt) { transformation: [-0.8777846357028908f,-0.2237243251114066f,0.4236054292350239f,0.11837774690935933f,0.1557615655237857f,0.7029177463294043f,0.6940064672614877f,2.9628525076837278f,-0.4530259021618109f,0.6751696588625977f,-0.5821627467657482f,0.19241383000732887f,0f,0f,0f,1f], start_interpolation: 0, interpolation_duration: 1 }
$data merge entity $(bone_torn_part) { transformation: [-0.8371530878957971f,-0.3142849986069738f,0.4476601915260572f,0.07025243010292738f,0.06920398083209785f,0.7510008735121283f,0.6566646762397159f,2.6897298081730114f,-0.5425730517299236f,0.5807087287398347f,-0.6069529272537061f,-0.0013338112766214938f,0f,0f,0f,1f], start_interpolation: 0, interpolation_duration: 1 }
$data merge entity $(bone_lowerbody) { transformation: [-0.8371530878957971f,-0.1651249147382748f,0.5214484346119079f,0.159304375f,0.06920398083209785f,0.9137051395701202f,0.4004419145895416f,2.180514375f,-0.5425730517299236f,0.37131749279534976f,-0.753483777582937f,-0.023696874999999992f,0f,0f,0f,1f], start_interpolation: 0, interpolation_duration: 1 }
$data merge entity $(bone_leftfoot) { transformation: [-0.9920728251537111f,0.054874861187254695f,0.11287501016584013f,0.3778769229713058f,0.0706888679024836f,0.9874531140728575f,0.14125197214049226f,0.8675618477390481f,-0.1037088615336923f,0.1481283575097683f,-0.9835188177436163f,0.7671104866752229f,0f,0f,0f,1f], start_interpolation: 0, interpolation_duration: 1 }
$data merge entity $(bone_leftlowerleg) { transformation: [-0.9920728251537111f,0.054874861187254695f,0.11287501016584013f,0.42141097061710464f,0.0706888679024836f,0.9874531140728575f,0.14125197214049226f,1.9413148986216158f,-0.1037088615336923f,0.1481283575097683f,-0.9835188177436163f,1.082553746739101f,0f,0f,0f,1f], start_interpolation: 0, interpolation_duration: 1 }
$data merge entity $(bone_leftleg) { transformation: [-0.994763160100477f,-0.09298635098453673f,-0.04195364073108447f,0.28969938165534265f,0.004608588561427353f,0.3698602290884051f,-0.9290930860524186f,2.30192977240079f,0.10190690172105293f,-0.9244116775383429f,-0.36751316966742836f,0.27465187915944866f,0f,0f,0f,1f], start_interpolation: 0, interpolation_duration: 1 }
$data merge entity $(bone_rightfoot) { transformation: [-0.9697903733430314f,0.05993588016726137f,0.23646194237654167f,-0.4656019149439825f,0.1512530841152901f,0.9082517963334741f,0.39010854941751816f,0.380617986703532f,-0.19138739853186906f,0.41408497295312896f,-0.8898882342625241f,-0.7528160863561211f,0f,0f,0f,1f], start_interpolation: 0, interpolation_duration: 1 }
$data merge entity $(bone_rightlowerleg) { transformation: [-0.9697903733430314f,0.05993588016726137f,0.23646194237654167f,-0.43544189080858464f,0.1512530841152901f,0.9082517963334741f,0.39010854941751816f,1.3282713513678819f,-0.19138739853186906f,0.41408497295312896f,-0.8898882342625241f,-0.15671313555283178f,0f,0f,0f,1f], start_interpolation: 0, interpolation_duration: 1 }
$data merge entity $(bone_rightleg) { transformation: [-0.9188033329392906f,0.24473091607441627f,0.3096888988921429f,-0.16590133062514784f,0.2044477164238192f,0.9662088100326065f,-0.15697664369090086f,2.290789073442895f,-0.3376411802916469f,-0.08091547523651751f,-0.9377905519029888f,-0.16273162465246477f,0f,0f,0f,1f], start_interpolation: 0, interpolation_duration: 1 }
data modify entity @s data merge value {"locators":{"lefthand":{"posx":-1.1479749210143315,"posy":2.877859756531485,"posz":0.9201861900203112,"roty":325.8232239965264,"rotx":-70.18058707168737},"righthand":{"posx":-1.339023264668485,"posy":3.231395978306126,"posz":1.0304566716901777,"roty":326.3853183570833,"rotx":-73.9044516974276},"chest":{"posx":-0.3355980730630435,"posy":2.49237275581094,"posz":0.016937576735265636,"roty":36.04116834372411,"rotx":43.948098274131205},"sack":{"posx":0,"posy":-0.4375,"posz":0,"roty":0,"rotx":0}},"cameras":{}}