# This file was generated by Animated Java via MC-Build. It is not recommended to edit this file directly.
$data merge entity $(bone_nose) { transformation: [-1f,-4.203097079316307e-17f,1.1502606365864588e-16f,-4.819971944994984e-17f,0f,0.9392590887326165f,0.34320892213515497f,4.070846405274574f,-1.2246467991473532e-16f,0.34320892213515497f,-0.9392590887326165f,0.39191844473407333f,0f,0f,0f,1f], start_interpolation: 0, interpolation_duration: 1 }
$data merge entity $(bone_glowing_eye) { transformation: [-1f,-4.203097079316307e-17f,1.1502606365864588e-16f,-0.12500000000000006f,0f,0.9392590887326165f,0.34320892213515497f,4.122465387218386f,-1.2246467991473532e-16f,0.34320892213515497f,-0.9392590887326165f,0.44793251027337083f,0f,0f,0f,1f], start_interpolation: 0, interpolation_duration: 1 }
$data merge entity $(bone_head) { transformation: [-1f,-4.203097079316307e-17f,1.1502606365864588e-16f,-2.1470660972794073e-17f,0f,0.9392590887326165f,0.34320892213515497f,4.019137214896942f,-1.2246467991473532e-16f,0.34320892213515497f,-0.9392590887326165f,0.17365911889608004f,0f,0f,0f,1f], start_interpolation: 0, interpolation_duration: 1 }
$data merge entity $(bone_leftthumb2) { transformation: [-0.9999997998481915f,-0.0005736293872104768f,0.000266932394143966f,0.9540791083475685f,-0.0006033236350789976f,0.991608599398438f,-0.12927498443109375f,1.8468947096310235f,-0.00019053652739031766f,-0.12927511960309412f,-0.9916087470103505f,0.42297390277693053f,0f,0f,0f,1f], start_interpolation: 0, interpolation_duration: 1 }
$data merge entity $(bone_leftthumb) { transformation: [-0.9999997998481915f,-0.0005736293872104768f,0.000266932394143966f,0.953961241417648f,-0.0006033236350789976f,0.991608599398438f,-0.12927498443109375f,2.0790317645869747f,-0.00019053652739031766f,-0.12927511960309412f,-0.9916087470103505f,0.3065297447600317f,0f,0f,0f,1f], start_interpolation: 0, interpolation_duration: 1 }
$data merge entity $(bone_leftpointerfinger) { transformation: [-0.9999997998481915f,-0.0005736293872104768f,0.000266932394143966f,1.063536954124698f,-0.0006033236350789976f,0.991608599398438f,-0.12927498443109375f,1.7476664165367413f,-0.00019053652739031766f,-0.12927511960309412f,-0.9916087470103505f,0.30248732329637007f,0f,0f,0f,1f], start_interpolation: 0, interpolation_duration: 1 }
$data merge entity $(bone_leftmidfinger) { transformation: [-0.9999997998481915f,-0.0005736293872104768f,0.000266932394143966f,1.0635786623112828f,-0.0006033236350789976f,0.991608599398438f,-0.12927498443109375f,1.727467200219383f,-0.00019053652739031766f,-0.12927511960309412f,-0.9916087470103505f,0.14754845657600282f,0f,0f,0f,1f], start_interpolation: 0, interpolation_duration: 1 }
$data merge entity $(bone_leftringfinger) { transformation: [-0.9999997998481915f,-0.0005736293872104768f,0.000266932394143966f,1.063620370497868f,-0.0006033236350789976f,0.991608599398438f,-0.12927498443109375f,1.7072679839020246f,-0.00019053652739031766f,-0.12927511960309412f,-0.9916087470103505f,-0.007390410144364451f,0f,0f,0f,1f], start_interpolation: 0, interpolation_duration: 1 }
$data merge entity $(bone_invisibility) { transformation: [-0.0005481818631338878f,-0.0003159117310993126f,0.9999997998481913f,0.8759659093016189f,0.9765681720161216f,0.21520743808168447f,0.0006033236350790239f,1.8600503271778397f,-0.21520758560454029f,0.97656830728531f,0.00019053652739009025f,0.31929990483496945f,0f,0f,0f,1f], start_interpolation: 0, interpolation_duration: 1 }
$data merge entity $(bone_swiftness) { transformation: [0.00026693239414374395f,-0.0005736293872104768f,0.9999997998481915f,0.8240105236490767f,-0.12927498443109375f,0.991608599398438f,0.0006033236350789689f,1.701499306863045f,-0.9916087470103505f,-0.12927511960309412f,0.0001905365273900975f,0.15086937374465784f,0f,0f,0f,1f], start_interpolation: 0, interpolation_duration: 1 }
$data merge entity $(bone_suspicious_stew) { transformation: [-0.00040707427608651064f,-0.00048434916193117595f,0.9999997998481918f,0.8760428480030463f,0.8440686261204856f,0.5362348276638393f,0.0006033236350791078f,1.789329614500208f,-0.5362350125547659f,0.8440687027761555f,0.00019053652739030335f,0.13943303600192378f,0f,0f,0f,1f], start_interpolation: 0, interpolation_duration: 1 }
$data merge entity $(bone_log) { transformation: [-0.9999997998481915f,-0.0005736293872104768f,0.000266932394143966f,0.7822336755498526f,-0.0006033236350789976f,0.991608599398438f,-0.12927498443109375f,1.9071643629390165f,-0.00019053652739031766f,-0.12927511960309412f,-0.9916087470103505f,0.07677412323598398f,0f,0f,0f,1f], start_interpolation: 0, interpolation_duration: 1 }
$data merge entity $(bone_planks) { transformation: [-0.9999997998481915f,-0.0005736293872104768f,0.000266932394143966f,0.6884836943140846f,-0.0006033236350789976f,0.991608599398438f,-0.12927498443109375f,1.9071078013482279f,-0.00019053652739031766f,-0.12927511960309412f,-0.9916087470103505f,0.07675626043654116f,0f,0f,0f,1f], start_interpolation: 0, interpolation_duration: 1 }
$data merge entity $(bone_lefthand) { transformation: [-0.9999997998481915f,-0.0005736293872104768f,0.000266932394143966f,1.0320818765277808f,-0.0006033236350789976f,0.991608599398438f,-0.12927498443109375f,2.1592571869608674f,-0.00019053652739031766f,-0.12927511960309412f,-0.9916087470103505f,0.07549075081113146f,0f,0f,0f,1f], start_interpolation: 0, interpolation_duration: 1 }
$data merge entity $(bone_leftforearm) { transformation: [-0.9999997998481915f,-0.0005736293872104768f,0.000266932394143966f,0.9691743850557281f,-0.0006033236350789976f,0.991608599398438f,-0.12927498443109375f,2.8584641973174376f,-0.00019053652739031766f,-0.12927511960309412f,-0.9916087470103505f,0.00007616047928073189f,0f,0f,0f,1f], start_interpolation: 0, interpolation_duration: 1 }
$data merge entity $(bone_leftelbow) { transformation: [-0.9999997998481915f,-0.0005736293872104768f,0.000266932394143966f,0.9690668295456261f,-0.0006033236350789976f,0.991608599398438f,-0.12927498443109375f,3.0443908097046446f,-0.00019053652739031766f,-0.12927511960309412f,-0.9916087470103505f,-0.024162924446299416f,0f,0f,0f,1f], start_interpolation: 0, interpolation_duration: 1 }
$data merge entity $(bone_leftarm) { transformation: [-0.9999997998481915f,-0.0006303315579310108f,0.000054641595796257715f,0.75f,-0.0006033236350789976f,0.9760219322661084f,0.21767136636710732f,3.525467568593553f,-0.00019053652739031766f,0.2176712898332235f,-0.9760221172074803f,0.11513173176767946f,0f,0f,0f,1f], start_interpolation: 0, interpolation_duration: 1 }
$data merge entity $(bone_rightthumb2) { transformation: [-0.9999999499636553f,0.00028065176099944427f,-0.00014597011993168396f,-0.9535907958376548f,0.000301645250013001f,0.9849719100791573f,-0.1727143461475033f,1.874119031152715f,0.00009530388244743002f,-0.17271438153670216f,-0.984971945452034f,0.45442317393154663f,0f,0f,0f,1f], start_interpolation: 0, interpolation_duration: 1 }
$data merge entity $(bone_rightthumb) { transformation: [-0.9999999499636553f,0.00028065176099944427f,-0.00014597011993168396f,-0.953534442339682f,0.000301645250013001f,0.9849719100791573f,-0.1727143461475033f,2.1009162685744025f,0.00009530388244743002f,-0.17271438153670216f,-0.984971945452034f,0.32789302718906477f,0f,0f,0f,1f], start_interpolation: 0, interpolation_duration: 1 }
$data merge entity $(bone_rightpointerfinger) { transformation: [-0.9999999499636553f,0.00028065176099944427f,-0.00014597011993168396f,-1.0630083680754066f,0.000301645250013001f,0.9849719100791573f,-0.1727143461475033f,1.769659368053235f,0.00009530388244743002f,-0.17271438153670216f,-0.984971945452034f,0.3384047975498738f,0f,0f,0f,1f], start_interpolation: 0, interpolation_duration: 1 }
$data merge entity $(bone_rightmidfinger) { transformation: [-0.9999999499636553f,0.00028065176099944427f,-0.00014597011993168396f,-1.0630311759066458f,0.000301645250013001f,0.9849719100791573f,-0.1727143461475033f,1.7426727514676876f,0.00009530388244743002f,-0.17271438153670216f,-0.984971945452034f,0.18450293107299348f,0f,0f,0f,1f], start_interpolation: 0, interpolation_duration: 1 }
$data merge entity $(bone_rightringfinger) { transformation: [-0.9999999499636553f,0.00028065176099944427f,-0.00014597011993168396f,-1.0630539837378852f,0.000301645250013001f,0.9849719100791573f,-0.1727143461475033f,1.7156861348821402f,0.00009530388244743002f,-0.17271438153670216f,-0.984971945452034f,0.03060106459611317f,0f,0f,0f,1f], start_interpolation: 0, interpolation_duration: 1 }
$data merge entity $(bone_hugeasssword) { transformation: [-3.9166664706909833f,0.0010992193972478234f,-0.0005717163030657622f,-0.797346901025473f,0.001181443895884254f,3.8578066478100332f,-0.6764645224110547f,1.9453637078415364f,0.0003732735395857676f,-0.6764646610187501f,-3.8578067863538004f,0.16478519387726376f,0f,0f,0f,1f], start_interpolation: 0, interpolation_duration: 1 }
$data merge entity $(bone_ice) { transformation: [-0.9999999499636553f,0.00028065176099944427f,-0.00014597011993168396f,-0.7817262869910564f,0.000301645250013001f,0.9849719100791573f,-0.1727143461475033f,1.9299688085395184f,0.00009530388244743002f,-0.17271438153670216f,-0.984971945452034f,0.1674823669656115f,0f,0f,0f,1f], start_interpolation: 0, interpolation_duration: 1 }
$data merge entity $(bone_righthand) { transformation: [-0.9999999499636553f,0.00028065176099944427f,-0.00014597011993168396f,-1.0316606731079683f,0.000301645250013001f,0.9849719100791573f,-0.1727143461475033f,2.1708898740547014f,0.00009530388244743002f,-0.17271438153670216f,-0.984971945452034f,0.09354722425667175f,0f,0f,0f,1f], start_interpolation: 0, interpolation_duration: 1 }
$data merge entity $(bone_rightforearm) { transformation: [-0.9999999499636553f,0.00028065176099944427f,-0.00014597011993168396f,-0.9689610621826631f,0.000301645250013001f,0.9849719100791573f,-0.1727143461475033f,2.866128057159538f,0.00009530388244743002f,-0.17271438153670216f,-0.984971945452034f,-0.012508345106286893f,0f,0f,0f,1f], start_interpolation: 0, interpolation_duration: 1 }
$data merge entity $(bone_rightelbow) { transformation: [-0.9999999499636553f,0.00028065176099944427f,-0.00014597011993168396f,-0.9689084399774757f,0.000301645250013001f,0.9849719100791573f,-0.1727143461475033f,3.05081029029938f,0.00009530388244743002f,-0.17271438153670216f,-0.984971945452034f,-0.04489229164441855f,0f,0f,0f,1f], start_interpolation: 0, interpolation_duration: 1 }
$data merge entity $(bone_rightarm) { transformation: [-0.9999999499636553f,0.0003160465147909548f,-0.0000136852969807075f,-0.75f,0.000301645250013001f,0.9656799488636426f,0.2597347596546443f,3.525467568593553f,0.00009530388244743002f,0.2597347425303615f,-0.9656799958784779f,0.11513173176767927f,0f,0f,0f,1f], start_interpolation: 0, interpolation_duration: 1 }
$data merge entity $(bone_chest) { transformation: [-1.0833333333333333f,-2.312057399378354e-17f,1.3063991161774946e-16f,-0.002323124999999998f,0f,1.0667558328548774f,0.18879381393787162f,3.3868018366319914f,-1.3267006990762992e-16f,0.18879381393787162f,-1.0667558328548774f,-0.021189112081842522f,0f,0f,0f,1f], start_interpolation: 0, interpolation_duration: 1 }
$data merge entity $(bone_chest1lid) { transformation: [-1f,-2.134206830195404e-17f,1.2059068764715335e-16f,-0.34375000000000006f,0f,0.9846976918660408f,0.17427121286572766f,2.645615112463095f,-1.2246467991473532e-16f,0.17427121286572766f,-0.9846976918660408f,0.24503662174954557f,0f,0f,0f,1f], start_interpolation: 0, interpolation_duration: 1 }
$data merge entity $(bone_chest1) { transformation: [-1f,-2.134206830195404e-17f,1.2059068764715335e-16f,-0.34375000000000006f,0f,0.9846976918660408f,0.17427121286572766f,2.4917560981090263f,-1.2246467991473532e-16f,0.17427121286572766f,-0.9846976918660408f,0.21780674473927564f,0f,0f,0f,1f], start_interpolation: 0, interpolation_duration: 1 }
$data merge entity $(bone_chest1lid3) { transformation: [-1f,-2.134206830195404e-17f,1.2059068764715335e-16f,-0.28124999999999994f,0f,0.9846976918660408f,0.17427121286572766f,2.757257608205202f,-1.2246467991473532e-16f,0.17427121286572766f,-0.9846976918660408f,-0.3857853371021368f,0f,0f,0f,1f], start_interpolation: 0, interpolation_duration: 1 }
$data merge entity $(bone_chest3) { transformation: [-1f,-2.134206830195404e-17f,1.2059068764715335e-16f,-0.28124999999999994f,0f,0.9846976918660408f,0.17427121286572766f,2.603398593851133f,-1.2246467991473532e-16f,0.17427121286572766f,-0.9846976918660408f,-0.41301521411240677f,0f,0f,0f,1f], start_interpolation: 0, interpolation_duration: 1 }
$data merge entity $(bone_hugeasssword2) { transformation: [-1.3419882292410567e-15f,2.887669569172986f,-2.646061646494669f,-1.234375f,-0.6825622503907666f,2.6055707958385566f,2.8434815596364436f,4.575516965284241f,3.8567326264753268f,0.461132372452111f,0.5032376781752282f,-0.07985868981635846f,0f,0f,0f,1f], start_interpolation: 0, interpolation_duration: 1 }
$data merge entity $(bone_belt) { transformation: [-1f,-2.134206830195404e-17f,1.2059068764715335e-16f,0.029705624999999992f,0f,0.9846976918660408f,0.17427121286572766f,2.9717546675888356f,-1.2246467991473532e-16f,0.17427121286572766f,-0.9846976918660408f,0.03829282530684658f,0f,0f,0f,1f], start_interpolation: 0, interpolation_duration: 1 }
$data merge entity $(bone_torn_part) { transformation: [-1f,-4.693677794575884e-17f,1.1311293782184735e-16f,-0.09375f,0f,0.9236372307558471f,0.3832678775499847f,2.6970535765299037f,-1.2246467991473532e-16f,0.3832678775499847f,-0.9236372307558471f,-0.0034678394552944136f,0f,0f,0f,1f], start_interpolation: 0, interpolation_duration: 1 }
$data merge entity $(bone_lowerbody) { transformation: [-1f,-1.0750684338380019e-17f,1.2199188748795998e-16f,0.0039062499999999883f,0f,0.996139356856977f,0.08778599957036644f,2.1983125f,-1.2246467991473532e-16f,0.08778599957036644f,-0.996139356856977f,0.09375f,0f,0f,0f,1f], start_interpolation: 0, interpolation_duration: 1 }
$data merge entity $(bone_leftfoot) { transformation: [-0.996165190947912f,-0.08415732202744344f,-0.023926083943662583f,0.45040523976231817f,-0.08415847406699016f,0.9964519198361563f,-0.0009605714726072245f,0.1635061737325083f,0.023922031402574196f,0.0010566948506685048f,-0.9997132687973923f,-0.26636953603362373f,0f,0f,0f,1f], start_interpolation: 0, interpolation_duration: 1 }
$data merge entity $(bone_leftlowerleg) { transformation: [-0.996165190947912f,-0.07505456695329309f,-0.04496358885991696f,0.37405003826113364f,-0.08415847406699016f,0.9625029515765577f,0.257886446811635f,1.191659761338349f,0.023922031402574196f,0.2606815685580171f,-0.9651284143717386f,0.1711118375168313f,0f,0f,0f,1f], start_interpolation: 0, interpolation_duration: 1 }
$data merge entity $(bone_leftleg) { transformation: [-0.996165190947912f,-0.08748386903452811f,-0.001218606769854512f,0.25f,-0.08415847406699016f,0.961921747284672f,-0.26004596390545914f,2.21784375f,0.023922031402574196f,-0.2589461812028769f,-0.9655954699842068f,-0.07812499999999997f,0f,0f,0f,1f], start_interpolation: 0, interpolation_duration: 1 }
$data merge entity $(bone_rightfoot) { transformation: [-0.996145423882469f,0.08042877758281348f,0.035007230889497754f,-0.4449700194797506f,0.08188111939116607f,0.9957464305478549f,0.0422436780886313f,0.18886529756468673f,-0.03146071781231148f,0.044947277867971314f,-0.9984938484772921f,-0.17877541191433632f,0f,0f,0f,1f], start_interpolation: 0, interpolation_duration: 1 }
$data merge entity $(bone_rightlowerleg) { transformation: [-0.996145423882469f,0.07088001180885975f,0.05167512364757523f,-0.3742771630490808f,0.08188111939116607f,0.9626743915665193f,0.2579796466957842f,1.2171947566549413f,-0.03146071781231148f,0.2612164614797619f,-0.9647674245571967f,0.2592438939655054f,0f,0f,0f,1f], start_interpolation: 0, interpolation_duration: 1 }
$data merge entity $(bone_rightleg) { transformation: [-0.996145423882469f,0.08770463320333778f,0.0014804704266777192f,-0.25f,0.08188111939116607f,0.9357906889994748f,-0.342915833214417f,2.21784375f,-0.03146071781231148f,-0.34147281545762354f,-0.9393649661011304f,-0.07812500000000003f,0f,0f,0f,1f], start_interpolation: 0, interpolation_duration: 1 }
data modify entity @s data merge value {"locators":{"lefthand":{"posx":0.8760243007628379,"posy":1.831771424333538,"posz":0.10238549142645526,"roty":0.015423521904637028,"rotx":-7.427698460105974},"righthand":{"posx":-0.8754783867007908,"posy":1.917305563345275,"posz":0.18558015056378996,"roty":359.99150892389935,"rotx":-9.945674533472989},"chest":{"posx":-0.37500000000000006,"posy":2.5568416297111978,"posz":0.38800368529950646,"roty":0,"rotx":10.03625},"sack":{"posx":0,"posy":-0.4375,"posz":0,"roty":0,"rotx":0}},"cameras":{}}