# This file was generated by Animated Java via MC-Build. It is not recommended to edit this file directly.
$data merge entity $(bone_nose) { transformation: [-1f,-4.887187681836447e-17f,1.122904158103851e-16f,-5.5016111127867645e-17f,0f,0.9169208288346163f,0.3990691589802952f,4.011306611032473f,-1.2246467991473532e-16f,0.3990691589802952f,-0.9169208288346163f,0.44936823464713505f,0f,0f,0f,1f], start_interpolation: 0, interpolation_duration: 1 }
$data merge entity $(bone_glowing_eye) { transformation: [-1f,-4.887187681836447e-17f,1.122904158103851e-16f,-0.12500000000000006f,0f,0.9169208288346163f,0.3990691589802952f,4.059463833405469f,-1.2246467991473532e-16f,0.3990691589802952f,-0.9169208288346163f,0.5083849845447197f,0f,0f,0f,1f], start_interpolation: 0, interpolation_duration: 1 }
$data merge entity $(bone_head) { transformation: [-1f,-4.887187681836447e-17f,1.122904158103851e-16f,-2.7954622690377414e-17f,0f,0.9169208288346163f,0.3990691589802952f,3.97281578783042f,-1.2246467991473532e-16f,0.3990691589802952f,-0.9169208288346163f,0.22839441218394402f,0f,0f,0f,1f], start_interpolation: 0, interpolation_duration: 1 }
$data merge entity $(bone_leftthumb2) { transformation: [-0.999528227725074f,-0.02822185721027799f,0.012118116865885806f,1.000061620756863f,-0.028996031280688967f,0.9971712748512119f,-0.06934463772764182f,1.7935571796041552f,-0.010126803579703358f,-0.06966330014585342f,-0.997519158944853f,0.36382303281332523f,0f,0f,0f,1f], start_interpolation: 0, interpolation_duration: 1 }
$data merge entity $(bone_leftthumb) { transformation: [-0.999528227725074f,-0.02822185721027799f,0.012118116865885806f,0.9941760059120378f,-0.028996031280688967f,0.9971712748512119f,-0.06934463772764182f,2.0321799365982436f,-0.010126803579703358f,-0.06966330014585342f,-0.997519158944853f,0.261493137401776f,0f,0f,0f,1f], start_interpolation: 0, interpolation_duration: 1 }
$data merge entity $(bone_leftpointerfinger) { transformation: [-0.999528227725074f,-0.02822185721027799f,0.012118116865885806f,1.1133277394446786f,-0.028996031280688967f,0.9971712748512119f,-0.06934463772764182f,1.7049040230655317f,-0.010126803579703358f,-0.06966330014585342f,-0.997519158944853f,0.2387003163281242f,0f,0f,0f,1f], start_interpolation: 0, interpolation_duration: 1 }
$data merge entity $(bone_leftmidfinger) { transformation: [-0.999528227725074f,-0.02822185721027799f,0.012118116865885806f,1.1152211952049733f,-0.028996031280688967f,0.9971712748512119f,-0.06934463772764182f,1.6940689234205877f,-0.010126803579703358f,-0.06966330014585342f,-0.997519158944853f,0.08283794774299091f,0f,0f,0f,1f], start_interpolation: 0, interpolation_duration: 1 }
$data merge entity $(bone_leftringfinger) { transformation: [-0.999528227725074f,-0.02822185721027799f,0.012118116865885806f,1.1171146509652679f,-0.028996031280688967f,0.9971712748512119f,-0.06934463772764182f,1.6832338237756437f,-0.010126803579703358f,-0.06966330014585342f,-0.997519158944853f,-0.07302442084214236f,0f,0f,0f,1f], start_interpolation: 0, interpolation_duration: 1 }
$data merge entity $(bone_invisibility) { transformation: [-0.02705830104703225f,-0.014531700699531674f,0.9995282277250738f,0.9224507399617942f,0.9873329536894441f,0.15598996355165623f,0.028996031280689002f,1.8106998953162425f,-0.15633773345973095f,0.9876517407193347f,0.010126803579703131f,0.2603545909205037f,0f,0f,0f,1f], start_interpolation: 0, interpolation_duration: 1 }
$data merge entity $(bone_swiftness) { transformation: [0.012118116865885584f,-0.02822185721027799f,0.999528227725074f,0.8764860489586264f,-0.06934463772764182f,0.9971712748512119f,0.028996031280688953f,1.6611537539404964f,-0.997519158944853f,-0.06966330014585342f,0.010126803579703136f,0.08222589944959019f,0f,0f,0f,1f], start_interpolation: 0, interpolation_duration: 1 }
$data merge entity $(bone_suspicious_stew) { transformation: [-0.020456351468880057f,-0.022909815917074267f,0.9995282277250742f,0.9260457864308795f,0.8744377811494225f,0.4842703759971736f,0.028996031280689085f,1.750955372233659f,-0.4847062043991767f,0.874618398655209f,0.010126803579703353f,0.07658521581268068f,0f,0f,0f,1f], start_interpolation: 0, interpolation_duration: 1 }
$data merge entity $(bone_log) { transformation: [-0.999528227725074f,-0.02822185721027799f,0.012118116865885806f,0.8293803196584575f,-0.028996031280688967f,0.9971712748512119f,-0.06934463772764182f,1.8696328737640129f,-0.010126803579703358f,-0.06966330014585342f,-0.997519158944853f,0.02016920488331181f,0f,0f,0f,1f], start_interpolation: 0, interpolation_duration: 1 }
$data merge entity $(bone_planks) { transformation: [-0.999528227725074f,-0.02822185721027799f,0.012118116865885806f,0.7356745483092318f,-0.028996031280688967f,0.9971712748512119f,-0.06934463772764182f,1.8669144958314483f,-0.010126803579703358f,-0.06966330014585342f,-0.997519158944853f,0.019219817047714638f,0f,0f,0f,1f], start_interpolation: 0, interpolation_duration: 1 }
$data merge entity $(bone_lefthand) { transformation: [-0.999528227725074f,-0.02822185721027799f,0.012118116865885806f,1.0718282211350976f,-0.028996031280688967f,0.9971712748512119f,-0.06934463772764182f,2.128341720225977f,-0.010126803579703358f,-0.06966330014585342f,-0.997519158944853f,0.036457554458800986f,0f,0f,0f,1f], start_interpolation: 0, interpolation_duration: 1 }
$data merge entity $(bone_leftforearm) { transformation: [-0.999528227725074f,-0.02822185721027799f,0.012118116865885806f,0.9893248679752742f,-0.028996031280688967f,0.9971712748512119f,-0.06934463772764182f,2.8287490308651866f,-0.010126803579703358f,-0.06966330014585342f,-0.997519158944853f,0.0024288581785296623f,0f,0f,0f,1f], start_interpolation: 0, interpolation_duration: 1 }
$data merge entity $(bone_leftelbow) { transformation: [-0.999528227725074f,-0.02822185721027799f,0.012118116865885806f,0.984033269748347f,-0.028996031280688967f,0.9971712748512119f,-0.06934463772764182f,3.015718644899789f,-0.010126803579703358f,-0.06966330014585342f,-0.997519158944853f,-0.010633010598817855f,0f,0f,0f,1f], start_interpolation: 0, interpolation_duration: 1 }
$data merge entity $(bone_leftarm) { transformation: [-0.999528227725074f,-0.030664511032679274f,0.0017348613487183175f,0.75f,-0.028996031280688967f,0.9607517515718353f,0.2758900179811141f,3.481130075781146f,-0.010126803579703358f,0.2757095566257667f,-0.9611876446534678f,0.15504364332642626f,0f,0f,0f,1f], start_interpolation: 0, interpolation_duration: 1 }
$data merge entity $(bone_rightthumb2) { transformation: [-0.9998820533027482f,0.013730417756724728f,-0.006881505017516044f,-0.9759025406335867f,0.01449897617078847f,0.9916576906905994f,-0.12808124056311432f,1.8192137170661358f,0.005065488434414617f,-0.12816590858107801f,-0.9917398049410479f,0.4206033273038197f,0f,0f,0f,1f], start_interpolation: 0, interpolation_duration: 1 }
$data merge entity $(bone_rightthumb) { transformation: [-0.9998820533027482f,0.013730417756724728f,-0.006881505017516044f,-0.9731233348719175f,0.01449897617078847f,0.9916576906905994f,-0.12808124056311432f,2.051464825659903f,0.005065488434414617f,-0.12816590858107801f,-0.9917398049410479f,0.3044199950878751f,0f,0f,0f,1f], start_interpolation: 0, interpolation_duration: 1 }
$data merge entity $(bone_rightpointerfinger) { transformation: [-0.9998820533027482f,0.013730417756724728f,-0.006881505017516044f,-1.0873132983260267f,0.01449897617078847f,0.9916576906905994f,-0.12808124056311432f,1.721659163269334f,0.005065488434414617f,-0.12816590858107801f,-0.9917398049410479f,0.3005406682819438f,0f,0f,0f,1f], start_interpolation: 0, interpolation_duration: 1 }
$data merge entity $(bone_rightmidfinger) { transformation: [-0.9998820533027482f,0.013730417756724728f,-0.006881505017516044f,-1.0883885334850136f,0.01449897617078847f,0.9916576906905994f,-0.12808124056311432f,1.7016464694313473f,0.005065488434414617f,-0.12816590858107801f,-0.9917398049410479f,0.14558132375990507f,0f,0f,0f,1f], start_interpolation: 0, interpolation_duration: 1 }
$data merge entity $(bone_rightringfinger) { transformation: [-0.9998820533027482f,0.013730417756724728f,-0.006881505017516044f,-1.0894637686440005f,0.01449897617078847f,0.9916576906905994f,-0.12808124056311432f,1.6816337755933608f,0.005065488434414617f,-0.12816590858107801f,-0.9917398049410479f,-0.009378020762133649f,0f,0f,0f,1f], start_interpolation: 0, interpolation_duration: 1 }
$data merge entity $(bone_hugeasssword) { transformation: [-3.916204708769097f,0.05377746954717186f,-0.026952561318604507f,-0.8198983484537379f,0.056787656668921514f,3.8839926218715144f,-0.5016515255388645f,1.9012269166913085f,0.019839829701457253f,-0.5019831419425556f,-3.8843142360191045f,0.1336980376661861f,0f,0f,0f,1f], start_interpolation: 0, interpolation_duration: 1 }
$data merge entity $(bone_ice) { transformation: [-0.9998820533027482f,0.013730417756724728f,-0.006881505017516044f,-0.8044897291483313f,0.01449897617078847f,0.9916576906905994f,-0.12808124056311432f,1.8855057187715993f,0.005065488434414617f,-0.12816590858107801f,-0.9917398049410479f,0.1356214817309777f,0f,0f,0f,1f], start_interpolation: 0, interpolation_duration: 1 }
$data merge entity $(bone_righthand) { transformation: [-0.9998820533027482f,0.013730417756724728f,-0.006881505017516044f,-1.0512426850666345f,0.01449897617078847f,0.9916576906905994f,-0.12808124056311432f,2.133042346719349f,0.005065488434414617f,-0.12816590858107801f,-0.9917398049410479f,0.07385450778990411f,0f,0f,0f,1f], start_interpolation: 0, interpolation_duration: 1 }
$data merge entity $(bone_rightforearm) { transformation: [-0.9998820533027482f,0.013730417756724728f,-0.006881505017516044f,-0.978988333234117f,0.01449897617078847f,0.9916576906905994f,-0.12808124056311432f,2.831396743859301f,0.005065488434414617f,-0.12816590858107801f,-0.9917398049410479f,-0.0010828052561134005f,0f,0f,0f,1f], start_interpolation: 0, interpolation_duration: 1 }
$data merge entity $(bone_rightelbow) { transformation: [-0.9998820533027482f,0.013730417756724728f,-0.006881505017516044f,-0.9764138799047312f,0.01449897617078847f,0.9916576906905994f,-0.12808124056311432f,3.0173325608637884f,0.005065488434414617f,-0.12816590858107801f,-0.9917398049410479f,-0.025113913115065528f,0f,0f,0f,1f], start_interpolation: 0, interpolation_duration: 1 }
$data merge entity $(bone_rightarm) { transformation: [-0.9998820533027482f,0.015352234220848445f,-0.00043403629858592953f,-0.75f,0.01449897617078847f,0.9528765583960477f,0.3030116237857924f,3.481130075781146f,0.005065488434414617f,0.30296959148358754f,-0.9529867614312325f,0.15504364332642606f,0f,0f,0f,1f], start_interpolation: 0, interpolation_duration: 1 }
$data merge entity $(bone_chest) { transformation: [-1.0833333333333333f,-2.7039835035382538e-17f,1.2988531391406306e-16f,-0.002323125000000002f,0f,1.0605940749977405f,0.2207970090168751f,3.346627702572766f,-1.3267006990762992e-16f,0.2207970090168751f,-1.0605940749977405f,0.014613342858204481f,0f,0f,0f,1f], start_interpolation: 0, interpolation_duration: 1 }
$data merge entity $(bone_chest1lid) { transformation: [-1f,-2.49598477249685e-17f,1.198941359206736e-16f,-0.34375000000000006f,0f,0.9790099153825298f,0.20381262370788472f,2.5977681592592936f,-1.2246467991473532e-16f,0.20381262370788472f,-0.9790099153825298f,0.25842328077423493f,0f,0f,0f,1f], start_interpolation: 0, interpolation_duration: 1 }
$data merge entity $(bone_chest1) { transformation: [-1f,-2.49598477249685e-17f,1.198941359206736e-16f,-0.34375000000000006f,0f,0.9790099153825298f,0.20381262370788472f,2.444797859980773f,-1.2246467991473532e-16f,0.20381262370788472f,-0.9790099153825298f,0.22657755831987794f,0f,0f,0f,1f], start_interpolation: 0, interpolation_duration: 1 }
$data merge entity $(bone_chest1lid3) { transformation: [-1f,-2.49598477249685e-17f,1.198941359206736e-16f,-0.28124999999999994f,0f,0.9790099153825298f,0.20381262370788472f,2.7283356213221572f,-1.2246467991473532e-16f,0.20381262370788472f,-0.9790099153825298f,-0.3687549462676982f,0f,0f,0f,1f], start_interpolation: 0, interpolation_duration: 1 }
$data merge entity $(bone_chest3) { transformation: [-1f,-2.49598477249685e-17f,1.198941359206736e-16f,-0.28124999999999994f,0f,0.9790099153825298f,0.20381262370788472f,2.5753653220436368f,-1.2246467991473532e-16f,0.20381262370788472f,-0.9790099153825298f,-0.40060066872205524f,0f,0f,0f,1f], start_interpolation: 0, interpolation_duration: 1 }
$data merge entity $(bone_hugeasssword2) { transformation: [-1.3392600683123443e-15f,2.887669569172986f,-2.646061646494669f,-1.234375f,-0.7982661095225483f,2.5905205886317035f,2.827057140568751f,4.536569725054132f,3.8344555019149085f,0.5393007666648845f,0.5885435112945621f,-0.008272451234137917f,0f,0f,0f,1f], start_interpolation: 0, interpolation_duration: 1 }
$data merge entity $(bone_belt) { transformation: [-1f,-2.49598477249685e-17f,1.198941359206736e-16f,0.029705624999999992f,0f,0.9790099153825298f,0.20381262370788472f,2.9299791010035214f,-1.2246467991473532e-16f,0.20381262370788472f,-0.9790099153825298f,0.06158350590500436f,0f,0f,0f,1f], start_interpolation: 0, interpolation_duration: 1 }
$data merge entity $(bone_torn_part) { transformation: [-1f,-5.031804016432132e-17f,1.116498663709022e-16f,-0.09375000000000001f,0f,0.9116903457277412f,0.41087797885361477f,2.656658503272004f,-1.2246467991473532e-16f,0.41087797885361477f,-0.9116903457277412f,0.011578572088136369f,0f,0f,0f,1f], start_interpolation: 0, interpolation_duration: 1 }
$data merge entity $(bone_lowerbody) { transformation: [-1f,-1.441540550153594e-17f,1.2161329660380423e-16f,0.0039062499999999883f,0f,0.9930479276839342f,0.11771071880947638f,2.15521875f,-1.2246467991473532e-16f,0.11771071880947638f,-0.9930479276839342f,0.09375f,0f,0f,0f,1f], start_interpolation: 0, interpolation_duration: 1 }
$data merge entity $(bone_leftfoot) { transformation: [-0.9926205789237295f,-0.08246234905496527f,-0.08890639620104525f,0.43302418842473756f,-0.08267334883804534f,0.9965758345101815f,-0.001312807007427419f,0.157649964800181f,0.08871022313703773f,0.0060470702553346856f,-0.9960391203423208f,-0.2622845974216249f,0f,0f,0f,1f], start_interpolation: 0, interpolation_duration: 1 }
$data merge entity $(bone_leftlowerleg) { transformation: [-0.9926205789237295f,-0.051643141357501865f,-0.10971495908876439f,0.39258980194230153f,-0.08267334883804534f,0.9501140093689571f,0.3007465487628222f,1.165474302492611f,0.08871022313703773f,0.30759771642776335f,-0.947372229463901f,0.22451621754404963f,0f,0f,0f,1f], start_interpolation: 0, interpolation_duration: 1 }
$data merge entity $(bone_leftleg) { transformation: [-0.9926205789237295f,-0.10643170019367414f,-0.0581092031523753f,0.25f,-0.08267334883804534f,0.9445490052132296f,-0.3177928478468346f,2.17475f,0.08871022313703773f,-0.3106436381846285f,-0.9463778454541265f,-0.07812499999999997f,0f,0f,0f,1f], start_interpolation: 0, interpolation_duration: 1 }
$data merge entity $(bone_rightfoot) { transformation: [-0.9906657293827167f,0.07554293316927643f,0.11346663771696136f,-0.42884961971618923f,0.08074540894550869f,0.995850729873376f,0.041970260243259616f,0.1898447434408559f,-0.10982527742206018f,0.050740408540399184f,-0.9926549346980152f,-0.2087124023689655f,0f,0f,0f,1f], start_interpolation: 0, interpolation_duration: 1 }
$data merge entity $(bone_rightlowerleg) { transformation: [-0.9906657293827167f,0.04129554012760391f,0.12990800973065278f,-0.40299717723470085f,0.08074540894550869f,0.945594633112629f,0.3151681595003134f,1.1904395807036532f,-0.10982527742206018f,0.32271576998058515f,-0.9401026221881341f,0.29374305990348093f,0f,0f,0f,1f], start_interpolation: 0, interpolation_duration: 1 }
$data merge entity $(bone_rightleg) { transformation: [-0.9906657293827167f,0.1165911395834338f,0.0706251994492488f,-0.25f,0.08074540894550869f,0.9193465011226825f,-0.38507426531476247f,2.17475f,-0.10982527742206018f,-0.3757772173031752f,-0.9201792713352381f,-0.07812500000000003f,0f,0f,0f,1f], start_interpolation: 0, interpolation_duration: 1 }
data modify entity @s data merge value {"locators":{"lefthand":{"posx":0.9251015780262066,"posy":1.7955307558133209,"posz":0.042147274901317165,"roty":0.696009488211871,"rotx":-3.976346254989598},"righthand":{"posx":-0.8983356859070141,"posy":1.8733716157543687,"posz":0.15359489804548732,"roty":359.60244122039865,"rotx":-7.358728583298711},"chest":{"posx":-0.37500000000000006,"posy":2.5047343170935283,"posz":0.3986552910710124,"roty":0,"rotx":11.760000000000003},"sack":{"posx":0,"posy":-0.4375,"posz":0,"roty":0,"rotx":0}},"cameras":{}}