# This file was generated by Animated Java via MC-Build. It is not recommended to edit this file directly.
$data merge entity $(bone_nose) { transformation: [-1f,-4.3967223367037425e-17f,1.1429996104991294e-16f,-5.081787114352301e-17f,0f,0.933330010983518f,0.3590196242512462f,4.05432035302397f,-1.2246467991473532e-16f,0.3590196242512462f,-0.933330010983518f,0.4081306987483677f,0f,0f,0f,1f], start_interpolation: 0, interpolation_duration: 1 }
$data merge entity $(bone_glowing_eye) { transformation: [-1f,-4.3967223367037425e-17f,1.1429996104991294e-16f,-0.12500000000000006f,0f,0.933330010983518f,0.3590196242512462f,4.104986163898381f,-1.2246467991473532e-16f,0.3590196242512462f,-0.933330010983518f,0.4650083784091509f,0f,0f,0f,1f], start_interpolation: 0, interpolation_duration: 1 }
$data merge entity $(bone_head) { transformation: [-1f,-4.3967223367037425e-17f,1.1429996104991294e-16f,-2.398569659333282e-17f,0f,0.933330010983518f,0.3590196242512462f,4.006303899663177f,-1.2246467991473532e-16f,0.3590196242512462f,-0.933330010983518f,0.18902936627543104f,0f,0f,0f,1f], start_interpolation: 0, interpolation_duration: 1 }
$data merge entity $(bone_leftthumb2) { transformation: [-0.9999588142461926f,-0.00826036945635518f,0.00375980156299121f,0.9668639725257056f,-0.008631063797202387f,0.9936098304341325f,-0.11253892483218139f,1.8313166294868486f,-0.002806162696134879f,-0.11256674091888444f,-0.9936402036400416f,0.406410933781636f,0f,0f,0f,1f], start_interpolation: 0, interpolation_duration: 1 }
$data merge entity $(bone_leftthumb) { transformation: [-0.9999588142461926f,-0.00826036945635518f,0.00375980156299121f,0.9651594821113747f,-0.008631063797202387f,0.9936098304341325f,-0.11253892483218139f,2.0653746931582453f,-0.002806162696134879f,-0.11256674091888444f,-0.9936402036400416f,0.29389077711926764f,0f,0f,0f,1f], start_interpolation: 0, interpolation_duration: 1 }
$data merge entity $(bone_leftpointerfinger) { transformation: [-0.9999588142461926f,-0.00826036945635518f,0.00375980156299121f,1.0774166518456838f,-0.008631063797202387f,0.9936098304341325f,-0.11253892483218139f,1.7350152280483562f,-0.002806162696134879f,-0.11256674091888444f,-0.9936402036400416f,0.28455677848253946f,0f,0f,0f,1f], start_interpolation: 0, interpolation_duration: 1 }
$data merge entity $(bone_leftmidfinger) { transformation: [-0.9999588142461926f,-0.00826036945635518f,0.00375980156299121f,1.0780041208399012f,-0.008631063797202387f,0.9936098304341325f,-0.11253892483218139f,1.7174310210433277f,-0.002806162696134879f,-0.11256674091888444f,-0.9936402036400416f,0.12930049666378293f,0f,0f,0f,1f], start_interpolation: 0, interpolation_duration: 1 }
$data merge entity $(bone_leftringfinger) { transformation: [-0.9999588142461926f,-0.00826036945635518f,0.00375980156299121f,1.0785915898341185f,-0.008631063797202387f,0.9936098304341325f,-0.11253892483218139f,1.6998468140382994f,-0.002806162696134879f,-0.11256674091888444f,-0.9936402036400416f,-0.02595578515497357f,0f,0f,0f,1f], start_interpolation: 0, interpolation_duration: 1 }
$data merge entity $(bone_invisibility) { transformation: [-0.007901247958893938f,-0.004465433018267551f,0.9999588142461924f,0.8889034024663904f,0.9800204314685492f,0.19870948301962615f,0.008631063797202417f,1.8455898201911196f,-0.19873984045704185f,0.980048264763543f,0.0028061626961346517f,0.30276989205276245f,0f,0f,0f,1f], start_interpolation: 0, interpolation_duration: 1 }
$data merge entity $(bone_swiftness) { transformation: [0.003759801562990988f,-0.00826036945635518f,0.9999588142461926f,0.8386459787603401f,-0.11253892483218139f,0.9936098304341325f,0.008631063797202363f,1.689487700803783f,-0.9936402036400416f,-0.11256674091888444f,0.0028061626961346582f,0.1315596364319515f,0f,0f,0f,1f], start_interpolation: 0, interpolation_duration: 1 }
$data merge entity $(bone_suspicious_stew) { transformation: [-0.005897476361053089f,-0.006898520415232183f,0.9999588142461928f,0.8899955700777179f,0.852955321807876f,0.5219125633066825f,0.0086310637972025f,1.7779133109834857f,-0.5219506095141512f,0.8529710936946978f,0.002806162696134867f,0.12173891985082738f,0f,0f,0f,1f], start_interpolation: 0, interpolation_duration: 1 }
$data merge entity $(bone_log) { transformation: [-0.9999588142461926f,-0.00826036945635518f,0.00375980156299121f,0.7953931257583582f,-0.008631063797202387f,0.9936098304341325f,-0.11253892483218139f,1.8960301154552561f,-0.002806162696134879f,-0.11256674091888444f,-0.9936402036400416f,0.06082811493757723f,0f,0f,0f,1f], start_interpolation: 0, interpolation_duration: 1 }
$data merge entity $(bone_planks) { transformation: [-0.9999588142461926f,-0.00826036945635518f,0.00375980156299121f,0.7016469869227776f,-0.008631063797202387f,0.9936098304341325f,-0.11253892483218139f,1.8952209532242683f,-0.002806162696134879f,-0.11256674091888444f,-0.9936402036400416f,0.060565037184814596f,0f,0f,0f,1f], start_interpolation: 0, interpolation_duration: 1 }
$data merge entity $(bone_lefthand) { transformation: [-0.9999588142461926f,-0.00826036945635518f,0.00375980156299121f,1.043200243156974f,-0.008631063797202387f,0.9936098304341325f,-0.11253892483218139f,2.1501071804140954f,-0.002806162696134879f,-0.11256674091888444f,-0.9936402036400416f,0.06443922674564112f,0f,0f,0f,1f], start_interpolation: 0, interpolation_duration: 1 }
$data merge entity $(bone_leftforearm) { transformation: [-0.9999588142461926f,-0.00826036945635518f,0.00375980156299121f,0.9748359980931656f,-0.008631063797202387f,0.9936098304341325f,-0.11253892483218139f,2.8499580716512725f,-0.002806162696134879f,-0.11256674091888444f,-0.9936402036400416f,0.0006409800504177318f,0f,0f,0f,1f], start_interpolation: 0, interpolation_duration: 1 }
$data merge entity $(bone_leftelbow) { transformation: [-0.9999588142461926f,-0.00826036945635518f,0.00375980156299121f,0.973287178820099f,-0.008631063797202387f,0.9936098304341325f,-0.11253892483218139f,3.036259914857672f,-0.002806162696134879f,-0.11256674091888444f,-0.9936402036400416f,-0.020465283871873102f,0f,0f,0f,1f], start_interpolation: 0, interpolation_duration: 1 }
$data merge entity $(bone_leftarm) { transformation: [-0.9999588142461926f,-0.009048136092552594f,0.0007078450389765908f,0.75f,-0.008631063797202387f,0.9721784048001113f,0.2340825793988944f,3.5131459914458745f,-0.002806162696134879f,0.23406682907571874f,-0.9722164599395348f,0.12633604694931722f,0f,0f,0f,1f], start_interpolation: 0, interpolation_duration: 1 }
$data merge entity $(bone_rightthumb2) { transformation: [-0.9999897038360419f,0.004034667771807694f,-0.0020769395456545284f,-0.9598204198620515f,0.004315336782777138f,0.9870698504287392f,-0.16023260667865774f,1.8584663111371063f,0.0014035990725196302f,-0.16023991959108497f,-0.9870770983459632f,0.4449744532433888f,0f,0f,0f,1f], start_interpolation: 0, interpolation_duration: 1 }
$data merge entity $(bone_rightthumb) { transformation: [-0.9999897038360419f,0.004034667771807694f,-0.0020769395456545284f,-0.9590084379122467f,0.004315336782777138f,0.9870698504287392f,-0.16023260667865774f,2.086844710945635f,0.0014035990725196302f,-0.16023991959108497f,-0.9870770983459632f,0.321323673631172f,0f,0f,0f,1f], start_interpolation: 0, interpolation_duration: 1 }
$data merge entity $(bone_rightpointerfinger) { transformation: [-0.9999897038360419f,0.004034667771807694f,-0.0020769395456545284f,-1.0698035436731406f,0.004315336782777138f,0.9870698504287392f,-0.16023260667865774f,1.7559235027962592f,0.0014035990725196302f,-0.16023991959108497f,-0.9870770983459632f,0.3277866769105865f,0f,0f,0f,1f], start_interpolation: 0, interpolation_duration: 1 }
$data merge entity $(bone_rightmidfinger) { transformation: [-0.9999897038360419f,0.004034667771807694f,-0.0020769395456545284f,-1.0701280654771492f,0.004315336782777138f,0.9870698504287392f,-0.16023260667865774f,1.730887158002719f,0.0014035990725196302f,-0.16023991959108497f,-0.9870770983459632f,0.17355588029402974f,0f,0f,0f,1f], start_interpolation: 0, interpolation_duration: 1 }
$data merge entity $(bone_rightringfinger) { transformation: [-0.9999897038360419f,0.004034667771807694f,-0.0020769395456545284f,-1.0704525872811577f,0.004315336782777138f,0.9870698504287392f,-0.16023260667865774f,1.7058508132091788f,0.0014035990725196302f,-0.16023991959108497f,-0.9870770983459632f,0.019325083677472987f,0f,0f,0f,1f], start_interpolation: 0, interpolation_duration: 1 }
$data merge entity $(bone_hugeasssword) { transformation: [-3.916626340024498f,0.01580244877291347f,-0.008134679887146903f,-0.8036538063241513f,0.01690173573254379f,3.8660235808458956f,-0.6275777094914096f,1.9327430945174855f,0.005497429700701885f,-0.6276063517317495f,-3.8660519685216896f,0.15605739528510829f,0f,0f,0f,1f], start_interpolation: 0, interpolation_duration: 1 }
$data merge entity $(bone_ice) { transformation: [-0.9999897038360419f,0.004034667771807694f,-0.0020769395456545284f,-0.7880920088856476f,0.004315336782777138f,0.9870698504287392f,-0.16023260667865774f,1.9172527009673055f,0.0014035990725196302f,-0.16023991959108497f,-0.9870770983459632f,0.15853921279321087f,0f,0f,0f,1f], start_interpolation: 0, interpolation_duration: 1 }
$data merge entity $(bone_righthand) { transformation: [-0.9999897038360419f,0.004034667771807694f,-0.0020769395456545284f,-1.0371456722625079f,0.004315336782777138f,0.9870698504287392f,-0.16023260667865774f,2.1600917288114765f,0.0014035990725196302f,-0.16023991959108497f,-0.9870770983459632f,0.08798397334025818f,0f,0f,0f,1f], start_interpolation: 0, interpolation_duration: 1 }
$data merge entity $(bone_rightforearm) { transformation: [-0.9999897038360419f,0.004034667771807694f,-0.0020769395456545284f,-0.9717769878153022f,0.004315336782777138f,0.9870698504287392f,-0.16023260667865774f,2.8563591433246143f,0.0014035990725196302f,-0.16023991959108497f,-0.9870770983459632f,-0.009349365402600236f,0f,0f,0f,1f], start_interpolation: 0, interpolation_duration: 1 }
$data merge entity $(bone_rightelbow) { transformation: [-0.9999897038360419f,0.004034667771807694f,-0.0020769395456545284f,-0.9710204876080882f,0.004315336782777138f,0.9870698504287392f,-0.16023260667865774f,3.041434740280003f,0.0014035990725196302f,-0.16023991959108497f,-0.9870770983459632f,-0.03939435032592867f,0f,0f,0f,1f], start_interpolation: 0, interpolation_duration: 1 }
$data merge entity $(bone_rightarm) { transformation: [-0.9999897038360419f,0.004534403400220158f,-0.00017722220300847238f,-0.75f,0.004315336782777138f,0.9623063175013832f,0.2719336852347977f,3.5131459914458745f,0.0014035990725196302f,0.27193012058749744f,-0.9623159769155414f,0.12633604694931705f,0f,0f,0f,1f], start_interpolation: 0, interpolation_duration: 1 }
$data merge entity $(bone_chest) { transformation: [-1.0833333333333333f,-2.422273354846442e-17f,1.304400499414789e-16f,-0.0023231249999999997f,0f,1.0651238384185246f,0.19779362968432393f,3.3756361491665947f,-1.3267006990762992e-16f,0.19779362968432393f,-1.0651238384185246f,-0.011150683190753997f,0f,0f,0f,1f], start_interpolation: 0, interpolation_duration: 1 }
$data merge entity $(bone_chest1lid) { transformation: [-1f,-2.2359446352428697e-17f,1.2040619994598052e-16f,-0.34375000000000006f,0f,0.9831912354632536f,0.1825787350932221f,2.6322281172787854f,-1.2246467991473532e-16f,0.1825787350932221f,-0.9831912354632536f,0.24880777418845101f,0f,0f,0f,1f], start_interpolation: 0, interpolation_duration: 1 }
$data merge entity $(bone_chest1) { transformation: [-1f,-2.2359446352428697e-17f,1.2040619994598052e-16f,-0.34375000000000006f,0f,0.9831912354632536f,0.1825787350932221f,2.478604486737652f,-1.2246467991473532e-16f,0.1825787350932221f,-0.9831912354632536f,0.22027984683013507f,0f,0f,0f,1f], start_interpolation: 0, interpolation_duration: 1 }
$data merge entity $(bone_chest1lid3) { transformation: [-1f,-2.2359446352428697e-17f,1.2040619994598052e-16f,-0.28124999999999994f,0f,0.9831912354632536f,0.1825787350932221f,2.7491926194478813f,-1.2246467991473532e-16f,0.1825787350932221f,-0.9831912354632536f,-0.38104911103019584f,0f,0f,0f,1f], start_interpolation: 0, interpolation_duration: 1 }
$data merge entity $(bone_chest3) { transformation: [-1f,-2.2359446352428697e-17f,1.2040619994598052e-16f,-0.28124999999999994f,0f,0.9831912354632536f,0.1825787350932221f,2.5955689889067477f,-1.2246467991473532e-16f,0.1825787350932221f,-0.9831912354632536f,-0.4095770383885118f,0f,0f,0f,1f], start_interpolation: 0, interpolation_duration: 1 }
$data merge entity $(bone_hugeasssword2) { transformation: [-1.341265652411463e-15f,2.887669569172986f,-2.646061646494669f,-1.234375f,-0.7151000457817863f,2.6015846193290253f,2.8391314113248294f,4.564804252569086f,3.8508323388977437f,0.48311458839568594f,0.5272270573067921f,-0.05978193125618107f,0f,0f,0f,1f], start_interpolation: 0, interpolation_duration: 1 }
$data merge entity $(bone_belt) { transformation: [-1f,-2.2359446352428697e-17f,1.2040619994598052e-16f,0.029705624999999992f,0f,0.9831912354632536f,0.1825787350932221f,2.960101571473976f,-1.2246467991473532e-16f,0.1825787350932221f,-0.9831912354632536f,0.04482491995979139f,0f,0f,0f,1f], start_interpolation: 0, interpolation_duration: 1 }
$data merge entity $(bone_torn_part) { transformation: [-1f,-4.789010962735054e-17f,1.1271262230335574e-16f,-0.09375f,0f,0.9203684064812045f,0.39105242148751373f,2.6857628537246705f,-1.2246467991473532e-16f,0.39105242148751373f,-0.9203684064812045f,0.0007464615701188171f,0f,0f,0f,1f], start_interpolation: 0, interpolation_duration: 1 }
$data merge entity $(bone_lowerbody) { transformation: [-1f,-1.1780270120841315e-17f,1.2189677215783275e-16f,0.0039062499999999883f,0f,0.9953626812457439f,0.09619320549437763f,2.18621875f,-1.2246467991473532e-16f,0.09619320549437763f,-0.9953626812457439f,0.09375f,0f,0f,0f,1f], start_interpolation: 0, interpolation_duration: 1 }
$data merge entity $(bone_leftfoot) { transformation: [-0.9955937467422644f,-0.08374717398595881f,-0.042184147461640904f,0.4455035044153618f,-0.08377643290130274f,0.9964839937003639f,-0.0010768422848623227f,0.16128105693629746f,0.042126010231606795f,0.002461939954282344f,-0.9991092723589488f,-0.26533116364764986f,0f,0f,0f,1f], start_interpolation: 0, interpolation_duration: 1 }
$data merge entity $(bone_leftlowerleg) { transformation: [-0.9955937467422644f,-0.06911925176222193f,-0.06336892364188065f,0.37856069237018086f,-0.08377643290130274f,0.9592223213249959f,0.2699519356519226f,1.1839413857830152f,0.042126010231606795f,0.27407128143553616f,-0.960786309204211f,0.1863372771640223f,0f,0f,0f,1f], start_interpolation: 0, interpolation_duration: 1 }
$data merge entity $(bone_leftleg) { transformation: [-0.9955937467422644f,-0.09214264858374785f,-0.01740183207802761f,0.25f,-0.08377643290130274f,0.9573923652158041f,-0.2763717936346289f,2.20575f,0.042126010231606795f,-0.2736961661011354f,-0.9608932344040655f,-0.07812499999999997f,0f,0f,0f,1f], start_interpolation: 0, interpolation_duration: 1 }
$data merge entity $(bone_rightfoot) { transformation: [-0.9952275490307787f,0.0791519066782766f,0.0570710199609423f,-0.44094109362801465f,0.08161245981772733f,0.9957723484370458f,0.042152538365683584f,0.18857199315383966f,-0.05349328979123197f,0.046609073766424314f,-0.997479855530901f,-0.1874288478487537f,0f,0f,0f,1f], start_interpolation: 0, interpolation_duration: 1 }
$data merge entity $(bone_rightlowerleg) { transformation: [-0.9952275490307787f,0.06359031061998459f,0.07401620123623445f,-0.3817678582830363f,0.08161245981772733f,0.9582276294528863f,0.2741153344043375f,1.2094891477014968f,-0.05349328979123197f,0.2788477766602342f,-0.9588442967442397f,0.26924013563464777f,0f,0f,0f,1f], start_interpolation: 0, interpolation_duration: 1 }
$data merge entity $(bone_rightleg) { transformation: [-0.9952275490307787f,0.09526359347982984f,0.021141745611434302f,-0.25f,0.08161245981772733f,0.9313606739775493f,-0.3548333430930429f,2.20575f,-0.05349328979123197f,-0.3514144884966967f,-0.9346904970212955f,-0.07812500000000003f,0f,0f,0f,1f], start_interpolation: 0, interpolation_duration: 1 }
data modify entity @s data merge value {"locators":{"lefthand":{"posx":0.8897258590582947,"posy":1.82097193038408,"posz":0.08541109750650336,"roty":0.21679852775670838,"rotx":-6.461694259494169},"righthand":{"posx":-0.8818716331238101,"posy":1.9047379318570958,"posz":0.17659762861152595,"roty":359.8794423507029,"rotx":-9.22039779758439},"chest":{"posx":-0.37500000000000006,"posy":2.542250737704016,"posz":0.391020233786258,"roty":0,"rotx":10.520000000000003},"sack":{"posx":0,"posy":-0.4375,"posz":0,"roty":0,"rotx":0}},"cameras":{}}