# This file was generated by Animated Java via MC-Build. It is not recommended to edit this file directly.
$data merge entity $(bone_nose) { transformation: [-0.9189079308619366f,-0.10697530088573122f,0.3796900046082878f,-0.5352774272454495f,-0.010024969178032445f,0.9685490380954966f,0.24862071674996714f,3.96734986955099f,-0.39434466471858576f,0.22465316780471875f,-0.8910798166288423f,2.850987885063329f,0f,0f,0f,1f], start_interpolation: 0, interpolation_duration: 1 }
$data merge entity $(bone_glowing_eye) { transformation: [-0.9189079308619366f,-0.10697530088573122f,0.3796900046082878f,-0.6706335356645343f,-0.010024969178032445f,0.9685490380954966f,0.24862071674996714f,4.0229996124447975f,-0.39434466471858576f,0.22465316780471875f,-0.8910798166288423f,2.848000433867022f,0f,0f,0f,1f], start_interpolation: 0, interpolation_duration: 1 }
$data merge entity $(bone_head) { transformation: [-0.9189079308619366f,-0.10697530088573122f,0.3796900046082878f,-0.4509695995769697f,-0.010024969178032445f,0.9685490380954966f,0.24862071674996714f,3.8943119333577174f,-0.39434466471858576f,0.22465316780471875f,-0.8910798166288423f,2.6563892628811177f,0f,0f,0f,1f], start_interpolation: 0, interpolation_duration: 1 }
$data merge entity $(bone_leftthumb2) { transformation: [-0.05421846489926291f,0.024962224206171352f,0.9982170332280693f,-0.0010218912174362604f,-0.996739596261943f,-0.06117625418358849f,-0.052608394459855906f,3.238294427511003f,0.05975395641751435f,-0.9978147890699683f,0.028197719867180594f,4.857730336568315f,0f,0f,0f,1f], start_interpolation: 0, interpolation_duration: 1 }
$data merge entity $(bone_leftthumb) { transformation: [-0.05421846489926291f,0.024962224206171352f,0.9982170332280693f,0.09040503916953344f,-0.996739596261943f,-0.06117625418358849f,-0.052608394459855906f,3.218795628124831f,0.05975395641751435f,-0.9978147890699683f,0.028197719867180594f,4.615433449805373f,0f,0f,0f,1f], start_interpolation: 0, interpolation_duration: 1 }
$data merge entity $(bone_leftpointerfinger) { transformation: [-0.05421846489926291f,0.024962224206171352f,0.9982170332280693f,0.13493587738280607f,-0.996739596261943f,-0.06117625418358849f,-0.052608394459855906f,3.345421461379665f,0.05975395641751435f,-0.9978147890699683f,0.028197719867180594f,4.937627606604564f,0f,0f,0f,1f], start_interpolation: 0, interpolation_duration: 1 }
$data merge entity $(bone_leftmidfinger) { transformation: [-0.05421846489926291f,0.024962224206171352f,0.9982170332280693f,0.2909072888246919f,-0.996739596261943f,-0.06117625418358849f,-0.052608394459855906f,3.3372013997453127f,0.05975395641751435f,-0.9978147890699683f,0.028197719867180594f,4.942033500333811f,0f,0f,0f,1f], start_interpolation: 0, interpolation_duration: 1 }
$data merge entity $(bone_leftringfinger) { transformation: [-0.05421846489926291f,0.024962224206171352f,0.9982170332280693f,0.4468787002665777f,-0.996739596261943f,-0.06117625418358849f,-0.052608394459855906f,3.3289813381109603f,0.05975395641751435f,-0.9978147890699683f,0.028197719867180594f,4.9464393940630575f,0f,0f,0f,1f], start_interpolation: 0, interpolation_duration: 1 }
$data merge entity $(bone_invisibility) { transformation: [0.11186758236112139f,-0.9922429148553518f,0.054218464899263116f,0.09630587619836711f,-0.06552858376071455f,0.04707634176413746f,0.9967395962619428f,3.1534856466060917f,-0.991560209330221f,-0.11505570809595261f,-0.05975395641751439f,4.838814302132471f,0f,0f,0f,1f], start_interpolation: 0, interpolation_duration: 1 }
$data merge entity $(bone_swiftness) { transformation: [0.9982170332280693f,0.024962224206171352f,0.05421846489926313f,0.2772673964489246f,-0.05260839445985613f,-0.06117625418358849f,0.996739596261943f,3.0999925568260553f,0.028197719867180608f,-0.9978147890699683f,-0.059753956417514346f,4.982334507953545f,0f,0f,0f,1f], start_interpolation: 0, interpolation_duration: 1 }
$data merge entity $(bone_suspicious_stew) { transformation: [0.44448820560261265f,-0.8941423785640279f,0.05421846489926292f,0.2823014656689658f,-0.07767778376791304f,0.02182519535958792f,0.9967395962619432f,3.146489209559724f,-0.8924104419991257f,-0.44725056478821645f,-0.05975395641751448f,4.890873942845222f,0f,0f,0f,1f], start_interpolation: 0, interpolation_duration: 1 }
$data merge entity $(bone_log) { transformation: [-0.05421846489926291f,0.024962224206171352f,0.9982170332280693f,0.3271301860429971f,-0.996739596261943f,-0.06117625418358849f,-0.052608394459855906f,3.0429318221469126f,0.05975395641751435f,-0.9978147890699683f,0.028197719867180594f,4.773070795744392f,0f,0f,0f,1f], start_interpolation: 0, interpolation_duration: 1 }
$data merge entity $(bone_planks) { transformation: [-0.05421846489926291f,0.024962224206171352f,0.9982170332280693f,0.3220472049586912f,-0.996739596261943f,-0.06117625418358849f,-0.052608394459855906f,2.9494874849973556f,0.05975395641751435f,-0.9978147890699683f,0.028197719867180594f,4.778672729158534f,0f,0f,0f,1f], start_interpolation: 0, interpolation_duration: 1 }
$data merge entity $(bone_lefthand) { transformation: [-0.05421846489926291f,0.024962224206171352f,0.9982170332280693f,0.3157310760309785f,-0.996739596261943f,-0.06117625418358849f,-0.052608394459855906f,3.2784666699933718f,0.05975395641751435f,-0.9978147890699683f,0.028197719867180594f,4.507797430626672f,0f,0f,0f,1f], start_interpolation: 0, interpolation_duration: 1 }
$data merge entity $(bone_leftforearm) { transformation: [-0.9709091287021869f,0.024962224206171352f,0.2381435515932378f,0.26887982638841174f,-0.23925491129821846f,-0.06117625418358849f,-0.9690276329103037f,3.235639741078621f,-0.009620354590232054f,-0.9978147890699683f,0.0653689183849052f,3.8045862455501966f,0f,0f,0f,1f], start_interpolation: 0, interpolation_duration: 1 }
$data merge entity $(bone_leftelbow) { transformation: [-0.9946428365361744f,0.010772491737857215f,0.10280846827489948f,0.27089966858925996f,-0.10126595892283302f,0.09816024138470122f,-0.9900049356315027f,3.2540447863382527f,-0.020756524051783742f,-0.995112315486576f,-0.09654349422013235f,3.618002686396464f,0f,0f,0f,1f], start_interpolation: 0, interpolation_duration: 1 }
$data merge entity $(bone_leftarm) { transformation: [-0.9946428365361744f,0.010772491737857215f,0.10280846827489948f,0.05549502933230982f,-0.10126595892283302f,0.09816024138470122f,-0.9900049356315027f,3.311910632754718f,-0.020756524051783742f,-0.995112315486576f,-0.09654349422013235f,3.1189230232112273f,0f,0f,0f,1f], start_interpolation: 0, interpolation_duration: 1 }
$data merge entity $(bone_rightthumb2) { transformation: [0.5257052472464221f,-0.4327374046683674f,-0.7323744476826496f,-0.6504703745014284f,-0.1287119087629235f,-0.8914932200466141f,0.4343651495614321f,4.600002485947536f,-0.8408729021440664f,-0.1340827252549956f,-0.5243611210110931f,0.8323619849943398f,0f,0f,0f,1f], start_interpolation: 0, interpolation_duration: 1 }
$data merge entity $(bone_rightthumb) { transformation: [0.5257052472464221f,-0.4327374046683674f,-0.7323744476826496f,-0.8191828668286506f,-0.1287119087629235f,-0.8914932200466141f,0.4343651495614321f,4.4184902196989f,-0.8408729021440664f,-0.1340827252549956f,-0.5243611210110931f,0.754668611747186f,0f,0f,0f,1f], start_interpolation: 0, interpolation_duration: 1 }
$data merge entity $(bone_rightpointerfinger) { transformation: [-0.6884540390323047f,-0.5843464007529707f,-0.429616480208984f,-1.080705748206707f,0.5536705612127193f,-0.8060530708596636f,0.20911087155884442f,4.615217991571905f,-0.4684868683180987f,-0.09390277357328908f,0.878465891955257f,0.6333008311602352f,0f,0f,0f,1f], start_interpolation: 0, interpolation_duration: 1 }
$data merge entity $(bone_rightmidfinger) { transformation: [-0.6062917086628457f,-0.6692085205222155f,-0.429616480208984f,-1.147833323239361f,0.6541448708748954f,-0.7268886649989581f,0.20911087155884442f,4.647891565252974f,-0.45222212674166484f,-0.15424922935464397f,0.878465891955257f,0.7705611267782441f,0f,0f,0f,1f], start_interpolation: 0, interpolation_duration: 1 }
$data merge entity $(bone_rightringfinger) { transformation: [-0.6623099513260872f,-0.6138201758717953f,-0.429616480208984f,-1.2149608982720146f,0.5883031306566426f,-0.7811351162606215f,0.20911087155884442f,4.6805651389340435f,-0.4639449911724777f,-0.11424850912473868f,0.878465891955257f,0.907821422396253f,0f,0f,0f,1f], start_interpolation: 0, interpolation_duration: 1 }
$data merge entity $(bone_hugeasssword) { transformation: [-3.551657181278044f,-0.5674573736662969f,1.5504841739036404f,-0.8404197003728787f,-0.9894412086078336f,3.6759767889684003f,-0.9211289374740265f,4.648104507192706f,-1.321747002706107f,-1.2269737380299173f,-3.4767510818003795f,0.9030653380578665f,0f,0f,0f,1f], start_interpolation: 0, interpolation_duration: 1 }
$data merge entity $(bone_ice) { transformation: [-0.7643231897359799f,0.4808739352103239f,-0.429616480208984f,-0.8359908057709154f,-0.6022545281100724f,-0.7704298324745839f,0.20911087155884442f,4.669552700326841f,-0.23043338517396547f,0.4185667589148986f,0.878465891955257f,0.9001257540931644f,0f,0f,0f,1f], start_interpolation: 0, interpolation_duration: 1 }
$data merge entity $(bone_righthand) { transformation: [-0.7643231897359799f,0.4808739352103239f,-0.429616480208984f,-0.9202786344088602f,-0.6022545281100724f,-0.7704298324745839f,0.20911087155884442f,4.332916324916891f,-0.23043338517396547f,0.4185667589148986f,0.878465891955257f,0.9746111566519995f,0f,0f,0f,1f], start_interpolation: 0, interpolation_duration: 1 }
$data merge entity $(bone_rightforearm) { transformation: [0.9220732864797566f,0.32391459881754514f,0.21180223566641282f,-0.7534651724525462f,0.37633555782713757f,-0.8781164494610754f,-0.29543704761050615f,3.6965859278942896f,0.09029065441871115f,0.3521233219466503f,-0.9315883017008626f,1.2311107687086444f,0f,0f,0f,1f], start_interpolation: 0, interpolation_duration: 1 }
$data merge entity $(bone_rightelbow) { transformation: [0.8165798808853832f,0.30386738027302873f,0.4907768467839746f,-0.6964900386513533f,0.5686325550108817f,-0.2772442852708561f,-0.7744627968252894f,3.644602624406004f,-0.09926890507611613f,0.9114824307087108f,-0.3991809902717438f,1.4020137244665278f,0f,0f,0f,1f], start_interpolation: 0, interpolation_duration: 1 }
$data merge entity $(bone_rightarm) { transformation: [0.8165798808853832f,0.14222402725548372f,0.5594368813409121f,-0.8214872765091925f,0.5686325550108817f,-0.03152711985522841f,-0.8219872615165221f,3.5301377949921506f,-0.09926890507611613f,0.9893322833026659f,-0.10661762377826414f,1.921726739846332f,0f,0f,0f,1f], start_interpolation: 0, interpolation_duration: 1 }
$data merge entity $(bone_chest) { transformation: [-0.6333761097744183f,-0.19737734927911146f,0.8564391377498384f,-0.26813210402573784f,0.157608506060368f,1.0130408681583079f,0.3500269552042981f,3.307026344461261f,-0.8646417602079799f,0.3292438192946443f,-0.5635638784306822f,2.4124930802017555f,0f,0f,0f,1f], start_interpolation: 0, interpolation_duration: 1 }
$data merge entity $(bone_chest1lid) { transformation: [-0.5846548705610015f,-0.18219447625764137f,0.7905592040767739f,-0.6525894221479934f,0.1454847748249551f,0.9351146475307457f,0.3231018048039675f,2.59115923876433f,-0.7981308555765969f,0.30391737165659477f,-0.5202128108590913f,2.1358469706431924f,0f,0f,0f,1f], start_interpolation: 0, interpolation_duration: 1 }
$data merge entity $(bone_chest1) { transformation: [-0.5846548705610015f,-0.18219447625764137f,0.7905592040767739f,-0.624121535232737f,0.1454847748249551f,0.9351146475307457f,0.3231018048039675f,2.445047575087651f,-0.7981308555765969f,0.30391737165659477f,-0.5202128108590913f,2.0883598813218494f,0f,0f,0f,1f], start_interpolation: 0, interpolation_duration: 1 }
$data merge entity $(bone_chest1lid3) { transformation: [-0.5846548705610015f,-0.18219447625764137f,0.7905592040767739f,-0.1095965026262475f,0.1454847748249551f,0.9351146475307457f,0.3231018048039675f,2.789053534040312f,-0.7981308555765969f,0.30391737165659477f,-0.5202128108590913f,1.8524688171601245f,0f,0f,0f,1f], start_interpolation: 0, interpolation_duration: 1 }
$data merge entity $(bone_chest3) { transformation: [-0.5846548705610015f,-0.18219447625764137f,0.7905592040767739f,-0.08112861571099103f,0.1454847748249551f,0.9351146475307457f,0.3231018048039675f,2.642941870363633f,-0.7981308555765969f,0.30391737165659477f,-0.5202128108590913f,1.8049817278387814f,0f,0f,0f,1f], start_interpolation: 0, interpolation_duration: 1 }
$data merge entity $(bone_hugeasssword2) { transformation: [-3.0963568826340317f,1.2061922623592465f,-2.0731502741883716f,-0.9904142541660287f,-1.265482068815539f,2.0542590468664805f,3.085263794175684f,4.656884807130222f,2.037500175864774f,3.10892228471052f,-1.2342905001494242f,1.6439696742608536f,0f,0f,0f,1f], start_interpolation: 0, interpolation_duration: 1 }
$data merge entity $(bone_belt) { transformation: [-0.5846548705610015f,-0.18219447625764137f,0.7905592040767739f,-0.2803189898242108f,0.1454847748249551f,0.9351146475307457f,0.3231018048039675f,2.8875875974253127f,-0.7981308555765969f,0.30391737165659477f,-0.5202128108590913f,2.3850939646638154f,0f,0f,0f,1f], start_interpolation: 0, interpolation_duration: 1 }
$data merge entity $(bone_torn_part) { transformation: [-0.5846548705610015f,-0.37856164127896674f,0.7175442607125176f,-0.3022203673369317f,0.1454847748249551f,0.8211970221154782f,0.5517876685490559f,2.6420643162774526f,-0.7981308555765969f,0.4269971131294046f,-0.42504188353116906f,2.201702010556829f,0f,0f,0f,1f], start_interpolation: 0, interpolation_duration: 1 }
$data merge entity $(bone_lowerbody) { transformation: [-0.5846548705610015f,-0.14527093359356014f,0.7981698053560746f,-0.28643472096817635f,0.1454847748249551f,0.9491152719231408f,0.2793105456233158f,2.1251435818889535f,-0.7981308555765969f,0.2794218253020292f,-0.5337701573912237f,2.218269467169115f,0f,0f,0f,1f], start_interpolation: 0, interpolation_duration: 1 }
$data merge entity $(bone_leftfoot) { transformation: [-0.9838116136177353f,-0.028377739259980495f,0.17694466034712755f,0.06500151142564804f,-0.06307723908712003f,0.9790317953503581f,-0.19369565199611644f,0.1493966629503305f,-0.16773780378916986f,-0.20172121258694364f,-0.9649728398107581f,2.7984920617169196f,0f,0f,0f,1f], start_interpolation: 0, interpolation_duration: 1 }
$data merge entity $(bone_leftlowerleg) { transformation: [-0.9838116136177353f,-0.028377739259980495f,0.17694466034712755f,0.006333184004660052f,-0.06307723908712003f,0.9790317953503581f,-0.19369565199611644f,1.2652705504278599f,-0.16773780378916986f,-0.20172121258694364f,-0.9649728398107581f,2.722971446584028f,0f,0f,0f,1f], start_interpolation: 0, interpolation_duration: 1 }
$data merge entity $(bone_leftleg) { transformation: [-0.9838116136177353f,0.03385228591544609f,0.17597935006462168f,0.006974292627303175f,-0.06307723908712003f,0.8537411389482406f,-0.5168629698251821f,2.183859427691209f,-0.16773780378916986f,-0.5195960839013894f,-0.8377851387881777f,2.1874762969315693f,0f,0f,0f,1f], start_interpolation: 0, interpolation_duration: 1 }
$data merge entity $(bone_rightfoot) { transformation: [-0.3190554565317565f,-0.16740783474666415f,0.9328334430769224f,-0.16624607887067294f,0.39907746502701413f,0.8690273245415183f,0.29245287843996826f,0.3074109172478372f,-0.8596166544250553f,0.46558149240025004f,-0.21045921545380528f,0.9489093650544048f,0f,0f,0f,1f], start_interpolation: 0, interpolation_duration: 1 }
$data merge entity $(bone_rightlowerleg) { transformation: [-0.3190554565317565f,-0.16740783474666415f,0.9328334430769224f,-0.4952899229252092f,0.39907746502701413f,0.8690273245415183f,0.29245287843996826f,1.226554000120126f,-0.8596166544250553f,0.46558149240025004f,-0.21045921545380528f,1.4977499708813418f,0f,0f,0f,1f], start_interpolation: 0, interpolation_duration: 1 }
$data merge entity $(bone_rightleg) { transformation: [-0.3190554565317565f,0.06901171141944451f,0.945220079846102f,-0.4366097996922742f,0.39907746502701413f,0.9143962691291608f,0.06794586014087685f,2.183859427691209f,-0.8596166544250553f,0.3988945307843046f,-0.3192841379483873f,1.956753187900383f,0f,0f,0f,1f], start_interpolation: 0, interpolation_duration: 1 }
data modify entity @s data merge value {"locators":{"lefthand":{"posx":0.31466585221700727,"posy":3.141977560317998,"posz":4.844982553353417,"roty":91.61806577566836,"rotx":-3.0156310936616233},"righthand":{"posx":-0.9084470025430594,"posy":4.62186194708083,"posz":0.858256489063259,"roty":206.06108910844284,"rotx":12.070252145062758},"chest":{"posx":-0.782997607723918,"posy":2.4867763155063183,"posz":2.1731937973746196,"roty":56.653826545737175,"rotx":18.850613001263397},"sack":{"posx":0,"posy":-0.4375,"posz":0,"roty":0,"rotx":0}},"cameras":{}}