# This file was generated by Animated Java via MC-Build. It is not recommended to edit this file directly.
$data merge entity $(bone_nose) { transformation: [-0.997085373379849f,-0.06278948727657135f,-0.043338648796567236f,-0.04325709180829459f,-0.059554587288310284f,0.9956047863795294f,-0.07227973762466394f,4.193378803717207f,0.04768657384302147f,-0.06948805383457293f,-0.9964423721667989f,3.0162819629286823f,0f,0f,0f,1f], start_interpolation: 0, interpolation_duration: 1 }
$data merge entity $(bone_glowing_eye) { transformation: [-0.997085373379849f,-0.06278948727657135f,-0.043338648796567236f,-0.170631792697572f,-0.059554587288310284f,0.9956047863795294f,-0.07227973762466394f,4.2558672602522f,0.04768657384302147f,-0.06948805383457293f,-0.9964423721667989f,3.0523093581772653f,0f,0f,0f,1f], start_interpolation: 0, interpolation_duration: 1 }
$data merge entity $(bone_head) { transformation: [-0.997085373379849f,-0.06278948727657135f,-0.043338648796567236f,-0.043619420816932514f,-0.059554587288310284f,0.9956047863795294f,-0.07227973762466394f,4.056909893691113f,0.04768657384302147f,-0.06948805383457293f,-0.9964423721667989f,2.8382733142659133f,0f,0f,0f,1f], start_interpolation: 0, interpolation_duration: 1 }
$data merge entity $(bone_leftthumb2) { transformation: [-0.7137498806690485f,-0.20547282082646784f,0.6695834733224328f,0.9204615964727347f,-0.12253434548025266f,0.9778890807241247f,0.1694646865227454f,1.9688305863604354f,-0.689598754365642f,0.03890842713526865f,-0.723145692288362f,2.219649045894766f,0f,0f,0f,1f], start_interpolation: 0, interpolation_duration: 1 }
$data merge entity $(bone_leftthumb) { transformation: [-0.7137498806690485f,-0.20547282082646784f,0.6695834733224328f,0.9272918578826514f,-0.12253434548025266f,0.9778890807241247f,0.1694646865227454f,2.223132577688439f,-0.689598754365642f,0.03890842713526865f,-0.723145692288362f,2.167392822837755f,0f,0f,0f,1f], start_interpolation: 0, interpolation_duration: 1 }
$data merge entity $(bone_leftpointerfinger) { transformation: [-0.7137498806690485f,-0.20547282082646784f,0.6695834733224328f,1.1041657457265024f,-0.12253434548025266f,0.9778890807241247f,0.1694646865227454f,1.923608574293492f,-0.689598754365642f,0.03890842713526865f,-0.723145692288362f,2.19615340461672f,0f,0f,0f,1f], start_interpolation: 0, interpolation_duration: 1 }
$data merge entity $(bone_leftmidfinger) { transformation: [-0.7137498806690485f,-0.20547282082646784f,0.6695834733224328f,1.2087881634331326f,-0.12253434548025266f,0.9778890807241247f,0.1694646865227454f,1.950087431562671f,-0.689598754365642f,0.03890842713526865f,-0.723145692288362f,2.0831618901966635f,0f,0f,0f,1f], start_interpolation: 0, interpolation_duration: 1 }
$data merge entity $(bone_leftringfinger) { transformation: [-0.7137498806690485f,-0.20547282082646784f,0.6695834733224328f,1.3134105811397627f,-0.12253434548025266f,0.9778890807241247f,0.1694646865227454f,1.97656628883185f,-0.689598754365642f,0.03890842713526865f,-0.723145692288362f,1.9701703757766067f,0f,0f,0f,1f], start_interpolation: 0, interpolation_duration: 1 }
$data merge entity $(bone_invisibility) { transformation: [-0.14633288976030923f,-0.6849436423672505f,0.7137498806690485f,0.9269395697818348f,0.9889377381625727f,-0.08359117307240278f,0.12253434548025273f,2.00229423126631f,-0.02426593110291811f,0.7237849974716685f,0.6895987543656418f,2.0937075502750933f,0f,0f,0f,1f], start_interpolation: 0, interpolation_duration: 1 }
$data merge entity $(bone_swiftness) { transformation: [0.6695834733224327f,-0.20547282082646784f,0.7137498806690487f,1.043136634069925f,0.16946468652274538f,0.9778890807241247f,0.1225343454802527f,1.8952642049486f,-0.7231456922883621f,0.03890842713526865f,0.6895987543656419f,1.916932417233732f,0f,0f,0f,1f], start_interpolation: 0, interpolation_duration: 1 }
$data merge entity $(bone_suspicious_stew) { transformation: [0.09675658604641249f,-0.6936852823158078f,0.7137498806690487f,1.0621180095060316f,0.9578873599630607f,0.25968661844755103f,0.1225343454802528f,1.9882303093303815f,-0.27035156496614027f,0.6718359839259236f,0.6895987543656421f,1.9562939004490596f,0f,0f,0f,1f], start_interpolation: 0, interpolation_duration: 1 }
$data merge entity $(bone_log) { transformation: [-0.7137498806690485f,-0.20547282082646784f,0.6695834733224328f,1.0009065809019888f,-0.12253434548025266f,0.9778890807241247f,0.1694646865227454f,2.106922506712877f,-0.689598754365642f,0.03890842713526865f,-0.723145692288362f,1.8626101162931723f,0f,0f,0f,1f], start_interpolation: 0, interpolation_duration: 1 }
$data merge entity $(bone_planks) { transformation: [-0.7137498806690485f,-0.20547282082646784f,0.6695834733224328f,0.9339925295892656f,-0.12253434548025266f,0.9778890807241247f,0.1694646865227454f,2.0954349118241034f,-0.689598754365642f,0.03890842713526865f,-0.723145692288362f,1.7979602330713933f,0f,0f,0f,1f], start_interpolation: 0, interpolation_duration: 1 }
$data merge entity $(bone_lefthand) { transformation: [-0.7137498806690485f,-0.20547282082646784f,0.6695834733224328f,1.107051362321308f,-0.12253434548025266f,0.9778890807241247f,0.1694646865227454f,2.3767325918101356f,-0.689598754365642f,0.03890842713526865f,-0.723145692288362f,2.0673352145524113f,0f,0f,0f,1f], start_interpolation: 0, interpolation_duration: 1 }
$data merge entity $(bone_leftforearm) { transformation: [-0.9509803886482132f,-0.20547282082646784f,-0.23112165694306414f,0.9067532867769199f,-0.20889194135706637f,0.9778890807241247f,-0.009854067008206568f,3.051409075156472f,0.2280360875882787f,0.03890842713526865f,-0.9728749544804256f,2.124146129019921f,0f,0f,0f,1f], start_interpolation: 0, interpolation_duration: 1 }
$data merge entity $(bone_leftelbow) { transformation: [-0.9056047203198367f,-0.08092835026079284f,-0.4163300285332499f,0.8915792211030212f,-0.23368017676964048f,0.9143988208353718f,0.33055766734382536f,3.2228588540631042f,0.35394020048496866f,0.3966426585466418f,-0.8469952395980228f,2.1985166274974164f,0f,0f,0f,1f], start_interpolation: 0, interpolation_duration: 1 }
$data merge entity $(bone_leftarm) { transformation: [-0.9056047203198367f,-0.08092835026079284f,-0.4163300285332499f,0.6660243267943246f,-0.23368017676964048f,0.9143988208353718f,0.33055766734382536f,3.6186107987079366f,0.35394020048496866f,0.3966426585466418f,-0.8469952395980228f,2.5007309768642623f,0f,0f,0f,1f], start_interpolation: 0, interpolation_duration: 1 }
$data merge entity $(bone_rightthumb2) { transformation: [-0.6395872354875579f,-0.4567366833106772f,-0.6183201196142221f,-0.11520657081095476f,-0.31510966468026036f,0.8894413478091023f,-0.3310588890705417f,1.9755790134687718f,0.7011662195417555f,-0.016902394087513876f,-0.7127974758987529f,3.3766446055928556f,0f,0f,0f,1f], start_interpolation: 0, interpolation_duration: 1 }
$data merge entity $(bone_rightthumb) { transformation: [-0.6395872354875579f,-0.4567366833106772f,-0.6183201196142221f,-0.2800579084897059f,-0.31510966468026036f,0.8894413478091023f,-0.3310588890705417f,2.1654163681961f,0.7011662195417555f,-0.016902394087513876f,-0.7127974758987529f,3.3115855299142307f,0f,0f,0f,1f], start_interpolation: 0, interpolation_duration: 1 }
$data merge entity $(bone_rightpointerfinger) { transformation: [-0.6395872354875579f,-0.4567366833106772f,-0.6183201196142221f,-0.22912979376675827f,-0.31510966468026036f,0.8894413478091023f,-0.3310588890705417f,1.823584920946653f,0.7011662195417555f,-0.016902394087513876f,-0.7127974758987529f,3.3604093015538217f,0f,0f,0f,1f], start_interpolation: 0, interpolation_duration: 1 }
$data merge entity $(bone_rightmidfinger) { transformation: [-0.6395872354875579f,-0.4567366833106772f,-0.6183201196142221f,-0.3257423124564805f,-0.31510966468026036f,0.8894413478091023f,-0.3310588890705417f,1.7718569695293809f,0.7011662195417555f,-0.016902394087513876f,-0.7127974758987529f,3.2490346959446414f,0f,0f,0f,1f], start_interpolation: 0, interpolation_duration: 1 }
$data merge entity $(bone_rightringfinger) { transformation: [-0.6395872354875579f,-0.4567366833106772f,-0.6183201196142221f,-0.42235483114620265f,-0.31510966468026036f,0.8894413478091023f,-0.3310588890705417f,1.7201290181121087f,0.7011662195417555f,-0.016902394087513876f,-0.7127974758987529f,3.1376600903354617f,0f,0f,0f,1f], start_interpolation: 0, interpolation_duration: 1 }
$data merge entity $(bone_hugeasssword) { transformation: [-1.7251790398913645f,2.650868430598469f,2.310179997695786f,-0.23896533995860691f,-2.524535111436301f,-2.7249736266520297f,1.2415792294307952f,2.0413985431255264f,2.4476024042361533f,-0.9421746523257102f,2.908921995012948f,3.0704915806407547f,0f,0f,0f,1f], start_interpolation: 0, interpolation_duration: 1 }
$data merge entity $(bone_ice) { transformation: [-0.6395872354875579f,-0.4567366833106772f,-0.6183201196142221f,-0.2218352787273845f,-0.31510966468026036f,0.8894413478091023f,-0.3310588890705417f,2.032424610576638f,0.7011662195417555f,-0.016902394087513876f,-0.7127974758987529f,3.059799958368032f,0f,0f,0f,1f], start_interpolation: 0, interpolation_duration: 1 }
$data merge entity $(bone_righthand) { transformation: [-0.6395872354875579f,-0.4567366833106772f,-0.6183201196142221f,-0.5152387621648877f,-0.31510966468026036f,0.8894413478091023f,-0.3310588890705417f,2.165661941075394f,0.7011662195417555f,-0.016902394087513876f,-0.7127974758987529f,3.2085909936097563f,0f,0f,0f,1f], start_interpolation: 0, interpolation_duration: 1 }
$data merge entity $(bone_rightforearm) { transformation: [-0.11628232434710246f,-0.36092936304544215f,-0.9253153062259627f,-0.7472915236247396f,-0.08552814995990365f,0.931813507232567f,-0.3527159243688595f,2.83170000903905f,0.9895268347088276f,0.038125878751240495f,-0.1392230611665114f,3.1757281852681474f,0f,0f,0f,1f], start_interpolation: 0, interpolation_duration: 1 }
$data merge entity $(bone_rightelbow) { transformation: [-0.03894594242215993f,-0.2664639827130095f,-0.963057713475974f,-0.7972535203834289f,-0.041203493765906096f,0.963397451446398f,-0.2648917187230813f,3.0123370311852495f,0.998391449117195f,0.029364884867918932f,-0.04849966872424093f,3.1812341011808822f,0f,0f,0f,1f], start_interpolation: 0, interpolation_duration: 1 }
$data merge entity $(bone_rightarm) { transformation: [-0.03894594242215993f,0.03546582262227026f,-0.9986117308516739f,-0.7397945675783315f,-0.041203493765906096f,0.9984629558127569f,0.03706747861853405f,3.5194234146460905f,0.998391449117195f,0.042589920114719654f,-0.03742476498642372f,2.9853004556496816f,0f,0f,0f,1f], start_interpolation: 0, interpolation_duration: 1 }
$data merge entity $(bone_chest) { transformation: [-1.0219270468192982f,0.015848963963736615f,-0.3592005462573449f,-0.08249591428903838f,-0.0721019406424229f,1.0512623847032485f,0.2515150488037372f,3.4385389183528554f,0.3522464084215697f,0.2611653115565426f,-0.9906191290828122f,2.606055279339695f,0f,0f,0f,1f], start_interpolation: 0, interpolation_duration: 1 }
$data merge entity $(bone_chest1lid) { transformation: [-0.9433172739870446f,0.014629812889603029f,-0.3315697350067799f,-0.28481885828395115f,-0.06655563751608268f,0.9703960474183834f,0.2321677373572959f,2.661746729033721f,0.32515053085067974f,0.24107567220603932f,-0.9144176576149037f,2.910136737762539f,0f,0f,0f,1f], start_interpolation: 0, interpolation_duration: 1 }
$data merge entity $(bone_chest1) { transformation: [-0.9433172739870446f,0.014629812889603029f,-0.3315697350067799f,-0.28710476654795164f,-0.06655563751608268f,0.9703960474183834f,0.2321677373572959f,2.5101223466245983f,0.32515053085067974f,0.24107567220603932f,-0.9144176576149037f,2.8724686639803454f,0f,0f,0f,1f], start_interpolation: 0, interpolation_duration: 1 }
$data merge entity $(bone_chest1lid3) { transformation: [-0.9433172739870446f,0.014629812889603029f,-0.3315697350067799f,-0.43827339014847927f,-0.06655563751608268f,0.9703960474183834f,0.2321677373572959f,2.814638913122994f,0.32515053085067974f,0.24107567220603932f,-0.9144176576149037f,2.304016017674824f,0f,0f,0f,1f], start_interpolation: 0, interpolation_duration: 1 }
$data merge entity $(bone_chest3) { transformation: [-0.9433172739870446f,0.014629812889603029f,-0.3315697350067799f,-0.44055929841247976f,-0.06655563751608268f,0.9703960474183834f,0.2321677373572959f,2.6630145307138715f,0.32515053085067974f,0.24107567220603932f,-0.9144176576149037f,2.2663479438926304f,0f,0f,0f,1f], start_interpolation: 0, interpolation_duration: 1 }
$data merge entity $(bone_hugeasssword2) { transformation: [1.298648128776554f,2.762699972950176f,-2.4538295936890213f,-1.3155797265116567f,-0.9093236379827422f,2.759918452095907f,2.6260728163865035f,4.543998404439329f,3.5814691589917067f,-0.30102620321062823f,1.5565152315186659f,3.0441206121215303f,0f,0f,0f,1f], start_interpolation: 0, interpolation_duration: 1 }
$data merge entity $(bone_belt) { transformation: [-0.9433172739870446f,0.014629812889603029f,-0.3315697350067799f,-0.014706827281416389f,-0.06655563751608268f,0.9703960474183834f,0.2321677373572959f,3.0237414174203705f,0.32515053085067974f,0.24107567220603932f,-0.9144176576149037f,2.6193129991908144f,0f,0f,0f,1f], start_interpolation: 0, interpolation_duration: 1 }
$data merge entity $(bone_torn_part) { transformation: [-0.9433172739870446f,0.09926665871434533f,-0.31669962277423186f,-0.1349013600640765f,-0.06655563751608268f,0.8782620961537496f,0.47352511820857984f,2.7421927593564015f,0.32515053085067974f,0.4677625689677525f,-0.8218730506350781f,2.592665020424606f,0f,0f,0f,1f], start_interpolation: 0, interpolation_duration: 1 }
$data merge entity $(bone_lowerbody) { transformation: [-0.9433172739870446f,-0.0005611182090167405f,-0.33189185850816916f,0.0041657435769285505f,-0.06655563751608268f,0.9800051975577666f,0.18751042604236848f,2.24380551680037f,0.32515053085067974f,0.19897109816784506f,-0.9244931770334505f,2.59376503538928f,0f,0f,0f,1f], start_interpolation: 0, interpolation_duration: 1 }
$data merge entity $(bone_leftfoot) { transformation: [-0.9904311192365852f,0.11865003151732717f,0.07048665170585242f,0.026651400229874972f,0.09975328451208107f,0.9684244391111814f,-0.22848060740738024f,0.17452873637559252f,-0.09537022741304907f,-0.2192630286964287f,-0.970993431476265f,2.868312361079229f,0f,0f,0f,1f], start_interpolation: 0, interpolation_duration: 1 }
$data merge entity $(bone_leftlowerleg) { transformation: [-0.9904311192365852f,0.11865003151732717f,0.07048665170585242f,0.1474488132889068f,0.09975328451208107f,0.9684244391111814f,-0.22848060740738024f,1.283979644240046f,-0.09537022741304907f,-0.2192630286964287f,-0.970993431476265f,2.774256331269194f,0f,0f,0f,1f], start_interpolation: 0, interpolation_duration: 1 }
$data merge entity $(bone_leftleg) { transformation: [-0.9904311192365852f,0.12709754927700717f,0.05378113996136202f,0.25013842519535234f,0.09975328451208107f,0.9285947473315924f,-0.35743681603498506f,2.2830371783044465f,-0.09537022741304907f,-0.34865170040594196f,-0.9323875329106607f,2.425114699564841f,0f,0f,0f,1f], start_interpolation: 0, interpolation_duration: 1 }
$data merge entity $(bone_rightfoot) { transformation: [-0.9755607509160921f,0.125872402204217f,0.18010374686654917f,-0.5951354917593115f,0.21418632849988656f,0.7277052417866465f,0.6515898232477063f,0.6700398544709469f,-0.04904526435619318f,0.6742412175472354f,-0.7368808198105395f,1.0586688872600005f,0f,0f,0f,1f], start_interpolation: 0, interpolation_duration: 1 }
$data merge entity $(bone_rightlowerleg) { transformation: [-0.9755607509160921f,0.125872402204217f,0.18010374686654917f,-0.48316794831616094f,0.21418632849988656f,0.7277052417866465f,0.6515898232477063f,1.3772239314414745f,-0.04904526435619318f,0.6742412175472354f,-0.7368808198105395f,1.9198737520867675f,0f,0f,0f,1f], start_interpolation: 0, interpolation_duration: 1 }
$data merge entity $(bone_rightleg) { transformation: [-0.9543533050354651f,0.19701556428228087f,0.2244874976438971f,-0.2498614458365844f,0.2755873919955654f,0.8706237411509059f,0.4075118289295208f,2.2830371783044465f,-0.11515797211208098f,0.4507761847912276f,-0.8851776503527968f,2.4254738207792306f,0f,0f,0f,1f], start_interpolation: 0, interpolation_duration: 1 }
data modify entity @s data merge value {"locators":{"lefthand":{"posx":1.073410954571117,"posy":2.039364631443161,"posz":1.935519430087014,"roty":42.79757795813032,"rotx":9.75669626785665},"righthand":{"posx":-0.2649988195086415,"posy":1.9941583535950735,"posz":3.136935851918607,"roty":319.0598151681685,"rotx":-19.333058344572603},"chest":{"posx":-0.26340411530683716,"posy":2.562740903435617,"posz":3.048108221341074,"roty":340.0692505898148,"rotx":13.424729176053626},"sack":{"posx":0,"posy":-0.4375,"posz":0,"roty":0,"rotx":0}},"cameras":{}}