# This file was generated by Animated Java via MC-Build. It is not recommended to edit this file directly.
$data merge entity $(bone_nose) { transformation: [-0.9950875578201629f,-0.025595125175067998f,-0.09563284916165868f,0.05243509732531164f,-0.010316249063657992f,0.987550456535009f,-0.15696391560722556f,3.8800607725836205f,0.09845977491727538f,-0.1552062671568653f,-0.9829632177037302f,2.7593694348680877f,0f,0f,0f,1f], start_interpolation: 0, interpolation_duration: 1 }
$data merge entity $(bone_glowing_eye) { transformation: [-0.9950875578201629f,-0.025595125175067998f,-0.09563284916165868f,-0.07034667729492605f,-0.010316249063657992f,0.987550456535009f,-0.15696391560722556f,3.9511137851431046f,0.09845977491727538f,-0.1552062671568653f,-0.9829632177037302f,2.7954692972290895f,0f,0f,0f,1f], start_interpolation: 0, interpolation_duration: 1 }
$data merge entity $(bone_head) { transformation: [-0.9950875578201629f,-0.025595125175067998f,-0.09563284916165868f,0.03768777422739646f,-0.010316249063657992f,0.987550456535009f,-0.15696391560722556f,3.7287288502888236f,0.09845977491727538f,-0.1552062671568653f,-0.9829632177037302f,2.5944690423859207f,0f,0f,0f,1f], start_interpolation: 0, interpolation_duration: 1 }
$data merge entity $(bone_leftthumb2) { transformation: [-0.9297613750714558f,-0.19804618892258816f,0.31035704032368006f,1.20511882813025f,-0.29799540322503704f,0.8998630520840859f,-0.318504673671614f,1.7653499833704536f,-0.2162001967667547f,-0.3886183147345892f,-0.8956747626068651f,3.0027977603286042f,0f,0f,0f,1f], start_interpolation: 0, interpolation_duration: 1 }
$data merge entity $(bone_leftthumb) { transformation: [-0.9297613750714558f,-0.19804618892258816f,0.31035704032368006f,1.183071822416863f,-0.29799540322503704f,0.8998630520840859f,-0.318504673671614f,1.9588160347708932f,-0.2162001967667547f,-0.3886183147345892f,-0.8956747626068651f,2.8309499072518305f,0f,0f,0f,1f], start_interpolation: 0, interpolation_duration: 1 }
$data merge entity $(bone_leftpointerfinger) { transformation: [-0.9297613750714558f,-0.19804618892258816f,0.31035704032368006f,1.3642963648207003f,-0.29799540322503704f,0.8998630520840859f,-0.318504673671614f,1.6812118114551842f,-0.2162001967667547f,-0.3886183147345892f,-0.8956747626068651f,2.940127433798285f,0f,0f,0f,1f], start_interpolation: 0, interpolation_duration: 1 }
$data merge entity $(bone_leftmidfinger) { transformation: [-0.9297613750714558f,-0.19804618892258816f,0.31035704032368006f,1.4127896523712753f,-0.29799540322503704f,0.8998630520840859f,-0.318504673671614f,1.6314454561939944f,-0.2162001967667547f,-0.3886183147345892f,-0.8956747626068651f,2.800178252140962f,0f,0f,0f,1f], start_interpolation: 0, interpolation_duration: 1 }
$data merge entity $(bone_leftringfinger) { transformation: [-0.9297613750714558f,-0.19804618892258816f,0.31035704032368006f,1.4612829399218503f,-0.29799540322503704f,0.8998630520840859f,-0.318504673671614f,1.5816791009328046f,-0.2162001967667547f,-0.3886183147345892f,-0.8956747626068651f,2.6602290704836395f,0f,0f,0f,1f], start_interpolation: 0, interpolation_duration: 1 }
$data merge entity $(bone_invisibility) { transformation: [-0.17024316501558345f,-0.32643690077978726f,0.9297613750714557f,1.158606147571279f,0.8686792900923723f,0.3957208999046666f,0.297995403225037f,1.7337134657244244f,-0.4652027039152807f,0.8583961318575053f,0.21620019676675442f,2.8850746050618867f,0f,0f,0f,1f], start_interpolation: 0, interpolation_duration: 1 }
$data merge entity $(bone_swiftness) { transformation: [0.31035704032367983f,-0.19804618892258816f,0.929761375071456f,1.195192010723507f,-0.31850467367161406f,0.8998630520840859f,0.297995403225037f,1.5366166651342126f,-0.8956747626068651f,-0.3886183147345892f,0.2162001967667545f,2.7585006829489966f,0f,0f,0f,1f], start_interpolation: 0, interpolation_duration: 1 }
$data merge entity $(bone_suspicious_stew) { transformation: [-0.04832825031289131f,-0.36497693851383306f,0.9297613750714561f,1.2260815077377154f,0.6809469998269875f,0.6689618248326077f,0.2979954032250372f,1.6318127588445552f,-0.7307363160869449f,0.6475198153490728f,0.2162001967667547f,2.7353520705762837f,0f,0f,0f,1f], start_interpolation: 0, interpolation_duration: 1 }
$data merge entity $(bone_log) { transformation: [-0.9297613750714558f,-0.19804618892258816f,0.31035704032368006f,1.1287085914746153f,-0.29799540322503704f,0.8998630520840859f,-0.318504673671614f,1.701428664724362f,-0.2162001967667547f,-0.3886183147345892f,-0.8956747626068651f,2.62452125829038f,0f,0f,0f,1f], start_interpolation: 0, interpolation_duration: 1 }
$data merge entity $(bone_planks) { transformation: [-0.9297613750714558f,-0.19804618892258816f,0.31035704032368006f,1.0415434625616664f,-0.29799540322503704f,0.8998630520840859f,-0.318504673671614f,1.6734915956720147f,-0.2162001967667547f,-0.3886183147345892f,-0.8956747626068651f,2.6042524898434967f,0f,0f,0f,1f], start_interpolation: 0, interpolation_duration: 1 }
$data merge entity $(bone_lefthand) { transformation: [-0.9297613750714558f,-0.19804618892258816f,0.31035704032368006f,1.3019387305017174f,-0.29799540322503704f,0.8998630520840859f,-0.318504673671614f,2.0108465496038805f,-0.2162001967667547f,-0.3886183147345892f,-0.8956747626068651f,2.609406565129886f,0f,0f,0f,1f], start_interpolation: 0, interpolation_duration: 1 }
$data merge entity $(bone_leftforearm) { transformation: [-0.9784281466275938f,-0.19804618892258816f,0.05878834017158929f,1.1006171769361168f,-0.20526731241966928f,0.8998630520840859f,-0.3848529822489617f,2.6367468789219144f,0.023317211216135475f,-0.3886183147345892f,-0.9211037472043797f,2.352008884333205f,0f,0f,0f,1f], start_interpolation: 0, interpolation_duration: 1 }
$data merge entity $(bone_leftelbow) { transformation: [-0.9751578970584328f,-0.18375769976127665f,-0.12369391085667644f,1.0661626082308775f,-0.16271491916392752f,0.9731347844466121f,-0.16288814070251595f,2.819209651005654f,0.15030279733275576f,-0.1387148120371094f,-0.9788601892177748f,2.325999857076247f,0f,0f,0f,1f], start_interpolation: 0, interpolation_duration: 1 }
$data merge entity $(bone_leftarm) { transformation: [-0.9751578970584328f,-0.18375769976127665f,-0.12369391085667644f,0.7648334030829782f,-0.16271491916392752f,0.9731347844466121f,-0.16288814070251595f,3.2752734090588045f,0.15030279733275576f,-0.1387148120371094f,-0.9788601892177748f,2.320110568887288f,0f,0f,0f,1f], start_interpolation: 0, interpolation_duration: 1 }
$data merge entity $(bone_rightthumb2) { transformation: [-0.9054739311913842f,-0.10013487736252885f,0.41241964825698096f,-1.0273703226669404f,-0.18623928127382222f,0.9669531332076698f,-0.17411653652218367f,1.6358192938160405f,-0.3813553330470556f,-0.23446672368475235f,-0.8941999023938144f,2.622960550921396f,0f,0f,0f,1f], start_interpolation: 0, interpolation_duration: 1 }
$data merge entity $(bone_rightthumb) { transformation: [-0.9054739311913842f,-0.10013487736252885f,0.41241964825698096f,-1.0166832982375995f,-0.18623928127382222f,0.9669531332076698f,-0.17411653652218367f,1.858077733666878f,-0.3813553330470556f,-0.23446672368475235f,-0.8941999023938144f,2.489043257279319f,0f,0f,0f,1f], start_interpolation: 0, interpolation_duration: 1 }
$data merge entity $(bone_rightpointerfinger) { transformation: [-0.9054739311913842f,-0.10013487736252885f,0.41241964825698096f,-1.0635305818150314f,-0.18623928127382222f,0.9669531332076698f,-0.17411653652218367f,1.5122646027943096f,-0.3813553330470556f,-0.23446672368475235f,-0.8941999023938144f,2.4823512910116463f,0f,0f,0f,1f], start_interpolation: 0, interpolation_duration: 1 }
$data merge entity $(bone_rightmidfinger) { transformation: [-0.9054739311913842f,-0.10013487736252885f,0.41241964825698096f,-0.9990900117748781f,-0.18623928127382222f,0.9669531332076698f,-0.17411653652218367f,1.4850588939627183f,-0.3813553330470556f,-0.23446672368475235f,-0.8941999023938144f,2.342632556262613f,0f,0f,0f,1f], start_interpolation: 0, interpolation_duration: 1 }
$data merge entity $(bone_rightringfinger) { transformation: [-0.9054739311913842f,-0.10013487736252885f,0.41241964825698096f,-0.9346494417347249f,-0.18623928127382222f,0.9669531332076698f,-0.17411653652218367f,1.4578531851311272f,-0.3813553330470556f,-0.23446672368475235f,-0.8941999023938144f,2.2029138215135795f,0f,0f,0f,1f], start_interpolation: 0, interpolation_duration: 1 }
$data merge entity $(bone_hugeasssword) { transformation: [-3.058182373588802f,1.6912495203341227f,-1.768466399912122f,-0.7853574527704458f,-2.1500644488102085f,-3.208685623579386f,0.6494899635677249f,1.7336616291170444f,-1.1683412231069303f,1.477934168622658f,3.433797774678123f,2.4102758868296754f,0f,0f,0f,1f], start_interpolation: 0, interpolation_duration: 1 }
$data merge entity $(bone_ice) { transformation: [-0.9054739311913842f,-0.10013487736252885f,0.41241964825698096f,-0.7696448151367908f,-0.18623928127382222f,0.9669531332076698f,-0.17411653652218367f,1.7214629751805781f,-0.3813553330470556f,-0.23446672368475235f,-0.8941999023938144f,2.4198981064661096f,0f,0f,0f,1f], start_interpolation: 0, interpolation_duration: 1 }
$data merge entity $(bone_righthand) { transformation: [-0.9054739311913842f,-0.10013487736252885f,0.41241964825698096f,-1.0081589032672384f,-0.18623928127382222f,0.9669531332076698f,-0.17411653652218367f,1.9112002963977217f,-0.3813553330470556f,-0.23446672368475235f,-0.8941999023938144f,2.237998845333351f,0f,0f,0f,1f], start_interpolation: 0, interpolation_duration: 1 }
$data merge entity $(bone_rightforearm) { transformation: [-0.9899330548234675f,-0.004105661839066736f,-0.14147681968697556f,-0.9469643055137565f,-0.018367476195396006f,0.9948530984645575f,0.09964912590525465f,2.6102973309255564f,0.14033952681297351f,0.10124453573567799f,-0.9849133775097064f,2.315804460620278f,0f,0f,0f,1f], start_interpolation: 0, interpolation_duration: 1 }
$data merge entity $(bone_rightelbow) { transformation: [-0.9899330548234675f,-0.004105661839066736f,-0.14147681968697556f,-0.9477341171085816f,-0.018367476195396006f,0.9948530984645575f,0.09964912590525465f,2.796832286887661f,0.14033952681297351f,0.10124453573567799f,-0.9849133775097064f,2.3347878110707176f,0f,0f,0f,1f], start_interpolation: 0, interpolation_duration: 1 }
$data merge entity $(bone_rightarm) { transformation: [-0.9899330548234675f,0.03862726088533578f,-0.1361634373992298f,-0.7076175235045542f,-0.018367476195396006f,0.9188431934348017f,0.3941951568661737f,3.247953170370737f,0.14033952681297351f,0.3927277945282609f,-0.9088837640858586f,2.528855054472193f,0f,0f,0f,1f], start_interpolation: 0, interpolation_duration: 1 }
$data merge entity $(bone_chest) { transformation: [-1.0724274760587564f,0.041846199292447095f,-0.14751039051583226f,-0.0010955247769514637f,-0.019898099211679003f,0.9954134595543684f,0.4270447532716881f,3.157552808328813f,0.15203448738072128f,0.42545511073894926f,-0.9846240777596801f,2.2626964614819154f,0f,0f,0f,1f], start_interpolation: 0, interpolation_duration: 1 }
$data merge entity $(bone_chest1lid) { transformation: [-0.9899330548234675f,0.03862726088533578f,-0.1361634373992298f,-0.31220166023365814f,-0.018367476195396006f,0.9188431934348017f,0.3941951568661737f,2.369042649640865f,0.14033952681297351f,0.3927277945282609f,-0.9088837640858586f,2.397866408354905f,0f,0f,0f,1f], start_interpolation: 0, interpolation_duration: 1 }
$data merge entity $(bone_chest1) { transformation: [-0.9899330548234675f,0.03862726088533578f,-0.1361634373992298f,-0.31823716974699184f,-0.018367476195396006f,0.9188431934348017f,0.3941951568661737f,2.225473400666677f,0.14033952681297351f,0.3927277945282609f,-0.9088837640858586f,2.3365026904598643f,0f,0f,0f,1f], start_interpolation: 0, interpolation_duration: 1 }
$data merge entity $(bone_chest1lid3) { transformation: [-0.9899330548234675f,0.03862726088533578f,-0.1361634373992298f,-0.337560546391073f,-0.018367476195396006f,0.9188431934348017f,0.3941951568661737f,2.62272188927047f,0.14033952681297351f,0.3927277945282609f,-0.9088837640858586f,1.8068415265615911f,0f,0f,0f,1f], start_interpolation: 0, interpolation_duration: 1 }
$data merge entity $(bone_chest3) { transformation: [-0.9899330548234675f,0.03862726088533578f,-0.1361634373992298f,-0.3435960559044067f,-0.018367476195396006f,0.9188431934348017f,0.3941951568661737f,2.4791526402962822f,0.14033952681297351f,0.3927277945282609f,-0.9088837640858586f,1.7454778086665503f,0f,0f,0f,1f], start_interpolation: 0, interpolation_duration: 1 }
$data merge entity $(bone_hugeasssword2) { transformation: [0.5333067964803159f,2.9608096714700105f,-2.507881123166592f,-1.2119990307217157f,-1.54393103105918f,2.484354935362466f,2.6047140542198637f,4.305491825743182f,3.559794742669613f,0.6339277736837107f,1.5054151406146985f,2.650493200402846f,0f,0f,0f,1f], start_interpolation: 0, interpolation_duration: 1 }
$data merge entity $(bone_belt) { transformation: [-0.9899330548234675f,0.03862726088533578f,-0.1361634373992298f,0.033048531088422546f,-0.018367476195396006f,0.9188431934348017f,0.3941951568661737f,2.7405371548694477f,0.14033952681297351f,0.3927277945282609f,-0.9088837640858586f,2.2207414563963113f,0f,0f,0f,1f], start_interpolation: 0, interpolation_duration: 1 }
$data merge entity $(bone_torn_part) { transformation: [-0.9899330548234675f,0.07637339597408924f,-0.11916228998832948f,-0.10062366958833081f,-0.018367476195396006f,0.7654800289799897f,0.6431974510607188f,2.4785482953783173f,0.14033952681297351f,0.6389111281079545f,-0.7563711969620018f,2.123242345405926f,0f,0f,0f,1f], start_interpolation: 0, interpolation_duration: 1 }
$data merge entity $(bone_lowerbody) { transformation: [-0.9899330548234675f,0.03700581064499465f,-0.1366130189490905f,-0.0028085573925119983f,-0.018367476195396006f,0.9234644828577842f,0.3832440276356787f,1.975537910818854f,0.14033952681297351f,0.38189516739376544f,-0.9134883131902665f,2.0515243578289906f,0f,0f,0f,1f], start_interpolation: 0, interpolation_duration: 1 }
$data merge entity $(bone_leftfoot) { transformation: [-0.9926848967166837f,0.06980608053549858f,0.0985079029868079f,0.11513907976597405f,0.021234674138359246f,0.9041364372401126f,-0.4267158205046933f,0.23623798028952536f,-0.11885194337840914f,-0.4215025669850985f,-0.8990048951925389f,3.0366858820583653f,0f,0f,0f,1f], start_interpolation: 0, interpolation_duration: 1 }
$data merge entity $(bone_leftlowerleg) { transformation: [-0.9926848967166837f,0.06980608053549858f,0.0985079029868079f,0.17744489203819533f,0.021234674138359246f,0.9041364372401126f,-0.4267158205046933f,1.3048273592916066f,-0.11885194337840914f,-0.4215025669850985f,-0.8990048951925389f,2.7072096408091886f,0f,0f,0f,1f], start_interpolation: 0, interpolation_duration: 1 }
$data merge entity $(bone_leftleg) { transformation: [-0.9926848967166837f,0.10567924238224491f,0.05838316161447237f,0.2571872770500653f,0.021234674138359246f,0.6288531391626815f,-0.7772340818437382f,1.993888036023894f,-0.11885194337840914f,-0.7703087868476873f,-0.6264970777748444f,1.901357590140223f,0f,0f,0f,1f], start_interpolation: 0, interpolation_duration: 1 }
$data merge entity $(bone_rightfoot) { transformation: [-0.984604710157714f,-0.0771242052075065f,0.15686115422995733f,-0.3288064580153062f,0.07083282645273958f,0.6443669026898261f,0.761428923416123f,0.4492606778771715f,-0.1598007366439846f,0.7608174233605789f,-0.6289837620153713f,1.3593951621839133f,0f,0f,0f,1f], start_interpolation: 0, interpolation_duration: 1 }
$data merge entity $(bone_rightlowerleg) { transformation: [-0.984604710157714f,-0.0771242052075065f,0.15686115422995733f,-0.4384671532472669f,0.07083282645273958f,0.6443669026898261f,0.761428923416123f,1.04711498771735f,-0.1598007366439846f,0.7608174233605789f,-0.6289837620153713f,2.3000675944542586f,0f,0f,0f,1f], start_interpolation: 0, interpolation_duration: 1 }
$data merge entity $(bone_rightleg) { transformation: [-0.9682010372056424f,0.1620887600193454f,0.19056228753168694f,-0.2409541625856503f,0.05510849077958491f,0.8811930855137451f,-0.46953359867719996f,1.993888036023894f,-0.24402828892961298f,-0.44410131717678625f,-0.8621045263098488f,1.8582866472940687f,0f,0f,0f,1f], start_interpolation: 0, interpolation_duration: 1 }
data modify entity @s data merge value {"locators":{"lefthand":{"posx":1.226496750142084,"posy":1.664040568358759,"posz":2.6891457507416354,"roty":19.11152862909657,"rotx":-18.572517968413536},"righthand":{"posx":-0.8594124457312089,"posy":1.6916149707379464,"posz":2.401781460025426,"roty":24.759925810656,"rotx":-10.027250102261862},"chest":{"posx":-0.3242757349085953,"posy":2.249447973159744,"posz":2.5197196195482094,"roty":351.4796617968098,"rotx":23.215787508608557},"sack":{"posx":0,"posy":-0.4375,"posz":0,"roty":0,"rotx":0}},"cameras":{}}