# This file was generated by Animated Java via MC-Build. It is not recommended to edit this file directly.
$data merge entity $(bone_nose) { transformation: [-0.9714596485492162f,0.2086269433718957f,0.1128758155670796f,0.5291097757034922f,0.19169814785442912f,0.9707698722848258f,-0.1444218652880668f,3.752781955359715f,-0.13970673337321649f,-0.1186619297138003f,-0.9830571575889075f,-0.34131796738721965f,0f,0f,0f,1f], start_interpolation: 0, interpolation_duration: 1 }
$data merge entity $(bone_glowing_eye) { transformation: [-0.9714596485492162f,0.2086269433718957f,0.1128758155670796f,0.41786418666343444f,0.19169814785442912f,0.9707698722848258f,-0.1444218652880668f,3.8475129229533067f,-0.13970673337321649f,-0.1186619297138003f,-0.9830571575889075f,-0.33251129190388656f,0f,0f,0f,1f], start_interpolation: 0, interpolation_duration: 1 }
$data merge entity $(bone_head) { transformation: [-0.9714596485492162f,0.2086269433718957f,0.1128758155670796f,0.5244857335391421f,0.19169814785442912f,0.9707698722848258f,-0.1444218652880668f,3.605870608801319f,-0.13970673337321649f,-0.1186619297138003f,-0.9830571575889075f,-0.5107483311690009f,0f,0f,0f,1f], start_interpolation: 0, interpolation_duration: 1 }
$data merge entity $(bone_leftthumb2) { transformation: [-0.6787590567990136f,0.1172975951394148f,-0.7249326982471015f,1.184539080455747f,0.05566791267793629f,-0.9761023345961054f,-0.21006026729040045f,3.9004350383447615f,-0.7322480633715567f,-0.18293579904038137f,0.6560085876862147f,0.18996546282377896f,0f,0f,0f,1f], start_interpolation: 0, interpolation_duration: 1 }
$data merge entity $(bone_leftthumb) { transformation: [-0.6787590567990136f,0.1172975951394148f,-0.7249326982471015f,1.1513544998712733f,0.05566791267793629f,-0.9761023345961054f,-0.21006026729040045f,3.643102036260607f,-0.7322480633715567f,-0.18293579904038137f,0.6560085876862147f,0.2011626840098129f,0f,0f,0f,1f], start_interpolation: 0, interpolation_duration: 1 }
$data merge entity $(bone_leftpointerfinger) { transformation: [-0.6779430172669753f,-0.12192558530155319f,-0.7249326982471015f,1.153124278073212f,0.3861573871370908f,-0.8981966134791094f,-0.21006026729040045f,3.947450361821567f,-0.6255203735278372f,-0.4223470080201034f,0.6560085876862147f,0.3720285275489934f,0f,0f,0f,1f], start_interpolation: 0, interpolation_duration: 1 }
$data merge entity $(bone_leftmidfinger) { transformation: [-0.6787590567990136f,0.1172975951394148f,-0.7249326982471015f,1.0398535439721024f,0.05566791267793629f,-0.9761023345961054f,-0.21006026729040045f,3.914628445057442f,-0.7322480633715567f,-0.18293579904038137f,0.6560085876862147f,0.47452986937496444f,0f,0f,0f,1f], start_interpolation: 0, interpolation_duration: 1 }
$data merge entity $(bone_leftringfinger) { transformation: [-0.5822037537671526f,0.36811869296683813f,-0.7249326982471015f,0.9265828098709927f,-0.322107746602044f,-0.9231041564660183f,-0.21006026729040045f,3.8818065282933167f,-0.7465154979492323f,0.11120856173671081f,0.6560085876862147f,0.5770312112009355f,0f,0f,0f,1f], start_interpolation: 0, interpolation_duration: 1 }
$data merge entity $(bone_invisibility) { transformation: [0.05366919461900693f,0.7323972694939954f,0.6787590567990134f,1.0613405262119924f,-0.9906959291370815f,0.124188000584985f,-0.05566791267793638f,3.857691285955056f,-0.12506475738657086f,-0.6694561823961617f,0.7322480633715567f,0.19422314428159054f,0f,0f,0f,1f], start_interpolation: 0, interpolation_duration: 1 }
$data merge entity $(bone_swiftness) { transformation: [-0.7249326982471016f,0.1172975951394148f,0.6787590567990135f,0.874179678711721f,-0.21006026729040045f,-0.9761023345961054f,-0.05566791267793634f,3.953385072523809f,0.6560085876862146f,-0.18293579904038137f,0.7322480633715568f,0.30385958128884355f,0f,0f,0f,1f], start_interpolation: 0, interpolation_duration: 1 }
$data merge entity $(bone_suspicious_stew) { transformation: [-0.20006207293666117f,0.706584255263022f,0.6787590567990137f,0.9199173205185007f,-0.9734244518121598f,-0.22213941593575456f,-0.055667912677936415f,3.8640597827722982f,0.11144506981684996f,-0.6718577007835232f,0.7322480633715568f,0.32579987005277367f,0f,0f,0f,1f], start_interpolation: 0, interpolation_duration: 1 }
$data merge entity $(bone_log) { transformation: [-0.6787590567990136f,0.1172975951394148f,-0.7249326982471015f,0.8369646381056872f,0.05566791267793629f,-0.9761023345961054f,-0.21006026729040045f,3.7374192827321044f,-0.7322480633715567f,-0.18293579904038137f,0.6560085876862147f,0.26503504177943393f,0f,0f,0f,1f], start_interpolation: 0, interpolation_duration: 1 }
$data merge entity $(bone_planks) { transformation: [-0.6787590567990136f,0.1172975951394148f,-0.7249326982471015f,0.7733309765307796f,0.05566791267793629f,-0.9761023345961054f,-0.21006026729040045f,3.7426381495456607f,-0.7322480633715567f,-0.18293579904038137f,0.6560085876862147f,0.19638678583835045f,0f,0f,0f,1f], start_interpolation: 0, interpolation_duration: 1 }
$data merge entity $(bone_lefthand) { transformation: [-0.6787590567990136f,0.1172975951394148f,-0.7249326982471015f,1.0586329479105163f,0.05566791267793629f,-0.9761023345961054f,-0.21006026729040045f,3.4860411042664188f,-0.7322480633715567f,-0.18293579904038137f,0.6560085876862147f,0.38186283949703353f,0f,0f,0f,1f], start_interpolation: 0, interpolation_duration: 1 }
$data merge entity $(bone_leftforearm) { transformation: [-0.61909012327157f,0.244021597329608f,-0.7464454965396327f,1.187667642849204f,-0.10981512839748148f,-0.968059701270741f,-0.22539088790509754f,2.786392096506576f,-0.7776040488851874f,-0.057566264533233935f,0.6261134628364516f,0.2732469125395154f,0f,0f,0f,1f], start_interpolation: 0, interpolation_duration: 1 }
$data merge entity $(bone_leftelbow) { transformation: [-0.61909012327157f,0.244021597329608f,-0.7464454965396327f,1.2334216923485053f,-0.10981512839748148f,-0.968059701270741f,-0.22539088790509754f,2.6048809025183117f,-0.7776040488851874f,-0.057566264533233935f,0.6261134628364516f,0.262453237939534f,0f,0f,0f,1f], start_interpolation: 0, interpolation_duration: 1 }
$data merge entity $(bone_leftarm) { transformation: [-0.759146645164639f,0.06976522562641882f,0.6471701356123971f,1.0228815605049895f,-0.1293445409301418f,0.9582447347013199f,-0.2550235639088433f,3.0892750787560352f,-0.6379391513826727f,-0.27730820707381143f,-0.7184245245136497f,0.03180658100639572f,0f,0f,0f,1f], start_interpolation: 0, interpolation_duration: 1 }
$data merge entity $(bone_rightthumb2) { transformation: [0.12686236479823418f,-0.9410565306796946f,0.31355788375178245f,0.5377893053281595f,0.9877307881165617f,0.09082579295007681f,-0.12703765403070616f,3.7094332187883747f,0.09107047054031978f,0.3258270728470645f,0.941032883588814f,-0.27968888717695967f,0f,0f,0f,1f], start_interpolation: 0, interpolation_duration: 1 }
$data merge entity $(bone_rightthumb) { transformation: [0.12686236479823418f,-0.9410565306796946f,0.31355788375178245f,0.33379812195366243f,0.9877307881165617f,0.09082579295007681f,-0.12703765403070616f,3.7208512429966047f,0.09107047054031978f,0.3258270728470645f,0.941032883588814f,-0.11936392361497235f,0f,0f,0f,1f], start_interpolation: 0, interpolation_duration: 1 }
$data merge entity $(bone_rightpointerfinger) { transformation: [-0.41127729638709554f,-0.8705916278851192f,0.2700392618358655f,0.6062805306332963f,0.786124301076108f,-0.48873098562761563f,-0.3783524903381233f,3.9307030850993527f,0.4613670650730518f,0.056676636666239864f,0.8853971934234269f,-0.05985162907654687f,0f,0f,0f,1f], start_interpolation: 0, interpolation_duration: 1 }
$data merge entity $(bone_rightmidfinger) { transformation: [-0.5213937722692001f,-0.8094611363777968f,0.2700392618358655f,0.6484741652951503f,0.71560670412906f,-0.5871596359257709f,-0.3783524903381233f,3.8715855084840207f,0.46481779144567725f,-0.004028726037032207f,0.8853971934234269f,0.07849168239586361f,0f,0f,0f,1f], start_interpolation: 0, interpolation_duration: 1 }
$data merge entity $(bone_rightringfinger) { transformation: [-0.5899588981190024f,-0.7609384308847551f,0.2700392618358655f,0.6906677999570043f,0.6617092703917229f,-0.6472945500563043f,-0.3783524903381233f,3.812467931868689f,0.462697892806814f,-0.04452493537392971f,0.8853971934234269f,0.21683499386827407f,0f,0f,0f,1f], start_interpolation: 0, interpolation_duration: 1 }
$data merge entity $(bone_hugeasssword) { transformation: [-1.3075212084134369f,-3.537235440064328f,1.0576537755238067f,0.5494827266515401f,3.2341035769146322f,-1.6385608798488551f,-1.4818805871576497f,3.5731845577190224f,1.7807976081281167f,0.3786310372376233f,3.4678056742417556f,-0.03647837689268944f,0f,0f,0f,1f], start_interpolation: 0, interpolation_duration: 1 }
$data merge entity $(bone_ice) { transformation: [-0.3338352021481115f,-0.9031239421440836f,0.2700392618358655f,0.5688102132811057f,0.8257285728292677f,-0.4183559693231119f,-0.3783524903381233f,3.566819360789239f,0.45467172973483827f,0.09667175418832935f,0.8853971934234269f,-0.04509311882898896f,0f,0f,0f,1f], start_interpolation: 0, interpolation_duration: 1 }
$data merge entity $(bone_righthand) { transformation: [-0.3338352021481115f,-0.9031239421440836f,0.2700392618358655f,0.26800915414042764f,0.8257285728292677f,-0.4183559693231119f,-0.3783524903381233f,3.6568389963427115f,0.45467172973483827f,0.09667175418832935f,0.8853971934234269f,0.12041141444628504f,0f,0f,0f,1f], start_interpolation: 0, interpolation_duration: 1 }
$data merge entity $(bone_rightforearm) { transformation: [-0.3887198169207563f,-0.9081919621712755f,-0.1551910557364122f,-0.34384347045782176f,0.8835572207651101f,-0.31969585488417573f,-0.34222974447541815f,3.3821778618368845f,0.261196365914474f,-0.27015166151138953f,0.9267116801981659f,-0.10034361542666166f,0f,0f,0f,1f], start_interpolation: 0, interpolation_duration: 1 }
$data merge entity $(bone_rightelbow) { transformation: [-0.3887198169207563f,-0.9081919621712755f,-0.1551910557364122f,-0.5141294633649359f,0.8835572207651101f,-0.31969585488417573f,-0.34222974447541815f,3.3222348890461015f,0.261196365914474f,-0.27015166151138953f,0.9267116801981659f,-0.1509970519600472f,0f,0f,0f,1f], start_interpolation: 0, interpolation_duration: 1 }
$data merge entity $(bone_rightarm) { transformation: [-0.5355321012334525f,-0.18764138884720644f,-0.823405172281529f,-0.4023439020998104f,0.8196579408180529f,0.11932614004903716f,-0.5602875443510292f,3.2422651514891254f,0.20338689388058506f,-0.9749625538924502f,0.08989877588220271f,-0.7096947433714331f,0f,0f,0f,1f], start_interpolation: 0, interpolation_duration: 1 }
$data merge entity $(bone_chest) { transformation: [-0.9241191145323123f,0.28050768638796875f,0.49084662690538583f,0.38948966254978007f,0.09612669976739922f,1.0048440436900377f,-0.3932673601553949f,2.9673869418886833f,-0.5571127631449081f,-0.29191607843528194f,-0.8820552609690183f,-0.4015058095315973f,0f,0f,0f,1f], start_interpolation: 0, interpolation_duration: 1 }
$data merge entity $(bone_chest1lid) { transformation: [-0.8530330287990576f,0.19699619642799618f,0.4832464695895964f,-0.2560269832427383f,0.08873233824683006f,0.9672815788752396f,-0.23768239168662483f,2.5058054120337236f,-0.5142579352106844f,-0.15987134127643493f,-0.842603068064268f,-0.07431020486662365f,0f,0f,0f,1f], start_interpolation: 0, interpolation_duration: 1 }
$data merge entity $(bone_chest1) { transformation: [-0.8530330287990576f,0.2589301720504327f,0.45308919406651005f,-0.2964848226256184f,0.08873233824683006f,0.9275483480215733f,-0.36301602475882605f,2.3608759826553527f,-0.5142579352106844f,-0.2694609954787218f,-0.8142048562790939f,-0.03220692432307337f,0f,0f,0f,1f], start_interpolation: 0, interpolation_duration: 1 }
$data merge entity $(bone_chest1lid3) { transformation: [-0.8530330287990576f,0.2589301720504327f,0.45308919406651005f,0.0875478460060608f,0.08873233824683006f,0.9275483480215733f,-0.36301602475882605f,2.2677025000321738f,-0.5142579352106844f,-0.2694609954787218f,-0.8142048562790939f,-0.5637690699697504f,0f,0f,0f,1f], start_interpolation: 0, interpolation_duration: 1 }
$data merge entity $(bone_chest3) { transformation: [-0.8530330287990576f,0.2589301720504327f,0.45308919406651005f,0.04709000662318069f,0.08873233824683006f,0.9275483480215733f,-0.36301602475882605f,2.122773070653803f,-0.5142579352106844f,-0.2694609954787218f,-0.8142048562790939f,-0.5216657894262001f,0f,0f,0f,1f], start_interpolation: 0, interpolation_duration: 1 }
$data merge entity $(bone_hugeasssword2) { transformation: [-1.7745993434271652f,3.148422716145418f,-1.5094732023276085f,-0.24101723619276644f,1.4218127636387357f,2.1981204360124393f,2.9132443755572996f,4.056770651201602f,3.188969020426451f,0.7719965848511072f,-2.138872515489498f,-1.5634618257606885f,0f,0f,0f,1f], start_interpolation: 0, interpolation_duration: 1 }
$data merge entity $(bone_belt) { transformation: [-0.8530330287990576f,0.2589301720504327f,0.45308919406651005f,0.2543610805117877f,0.08873233824683006f,0.9275483480215733f,-0.36301602475882605f,2.6425943277236192f,-0.5142579352106844f,-0.2694609954787218f,-0.8142048562790939f,-0.17111892116110472f,0f,0f,0f,1f], start_interpolation: 0, interpolation_duration: 1 }
$data merge entity $(bone_torn_part) { transformation: [-0.8530330287990576f,-0.13729116109611644f,0.5034737221174374f,0.08164646836544752f,0.08873233824683006f,0.9125668195507839f,0.39918463397808474f,2.376819684617241f,-0.5142579352106844f,0.38519207798168376f,-0.7662674723182475f,-0.1705494828161594f,0f,0f,0f,1f], start_interpolation: 0, interpolation_duration: 1 }
$data merge entity $(bone_lowerbody) { transformation: [-0.8530330287990576f,0.21845553933282003f,0.47393230435655365f,-0.0083639990308884f,0.08873233824683006f,0.9556576777900062f,-0.28079347398090077f,1.9410112740054868f,-0.5142579352106844f,-0.1974729860406718f,-0.8345916341882563f,0.09345782369215432f,0f,0f,0f,1f], start_interpolation: 0, interpolation_duration: 1 }
$data merge entity $(bone_leftfoot) { transformation: [-0.9742794625425923f,-0.22177080468304486f,0.03994554666497461f,0.22029629635916267f,-0.20966418206475676f,0.9571100386742438f,0.1999527780912138f,0.21552355322539674f,-0.08257594128585516f,0.186436913713828f,-0.9789914579033964f,0.6230551310272606f,0f,0f,0f,1f], start_interpolation: 0, interpolation_duration: 1 }
$data merge entity $(bone_leftlowerleg) { transformation: [-0.9742794625425923f,-0.22107267490208826f,0.04364411666839521f,-0.031661929943430006f,-0.20966418206475676f,0.9603162492807571f,0.18393868805867186f,1.252613017582782f,-0.08257594128585516f,0.17005923318368094f,-0.9819688664371866f,0.9625898130546897f,0f,0f,0f,1f], start_interpolation: 0, interpolation_duration: 1 }
$data merge entity $(bone_leftleg) { transformation: [-0.9794746939316339f,0.08741587782354698f,0.1816212399046087f,0.03578056507992772f,-0.08609210277121745f,0.6332972963108522f,-0.7691059649726895f,1.7736108998423663f,-0.18225200712520861f,-0.7689546924903373f,-0.6127749172712303f,0.2752849362155599f,0f,0f,0f,1f], start_interpolation: 0, interpolation_duration: 1 }
$data merge entity $(bone_rightfoot) { transformation: [-0.4972306988474453f,0.0419021626347342f,0.8666063400040823f,-0.30004919344826225f,0.17062129129455472f,0.9840499270063388f,0.05031650045008779f,0.17242949096930094f,-0.8506761843716338f,0.17288015264325424f,-0.49644985721809853f,-0.276177518233347f,0f,0f,0f,1f], start_interpolation: 0, interpolation_duration: 1 }
$data merge entity $(bone_rightlowerleg) { transformation: [-0.4972306988474453f,-0.25426015858751383f,0.8295264381101974f,-0.7095721649187505f,0.17062129129455472f,0.9087686525326901f,0.3808221963497439f,1.1220830505007249f,-0.8506761843716338f,0.3308913359698951f,-0.40848614626432955f,0.15366716685487972f,0f,0f,0f,1f], start_interpolation: 0, interpolation_duration: 1 }
$data merge entity $(bone_rightleg) { transformation: [-0.6049988844146125f,0.44963209172122165f,0.6571202267243591f,-0.30816121309052097f,0.07273767357677821f,0.8530520010993132f,-0.5167303861365202f,1.8896269238816856f,-0.7928969546540788f,-0.2648236881928455f,-0.5488011622372255f,-0.06485191472971813f,0f,0f,0f,1f], start_interpolation: 0, interpolation_duration: 1 }
$data merge entity $(bone_sack_top) { transformation: [-0.2913277128758051f,-0.5260893071899796f,0.10445284331698819f,1.0718292696075153f,0.09151933818298444f,0.15679059810053533f,0.33683762631392716f,3.926912636075402f,-0.17642965898316754f,0.9500316861097617f,0.0022510313217968684f,0.14464282708232157f,0f,0f,0f,1f], start_interpolation: 0, interpolation_duration: 1 }
$data merge entity $(bone_sack_main) { transformation: [-0.5141092596560967f,-0.2814359086649343f,0.18432909597434624f,1.0718292696075153f,0.1615051954138266f,0.08387645185612538f,0.5944211107797841f,3.926912636075402f,-0.31134738424243774f,0.508227457176254f,0.0039724200450680335f,0.14464282708232157f,0f,0f,0f,1f], start_interpolation: 0, interpolation_duration: 1 }
data modify entity @s data merge value {"locators":{"lefthand":{"posx":0.902761498470439,"posy":3.8117406024852807,"posz":0.33772502283795003,"roty":227.85731652792543,"rotx":-12.125884084156636},"righthand":{"posx":0.5474051112095362,"posy":3.6566799841741897,"posz":-0.017812471472781546,"roty":163.0387015687889,"rotx":-22.231669394215483},"chest":{"posx":-0.3696625877187531,"posy":2.5073277797211553,"posz":0.053680055669070983,"roty":29.095088374666005,"rotx":-21.285536375853834},"sack":{"posx":0.9311948535804858,"posy":3.967913049269336,"posz":0.5352116990475032,"roty":91.23457274207232,"rotx":72.76765161218171}},"cameras":{}}