# This file was generated by Animated Java via MC-Build. It is not recommended to edit this file directly.
$data merge entity $(bone_nose) { transformation: [-0.9516820350613833f,-0.11497136490824264f,0.2847505739986479f,-0.42385133483396137f,0.008421695136067275f,0.917148720284128f,0.39845614555710096f,3.3676383218646917f,-0.30696967145380805f,0.3816016380105333f,-0.8718657067893076f,0.922877732771585f,0f,0f,0f,1f], start_interpolation: 0, interpolation_duration: 1 }
$data merge entity $(bone_glowing_eye) { transformation: [-0.9516820350613833f,-0.11497136490824264f,0.2847505739986479f,-0.5605326340120538f,0.008421695136067275f,0.917148720284128f,0.39845614555710096f,3.416885077718982f,-0.30696967145380805f,0.3816016380105333f,-0.8718657067893076f,0.9407683540009606f,0f,0f,0f,1f], start_interpolation: 0, interpolation_duration: 1 }
$data merge entity $(bone_head) { transformation: [-0.9516820350613833f,-0.11497136490824264f,0.2847505739986479f,-0.35633406124649014f,0.008421695136067275f,0.917148720284128f,0.39845614555710096f,3.3290045695100536f,-0.30696967145380805f,0.3816016380105333f,-0.8718657067893076f,0.7124975420903314f,0f,0f,0f,1f], start_interpolation: 0, interpolation_duration: 1 }
$data merge entity $(bone_leftthumb2) { transformation: [-0.8993636345198148f,0.09653519168488665f,0.4264106115819248f,0.23166885109421698f,-0.43258742871130823f,-0.0551644469710422f,-0.8999027726989832f,2.6861568738800785f,-0.06334958108975647f,-0.9937996984084573f,0.09137280787527055f,2.7487173010453168f,0f,0f,0f,1f], start_interpolation: 0, interpolation_duration: 1 }
$data merge entity $(bone_leftthumb) { transformation: [-0.8993636345198148f,0.09653519168488665f,0.4264106115819248f,0.29178336768026014f,-0.43258742871130823f,-0.0551644469710422f,-0.8999027726989832f,2.5957247657958593f,-0.06334958108975647f,-0.9937996984084573f,0.09137280787527055f,2.5128038702373816f,0f,0f,0f,1f], start_interpolation: 0, interpolation_duration: 1 }
$data merge entity $(bone_leftpointerfinger) { transformation: [-0.8781423508575005f,-0.2168870719079202f,0.4264106115819248f,0.37846365285216416f,-0.38763186254524945f,-0.19979123811714802f,-0.8999027726989832f,2.618956907503267f,0.28037038140674414f,-0.9555330759376282f,0.09137280787527055f,2.850106357078502f,0f,0f,0f,1f], start_interpolation: 0, interpolation_duration: 1 }
$data merge entity $(bone_leftmidfinger) { transformation: [-0.8993636345198148f,0.09653519168488665f,0.4264106115819248f,0.44509031091183987f,-0.43258742871130823f,-0.0551644469710422f,-0.8999027726989832f,2.4783470992690506f,-0.06334958108975647f,-0.9937996984084573f,0.09137280787527055f,2.8643833583090132f,0f,0f,0f,1f], start_interpolation: 0, interpolation_duration: 1 }
$data merge entity $(bone_leftringfinger) { transformation: [-0.793961235719824f,0.4333584503671054f,0.4264106115819248f,0.5117169689715156f,-0.42076919131946344f,0.11457873853838187f,-0.8999027726989832f,2.3377372910348346f,-0.4388380610323295f,-0.8939083656451448f,0.09137280787527055f,2.878660359539524f,0f,0f,0f,1f], start_interpolation: 0, interpolation_duration: 1 }
$data merge entity $(bone_invisibility) { transformation: [0.13333197970366f,-0.4163743941353881f,0.8993636345198147f,0.20706617635829822f,-0.1333862241509724f,0.8916704726117631f,0.4325874287113079f,2.559935114879282f,-0.9820543255823724f,-0.17764045761228806f,0.06334958108975641f,2.7266760683646454f,0f,0f,0f,1f], start_interpolation: 0, interpolation_duration: 1 }
$data merge entity $(bone_swiftness) { transformation: [0.42641061158192456f,0.09653519168488665f,0.8993636345198149f,0.22710400344726595f,-0.8999027726989833f,-0.0551644469710422f,0.432587428711308f,2.3761430368951446f,0.09137280787527054f,-0.9937996984084573f,0.06334958108975648f,2.8750862752250788f,0f,0f,0f,1f], start_interpolation: 0, interpolation_duration: 1 }
$data merge entity $(bone_suspicious_stew) { transformation: [0.26769950740163007f,-0.34566172284508667f,0.899363634519815f,0.28249307891968006f,-0.430311313391106f,0.7922753877841722f,0.43258742871130834f,2.3937891784499903f,-0.8620725881876454f,-0.5028097883605749f,0.06334958108975637f,2.790392830704155f,0f,0f,0f,1f], start_interpolation: 0, interpolation_duration: 1 }
$data merge entity $(bone_log) { transformation: [-0.8993636345198148f,0.09653519168488665f,0.4264106115819248f,0.23023263456196097f,-0.43258742871130823f,-0.0551644469710422f,-0.8999027726989832f,2.30415560866666f,-0.06334958108975647f,-0.9937996984084573f,0.09137280787527055f,2.6645119455450863f,0f,0f,0f,1f], start_interpolation: 0, interpolation_duration: 1 }
$data merge entity $(bone_planks) { transformation: [-0.8993636345198148f,0.09653519168488665f,0.4264106115819248f,0.14591729382572832f,-0.43258742871130823f,-0.0551644469710422f,-0.8999027726989832f,2.263600537224975f,-0.06334958108975647f,-0.9937996984084573f,0.09137280787527055f,2.658572922317922f,0f,0f,0f,1f], start_interpolation: 0, interpolation_duration: 1 }
$data merge entity $(bone_lefthand) { transformation: [-0.8993636345198148f,0.09653519168488665f,0.4264106115819248f,0.4658820095012012f,-0.43258742871130823f,-0.0551644469710422f,-0.8999027726989832f,2.4266333157485698f,-0.06334958108975647f,-0.9937996984084573f,0.09137280787527055f,2.429044015969309f,0f,0f,0f,1f], start_interpolation: 0, interpolation_duration: 1 }
$data merge entity $(bone_leftforearm) { transformation: [-0.8222670463750932f,0.35201826253194435f,0.44716892478074927f,0.6476864184714601f,-0.379176432741431f,0.24706226955455945f,-0.8917317241278528f,2.5783362084452612f,-0.4243844216027058f,-0.9027975286887647f,-0.06967413361065544f,1.7494194906816145f,0f,0f,0f,1f], start_interpolation: 0, interpolation_duration: 1 }
$data merge entity $(bone_leftelbow) { transformation: [-0.8222670463750932f,0.35201826253194435f,0.44716892478074927f,0.7136898426961997f,-0.379176432741431f,0.24706226955455945f,-0.8917317241278528f,2.624660383986741f,-0.4243844216027058f,-0.9027975286887647f,-0.06967413361065544f,1.580144954052471f,0f,0f,0f,1f], start_interpolation: 0, interpolation_duration: 1 }
$data merge entity $(bone_leftarm) { transformation: [-0.9542152242636279f,-0.18192766506726815f,0.23743552907407556f,0.36481209169064377f,-0.294860308483632f,0.43859725800935195f,-0.8489345344298435f,2.857686785256023f,0.050306105637900556f,-0.8800765705038679f,-0.47215942835624747f,1.1849921271501023f,0f,0f,0f,1f], start_interpolation: 0, interpolation_duration: 1 }
$data merge entity $(bone_rightthumb2) { transformation: [-0.6767542350459843f,0.39856755063994354f,0.6189891864355956f,-1.4742210714506137f,0.32152075027358973f,0.9163680980232143f,-0.2385244559134867f,1.8481898388494384f,-0.6622900516320869f,0.03759543193252019f,-0.7483037291147053f,-0.9529824492768229f,0f,0f,0f,1f], start_interpolation: 0, interpolation_duration: 1 }
$data merge entity $(bone_rightthumb) { transformation: [-0.6767542350459843f,0.39856755063994354f,0.6189891864355956f,-1.3235781005129774f,0.32152075027358973f,0.9163680980232143f,-0.2385244559134867f,2.0525385384376698f,-0.6622900516320869f,0.03759543193252019f,-0.7483037291147053f,-1.0077106174919317f,0f,0f,0f,1f], start_interpolation: 0, interpolation_duration: 1 }
$data merge entity $(bone_rightpointerfinger) { transformation: [-0.14887796297233663f,0.6166214816052944f,0.7730545262554893f,-1.506742167887231f,0.7552600806005271f,0.5755252658493664f,-0.3136126257348416f,1.904919358871649f,-0.6382926936699911f,0.5371672149265138f,-0.551392619115997f,-1.2655587784746596f,0f,0f,0f,1f], start_interpolation: 0, interpolation_duration: 1 }
$data merge entity $(bone_rightmidfinger) { transformation: [-0.06711903732569793f,0.6307786729625315f,0.7730545262554893f,-1.385952398159811f,0.823919847389913f,0.47202034496055434f,-0.3136126257348416f,1.85591738610058f,-0.5627176200417524f,0.615885589763997f,-0.551392619115997f,-1.351713875211534f,0f,0f,0f,1f], start_interpolation: 0, interpolation_duration: 1 }
$data merge entity $(bone_rightringfinger) { transformation: [-0.01188764537345069f,0.63422817922525f,0.7730545262554893f,-1.2651626284323907f,0.8619238673794345f,0.398414818777336f,-0.3136126257348416f,1.806915413329511f,-0.5068983435849385f,0.6625860312859351f,-0.551392619115997f,-1.4378689719484086f,0f,0f,0f,1f], start_interpolation: 0, interpolation_duration: 1 }
$data merge entity $(bone_hugeasssword) { transformation: [-0.7913763673469132f,2.35508963494698f,3.027796894500667f,-1.2222219462793285f,2.750384210841158f,2.5033785143517235f,-1.228316117461463f,1.8041183377750516f,-2.673833935706974f,1.878011342624222f,-2.1596210915376552f,-1.0643643587780058f,0f,0f,0f,1f], start_interpolation: 0, interpolation_duration: 1 }
$data merge entity $(bone_ice) { transformation: [-0.20205354059921185f,0.6012994812630587f,0.7730545262554893f,-1.228460164102201f,0.7022257559594445f,0.6391604717493762f,-0.3136126257348416f,1.7831591779671012f,-0.682681004861355f,0.47949225769129067f,-0.551392619115997f,-1.0611895346034736f,0f,0f,0f,1f], start_interpolation: 0, interpolation_duration: 1 }
$data merge entity $(bone_righthand) { transformation: [-0.20205354059921185f,0.6012994812630587f,0.7730545262554893f,-1.1044907249907554f,0.7022257559594445f,0.6391604717493762f,-0.3136126257348416f,2.1087053403400926f,-0.682681004861355f,0.47949225769129067f,-0.551392619115997f,-1.1292177407433646f,0f,0f,0f,1f], start_interpolation: 0, interpolation_duration: 1 }
$data merge entity $(bone_rightforearm) { transformation: [-0.49715565222968783f,0.24405706291510998f,0.8326298142015596f,-0.9148257152111126f,0.5728128747727103f,0.8131015584789995f,0.10368831223260364f,2.6429964390937104f,-0.6517067346212536f,0.5284903079908583f,-0.5440370634515909f,-0.7083907429070329f,0f,0f,0f,1f], start_interpolation: 0, interpolation_duration: 1 }
$data merge entity $(bone_rightelbow) { transformation: [-0.49715565222968783f,0.24405706291510998f,0.8326298142015596f,-0.8690650159145294f,0.5728128747727103f,0.8131015584789995f,0.10368831223260364f,2.795452981308523f,-0.6517067346212536f,0.5284903079908583f,-0.5440370634515909f,-0.609298810158747f,0f,0f,0f,1f], start_interpolation: 0, interpolation_duration: 1 }
$data merge entity $(bone_rightarm) { transformation: [-0.3657761266451092f,-0.05349122517282244f,0.9291644171006611f,-0.8996940201790894f,0.6798603257529218f,0.666448016552717f,0.3060015991789596f,2.9457934874789045f,-0.6356081832730225f,0.7436301029829679f,-0.20740421233405054f,-0.0547775054977826f,0f,0f,0f,1f], start_interpolation: 0, interpolation_duration: 1 }
$data merge entity $(bone_chest) { transformation: [-0.8060756134645676f,-0.35276947254838753f,0.6319864838165167f,-0.09660340330285308f,0.13398118469400586f,0.856866708716022f,0.6491837927376759f,2.858878921289352f,-0.7112680638386786f,0.5611989431950272f,-0.5939398947966645f,0.3260507529463412f,0f,0f,0f,1f], start_interpolation: 0, interpolation_duration: 1 }
$data merge entity $(bone_chest1lid) { transformation: [-0.7440697970442163f,-0.12007716510956049f,0.6572226499032349f,-0.356379733803315f,0.12367493971754387f,0.9419592741287383f,0.3121173419865077f,2.1260311347979948f,-0.6565551358510879f,0.31351905891366794f,-0.6860329097685092f,-0.03762024171363949f,0f,0f,0f,1f], start_interpolation: 0, interpolation_duration: 1 }
$data merge entity $(bone_chest1) { transformation: [-0.7440697970442163f,-0.3256333592754347f,0.5833721389075539f,-0.3054995214165283f,0.12367493971754387f,0.7909538849686357f,0.5992465779117009f,2.0024445902716455f,-0.6565551358510879f,0.5180297937184867f,-0.5482522105815365f,-0.11856239698215304f,0f,0f,0f,1f], start_interpolation: 0, interpolation_duration: 1 }
$data merge entity $(bone_chest1lid3) { transformation: [-0.7440697970442163f,-0.3256333592754347f,0.5833721389075539f,0.06384740499960027f,0.12367493971754387f,0.7909538849686357f,0.5992465779117009f,2.5021937900403315f,-0.6565551358510879f,0.5180297937184867f,-0.5482522105815365f,-0.3478096181267433f,0f,0f,0f,1f], start_interpolation: 0, interpolation_duration: 1 }
$data merge entity $(bone_chest3) { transformation: [-0.7440697970442163f,-0.3256333592754347f,0.5833721389075539f,0.11472761738638694f,0.12367493971754387f,0.7909538849686357f,0.5992465779117009f,2.378607245513982f,-0.6565551358510879f,0.5180297937184867f,-0.5482522105815365f,-0.4287517733952569f,0f,0f,0f,1f], start_interpolation: 0, interpolation_duration: 1 }
$data merge entity $(bone_hugeasssword2) { transformation: [-2.2848742107212536f,1.286981767467356f,-2.9091760945610194f,-1.2366154368018207f,-2.3470490968208284f,1.7357803792698085f,2.611264978862213f,4.087755920149408f,2.147321158111018f,3.2666530551814548f,-0.2413864925388283f,-0.027037740606688315f,0f,0f,0f,1f], start_interpolation: 0, interpolation_duration: 1 }
$data merge entity $(bone_belt) { transformation: [-0.7440697970442163f,-0.3256333592754347f,0.5833721389075539f,-0.019427113203935267f,0.12367493971754387f,0.7909538849686357f,0.5992465779117009f,2.4614142313992304f,-0.6565551358510879f,0.5180297937184867f,-0.5482522105815365f,0.21250017051749653f,0f,0f,0f,1f], start_interpolation: 0, interpolation_duration: 1 }
$data merge entity $(bone_torn_part) { transformation: [-0.7440697970442163f,-0.6010106036969242f,0.29179854586758586f,-0.002273325391722897f,0.12367493971754387f,0.3053031658570871f,0.9441898570751023f,2.220296533897434f,-0.6565551358510879f,0.7386313228949195f,-0.15283691447441783f,-0.03826851121704375f,0f,0f,0f,1f], start_interpolation: 0, interpolation_duration: 1 }
$data merge entity $(bone_lowerbody) { transformation: [-0.7440697970442163f,-0.2728363434093775f,0.6098528239186721f,0.1178500581676732f,0.12367493971754387f,0.8407893349910334f,0.5270463010506741f,1.723561349504301f,-0.6565551358510879f,0.46758274549039563f,-0.59186293151981f,-0.1192329614330949f,0f,0f,0f,1f], start_interpolation: 0, interpolation_duration: 1 }
$data merge entity $(bone_leftfoot) { transformation: [-0.9775206129022833f,-0.11200370408590525f,0.17858216696419243f,0.30111055267406045f,-0.10748268416963665f,0.9936005832767324f,0.03480449612997811f,0.14330321716080285f,-0.18133510027004077f,0.01484993593454723f,-0.9833148492276661f,0.5623043531897688f,0f,0f,0f,1f], start_interpolation: 0, interpolation_duration: 1 }
$data merge entity $(bone_leftlowerleg) { transformation: [-0.9775206129022833f,-0.11167142775959009f,0.17879013481935851f,0.1497547404951106f,-0.10748268416963665f,0.9936635861154917f,0.03295678483750264f,1.240585092203328f,-0.18133510027004077f,0.013021385991519585f,-0.9833407633245699f,0.7278359594430914f,0f,0f,0f,1f], start_interpolation: 0, interpolation_duration: 1 }
$data merge entity $(bone_leftleg) { transformation: [-0.9543756503827874f,0.26071105781869397f,0.14553167674396392f,0.3663339669565805f,-0.00270890247095093f,0.4798179048062569f,-0.877377774103347f,1.6264454585636186f,-0.298565246400136f,-0.8377266553670897f,-0.45723726880333215f,-0.015215025538426075f,0f,0f,0f,1f], start_interpolation: 0, interpolation_duration: 1 }
$data merge entity $(bone_rightfoot) { transformation: [-0.4793453585537423f,-0.023565787690710854f,0.8773129336324976f,-0.30783883043565496f,0.1188363969135996f,0.9886786341130718f,0.09148509091460102f,0.17042831417656745f,-0.8695432933205833f,0.14811049512292873f,-0.471122928213369f,-0.25420952721524415f,0f,0f,0f,1f], start_interpolation: 0, interpolation_duration: 1 }
$data merge entity $(bone_rightlowerleg) { transformation: [-0.4793453585537423f,-0.1266117808861788f,0.8684484940450834f,-0.5817320865041252f,0.1188363969135996f,0.9710506435844923f,0.2071608336667078f,1.2158582661388713f,-0.8695432933205833f,0.20250627659833703f,-0.4504272862429364f,0.039652055297885846f,0f,0f,0f,1f], start_interpolation: 0, interpolation_duration: 1 }
$data merge entity $(bone_rightleg) { transformation: [-0.6050612361962541f,0.672800881767878f,0.42571289188113515f,0.0219747620259364f,0.07275575469752696f,0.5791760019961226f,-0.8119455205787272f,1.7425126114400902f,-0.7928477159020224f,-0.4602994229393439f,-0.3993907927060168f,-0.35524606343005755f,0f,0f,0f,1f], start_interpolation: 0, interpolation_duration: 1 }
$data merge entity $(bone_sack_top) { transformation: [-0.039999999999999994f,0f,4.898587196589412e-18f,-0.08416295934606481f,0f,0.09999999999999998f,0f,-0.5998883282696759f,-4.898587196589412e-18f,0f,-0.039999999999999994f,-0.09040210865162039f,0f,0f,0f,1f], start_interpolation: 0, interpolation_duration: 1 }
$data merge entity $(bone_sack_main) { transformation: [-0.05833333333333333f,0f,7.143772995026226e-18f,-0.08416295934606481f,0f,0.05833333333333333f,0f,-0.5998883282696759f,-7.143772995026226e-18f,0f,-0.05833333333333333f,-0.09040210865162039f,0f,0f,0f,1f], start_interpolation: 0, interpolation_duration: 1 }
data modify entity @s data merge value {"locators":{"lefthand":{"posx":0.30034349764184426,"posy":2.3630813833513793,"posz":2.746663870087361,"roty":102.09464214814945,"rotx":-64.14529008390218},"righthand":{"posx":-1.2688769649008544,"posy":1.843906157494322,"posz":-1.1240674356619647,"roty":54.501071659700074,"rotx":-18.277079580388268},"chest":{"posx":-0.45043172671053733,"posy":1.986829081054925,"posz":-0.004850043913026347,"roty":46.77760226391558,"rotx":36.81595679894554},"sack":{"posx":-0.07791295934606482,"posy":-0.5623883282696759,"posz":-0.09040210865162039,"roty":0,"rotx":0}},"cameras":{}}