# This file was generated by Animated Java via MC-Build. It is not recommended to edit this file directly.
$data merge entity $(bone_nose) { transformation: [-1f,-1.067350013832297e-17f,1.21998664834562e-16f,-2.6915881943003354e-16f,0f,0.9961946980917455f,0.0871557427476582f,0.20574668557631218f,-1.2246467991473532e-16f,0.0871557427476582f,-0.9961946980917455f,2.1953924618198655f,0f,0f,0f,1f], start_interpolation: 0, interpolation_duration: 1 }
$data merge entity $(bone_glowing_eye) { transformation: [-1f,-1.067350013832297e-17f,1.21998664834562e-16f,-0.12500000000000028f,0f,0.9961946980917455f,0.0871557427476582f,0.27015580660352684f,-1.2246467991473532e-16f,0.0871557427476582f,-0.9961946980917455f,2.2360564503558895f,0f,0f,0f,1f], start_interpolation: 0, interpolation_duration: 1 }
$data merge entity $(bone_head) { transformation: [-1f,-1.067350013832297e-17f,1.21998664834562e-16f,-2.449960290040454e-16f,0f,0.9961946980917455f,0.0871557427476582f,0.099060025972588f,-1.2246467991473532e-16f,0.0871557427476582f,-0.9961946980917455f,1.9980883048759108f,0f,0f,0f,1f], start_interpolation: 0, interpolation_duration: 1 }
$data merge entity $(bone_leftthumb2) { transformation: [-0.6573235436300002f,-0.3962574317707756f,0.641019349751728f,1.4361474850493383f,-0.6368691224405023f,-0.1626583986853393f,-0.7536179179259115f,0.24183521716327924f,0.4028938816506943f,-0.9036162310978874f,-0.14544492780735238f,2.679565356713347f,0f,0f,0f,1f], start_interpolation: 0, interpolation_duration: 1 }
$data merge entity $(bone_leftthumb) { transformation: [-0.6573235436300002f,-0.3962574317707756f,0.641019349751728f,1.3937482329197022f,-0.6368691224405023f,-0.1626583986853393f,-0.7536179179259115f,0.13754216160253635f,0.4028938816506943f,-0.9036162310978874f,-0.14544492780735238f,2.4455308932402264f,0f,0f,0f,1f], start_interpolation: 0, interpolation_duration: 1 }
$data merge entity $(bone_leftpointerfinger) { transformation: [-0.6445524474187657f,-0.41670893411391f,0.641019349751728f,1.6266714114959662f,-0.631445642200509f,-0.18258267915385898f,-0.7536179179259115f,0.22618011968227802f,0.4310783495751857f,-0.8905151483847135f,-0.14544492780735238f,2.6905316065205263f,0f,0f,0f,1f], start_interpolation: 0, interpolation_duration: 1 }
$data merge entity $(bone_leftmidfinger) { transformation: [-0.6445524474187657f,-0.41670893411391f,0.641019349751728f,1.7268306848946735f,-0.631445642200509f,-0.18258267915385898f,-0.7536179179259115f,0.10842732000635434f,0.4310783495751857f,-0.8905151483847135f,-0.14544492780735238f,2.6678058365506274f,0f,0f,0f,1f], start_interpolation: 0, interpolation_duration: 1 }
$data merge entity $(bone_leftringfinger) { transformation: [-0.6445524474187657f,-0.41670893411391f,0.641019349751728f,1.826989958293381f,-0.631445642200509f,-0.18258267915385898f,-0.7536179179259115f,-0.009325479669569328f,0.4310783495751857f,-0.8905151483847135f,-0.14544492780735238f,2.6450800665807286f,0f,0f,0f,1f], start_interpolation: 0, interpolation_duration: 1 }
$data merge entity $(bone_invisibility) { transformation: [-0.33888103506626566f,-0.673116188382151f,0.6573235436300002f,1.4390920716133364f,-0.22772156375520491f,0.7365735606731677f,0.636869122440502f,0.11159300615669769f,-0.9128540592412899f,0.0661361221658451f,-0.4028938816506943f,2.6724004512998594f,0f,0f,0f,1f], start_interpolation: 0, interpolation_duration: 1 }
$data merge entity $(bone_swiftness) { transformation: [0.6410193497517279f,-0.3962574317707756f,0.6573235436300003f,1.5787076785093852f,-0.7536179179259116f,-0.1626583986853393f,0.6368691224405021f,-0.04085379552464696f,-0.1454449278073523f,-0.9036162310978874f,-0.40289388165069434f,2.788478385950283f,0f,0f,0f,1f], start_interpolation: 0, interpolation_duration: 1 }
$data merge entity $(bone_suspicious_stew) { transformation: [-0.08822471275076915f,-0.7484264553379599f,0.6573235436300003f,1.5778577668060405f,-0.4659112678459289f,0.614267377756677f,0.6368691224405024f,-0.022085741016035443f,-0.8804221093056692f,-0.25006685021048447f,-0.4028938816506945f,2.6874865381686943f,0f,0f,0f,1f], start_interpolation: 0, interpolation_duration: 1 }
$data merge entity $(bone_log) { transformation: [-0.6573235436300002f,-0.3962574317707756f,0.641019349751728f,1.4967492876389932f,-0.6368691224405023f,-0.1626583986853393f,-0.7536179179259115f,-0.13745036098327706f,0.4028938816506943f,-0.9036162310978874f,-0.14544492780735238f,2.6054880796952413f,0f,0f,0f,1f], start_interpolation: 0, interpolation_duration: 1 }
$data merge entity $(bone_planks) { transformation: [-0.6573235436300002f,-0.3962574317707756f,0.641019349751728f,1.4351252054236807f,-0.6368691224405023f,-0.1626583986853393f,-0.7536179179259115f,-0.1971568412120741f,0.4028938816506943f,-0.9036162310978874f,-0.14544492780735238f,2.6432593810999943f,0f,0f,0f,1f], start_interpolation: 0, interpolation_duration: 1 }
$data merge entity $(bone_lefthand1) { transformation: [-0.6573235436300002f,-0.3962574317707756f,0.641019349751728f,1.541983960924058f,-0.6368691224405023f,-0.1626583986853393f,-0.7536179179259115f,0.004652879890698472f,0.4028938816506943f,-0.9036162310978874f,-0.14544492780735238f,2.283405705502076f,0f,0f,0f,1f], start_interpolation: 0, interpolation_duration: 1 }
$data merge entity $(bone_leftforearm) { transformation: [-0.9998245241917179f,-0.014765075543146877f,-0.011528806053106482f,1.4692933720153802f,0.0140231518756661f,-0.18186876174318045f,-0.9832228153951039f,-0.10698428972719766f,0.012420629463798294f,-0.9832119537750788f,0.18204390107200957f,1.590016653891211f,0f,0f,0f,1f], start_interpolation: 0, interpolation_duration: 1 }
$data merge entity $(bone_leftelbow) { transformation: [-0.3689751295901831f,-0.9293677637915454f,-0.011528806053106482f,1.2950369163044655f,0.173391254470053f,-0.05664245898464387f,-0.9832228153951039f,-0.11760475078681838f,0.9131225693285699f,-0.36478375987052336f,0.18204390107200957f,1.521619698915488f,0f,0f,0f,1f], start_interpolation: 0, interpolation_duration: 1 }
$data merge entity $(bone_leftarm) { transformation: [-0.3689751295901831f,-0.9293677637915454f,-0.011528806053106482f,0.7499999999999998f,0.173391254470053f,-0.05664245898464387f,-0.9832228153951039f,-0.07727093038271923f,0.9131225693285699f,-0.36478375987052336f,0.18204390107200957f,1.5332845091123506f,0f,0f,0f,1f], start_interpolation: 0, interpolation_duration: 1 }
$data merge entity $(bone_rightthumb2) { transformation: [-0.6573235436300002f,0.3962574317707758f,-0.641019349751728f,-1.436147485049339f,0.6368691224405023f,-0.1626583986853393f,-0.7536179179259115f,0.24183521716327924f,-0.4028938816506944f,-0.9036162310978871f,-0.14544492780735244f,2.6795653567133466f,0f,0f,0f,1f], start_interpolation: 0, interpolation_duration: 1 }
$data merge entity $(bone_rightthumb) { transformation: [-0.6573235436300002f,0.3962574317707758f,-0.641019349751728f,-1.3937482329197028f,0.6368691224405023f,-0.1626583986853393f,-0.7536179179259115f,0.13754216160253635f,-0.4028938816506944f,-0.9036162310978871f,-0.14544492780735244f,2.445530893240226f,0f,0f,0f,1f], start_interpolation: 0, interpolation_duration: 1 }
$data merge entity $(bone_rightpointerfinger) { transformation: [-0.6445524474187657f,0.41670893411391025f,-0.641019349751728f,-1.6266714114959666f,0.631445642200509f,-0.18258267915385898f,-0.7536179179259115f,0.22618011968227802f,-0.4310783495751858f,-0.8905151483847132f,-0.14544492780735244f,2.690531606520526f,0f,0f,0f,1f], start_interpolation: 0, interpolation_duration: 1 }
$data merge entity $(bone_rightmidfinger) { transformation: [-0.6445524474187657f,0.41670893411391025f,-0.641019349751728f,-1.726830684894674f,0.631445642200509f,-0.18258267915385898f,-0.7536179179259115f,0.10842732000635434f,-0.4310783495751858f,-0.8905151483847132f,-0.14544492780735244f,2.667805836550627f,0f,0f,0f,1f], start_interpolation: 0, interpolation_duration: 1 }
$data merge entity $(bone_rightringfinger) { transformation: [-0.6445524474187657f,0.41670893411391025f,-0.641019349751728f,-1.8269899582933815f,0.631445642200509f,-0.18258267915385898f,-0.7536179179259115f,-0.009325479669569328f,-0.4310783495751858f,-0.8905151483847132f,-0.14544492780735244f,2.645080066580728f,0f,0f,0f,1f], start_interpolation: 0, interpolation_duration: 1 }
$data merge entity $(bone_hugeasssword) { transformation: [-0.000025745172125508347f,0.000015520082744355388f,-0.00002510659119860935f,-1.4607647362773113f,0.000024944040628919676f,-0.000006370787281842456f,-0.00002951670178543154f,-0.08293969855423312f,-0.0000157800103646522f,-0.00003539163571800059f,-0.000005696593005787971f,2.5941641671715043f,0f,0f,0f,1f], start_interpolation: 0, interpolation_duration: 1 }
$data merge entity $(bone_ice) { transformation: [-0.6573235436300002f,0.3962574317707758f,-0.641019349751728f,-1.4566855782795107f,0.6368691224405023f,-0.1626583986853393f,-0.7536179179259115f,-0.09034924111290756f,-0.4028938816506944f,-0.9036162310978871f,-0.14544492780735244f,2.6145783876832005f,0f,0f,0f,1f], start_interpolation: 0, interpolation_duration: 1 }
$data merge entity $(bone_righthand1) { transformation: [-0.6573235436300002f,0.3962574317707758f,-0.641019349751728f,-1.5419839609240584f,0.6368691224405023f,-0.1626583986853393f,-0.7536179179259115f,0.004652879890698472f,-0.4028938816506944f,-0.9036162310978871f,-0.14544492780735244f,2.2834057055020756f,0f,0f,0f,1f], start_interpolation: 0, interpolation_duration: 1 }
$data merge entity $(bone_rightforearm) { transformation: [-0.9998245241917179f,0.0147650755431471f,0.011528806053106437f,-1.4692933720153805f,-0.0140231518756661f,-0.18186876174318045f,-0.9832228153951039f,-0.10698428972719766f,-0.012420629463798516f,-0.9832119537750786f,0.18204390107200957f,1.5900166538912106f,0f,0f,0f,1f], start_interpolation: 0, interpolation_duration: 1 }
$data merge entity $(bone_rightelbow) { transformation: [-0.36897512959018286f,0.9293677637915454f,0.011528806053106437f,-1.2950369163044657f,-0.173391254470053f,-0.05664245898464387f,-0.9832228153951039f,-0.11760475078681838f,-0.9131225693285699f,-0.36478375987052314f,0.18204390107200957f,1.5216196989154875f,0f,0f,0f,1f], start_interpolation: 0, interpolation_duration: 1 }
$data merge entity $(bone_rightarm) { transformation: [-0.36897512959018286f,0.9293677637915454f,0.011528806053106437f,-0.7500000000000002f,-0.173391254470053f,-0.05664245898464387f,-0.9832228153951039f,-0.07727093038271923f,-0.9131225693285699f,-0.36478375987052314f,0.18204390107200957f,1.5332845091123504f,0f,0f,0f,1f], start_interpolation: 0, interpolation_duration: 1 }
$data merge entity $(bone_chest1) { transformation: [-1.0833333333333333f,-1.265296945278589e-16f,3.9894659441861674e-17f,-0.0023231250000001653f,0f,0.3257646161296293f,1.0331933633105792f,-0.020499229288615833f,-1.3267006990762992e-16f,1.0331933633105792f,-0.3257646161296293f,1.3473045864240047f,0f,0f,0f,1f], start_interpolation: 0, interpolation_duration: 1 }
$data merge entity $(bone_chest1lid) { transformation: [-1f,-1.16796641102639e-16f,3.6825839484795395e-17f,-0.3437500000000001f,0f,0.30070579950427323f,0.9537169507482269f,-0.5992243411123888f,-1.2246467991473532e-16f,0.9537169507482269f,-0.30070579950427323f,0.8131593380291108f,0f,0f,0f,1f], start_interpolation: 0, interpolation_duration: 1 }
$data merge entity $(bone_chest2) { transformation: [-1f,-1.16796641102639e-16f,3.6825839484795395e-17f,-0.3437500000000001f,0f,0.30070579950427323f,0.9537169507482269f,-0.6462096222849314f,-1.2246467991473532e-16f,0.9537169507482269f,-0.30070579950427323f,0.6641410644747003f,0f,0f,0f,1f], start_interpolation: 0, interpolation_duration: 1 }
$data merge entity $(bone_chest1lid3) { transformation: [-1f,-9.381338752702731e-17f,7.871877887341985e-17f,-0.2812500000000001f,0f,0.6427876096865394f,0.7660444431189779f,0.06520086330167332f,-1.2246467991473532e-16f,0.7660444431189779f,-0.6427876096865394f,0.5911958559046157f,0f,0f,0f,1f], start_interpolation: 0, interpolation_duration: 1 }
$data merge entity $(bone_chest3) { transformation: [-1f,-9.381338752702731e-17f,7.871877887341985e-17f,-0.2812500000000001f,0f,0.6427876096865394f,0.7660444431189779f,-0.03523470071184845f,-1.2246467991473532e-16f,0.7660444431189779f,-0.6427876096865394f,0.4715014116672753f,0f,0f,0f,1f], start_interpolation: 0, interpolation_duration: 1 }
$data merge entity $(bone_hugeasssword2) { transformation: [-1.4487465919166744e-15f,1.655254858484406f,-3.549705499226879f,-1.7343750000000002f,-3.735391390430555f,1.0674170301497339f,0.49774473560388766f,0.3508508479066798f,1.177764381391737f,3.385414304776872f,1.5786446163449348f,1.6440472446298635f,0f,0f,0f,1f], start_interpolation: 0, interpolation_duration: 1 }
$data merge entity $(bone_belt) { transformation: [-1f,-1.16796641102639e-16f,3.6825839484795395e-17f,0.029705624999999874f,0f,0.30070579950427323f,0.9537169507482269f,-0.2651233035504728f,-1.2246467991473532e-16f,0.9537169507482269f,-0.30070579950427323f,1.0067736543520716f,0f,0f,0f,1f], start_interpolation: 0, interpolation_duration: 1 }
$data merge entity $(bone_torn_part) { transformation: [-1f,-1.224646799147353e-16f,1.8488927466117464e-32f,-0.0937500000000001f,0f,1.6653345369377348e-16f,1f,-0.3458932760698908f,-1.2246467991473532e-16f,1f,-1.6653345369377348e-16f,0.7332843600357882f,0f,0f,0f,1f], start_interpolation: 0, interpolation_duration: 1 }
$data merge entity $(bone_lowerbody) { transformation: [-1f,-1.16796641102639e-16f,3.6825839484795395e-17f,0.0039062499999999623f,0f,0.30070579950427323f,0.9537169507482269f,-0.6268387259330561f,-1.2246467991473532e-16f,0.9537169507482269f,-0.30070579950427323f,0.30988900823354393f,0f,0f,0f,1f], start_interpolation: 0, interpolation_duration: 1 }
$data merge entity $(bone_leftfoot) { transformation: [-1f,-1.1608178284191914e-16f,3.902073191087148e-17f,0.28125000000000017f,0f,0.31862845628665515f,0.9478796900685145f,-1.3389076800795408f,-1.2246467991473532e-16f,0.9478796900685145f,-0.31862845628665515f,-1.6431230661739535f,0f,0f,0f,1f], start_interpolation: 0, interpolation_duration: 1 }
$data merge entity $(bone_leftlowerleg) { transformation: [-1f,-1.1608178284191914e-16f,3.902073191087148e-17f,0.28125000000000006f,0f,0.31862845628665515f,0.9478796900685145f,-1.1310668037919158f,-1.2246467991473532e-16f,0.9478796900685145f,-0.31862845628665515f,-0.542613166695247f,0f,0f,0f,1f], start_interpolation: 0, interpolation_duration: 1 }
$data merge entity $(bone_leftleg) { transformation: [-1f,-9.231299564401869e-17f,8.047303064906879e-17f,0.24999999999999997f,0f,0.6571121625034846f,0.7537928136364754f,-0.4525153093605827f,-1.2246467991473532e-16f,0.7537928136364754f,-0.6571121625034846f,0.27540413059040375f,0f,0f,0f,1f], start_interpolation: 0, interpolation_duration: 1 }
$data merge entity $(bone_rightfoot) { transformation: [-1f,-1.2233272643169075e-16f,-5.6834734456741004e-18f,-0.28124999999999983f,0f,-0.046409082599416895f,0.9989225180424558f,-0.5927211997027295f,-1.2246467991473532e-16f,0.9989225180424558f,0.046409082599416895f,-1.831061064030115f,0f,0f,0f,1f], start_interpolation: 0, interpolation_duration: 1 }
$data merge entity $(bone_rightlowerleg) { transformation: [-1f,-1.2233272643169075e-16f,-5.6834734456741004e-18f,-0.28124999999999994f,0f,-0.046409082599416895f,0.9989225180424558f,-0.7976863503226646f,-1.2246467991473532e-16f,0.9989225180424558f,0.046409082599416895f,-0.7300119480784296f,0f,0f,0f,1f], start_interpolation: 0, interpolation_duration: 1 }
$data merge entity $(bone_rightleg) { transformation: [-1f,-1.15195673232488e-16f,4.156386285142926e-17f,-0.25000000000000006f,0f,0.3393946963350383f,0.9406440560061213f,-0.46157562039269084f,-1.2246467991473532e-16f,0.9406440560061213f,-0.3393946963350383f,0.27826083568569426f,0f,0f,0f,1f], start_interpolation: 0, interpolation_duration: 1 }
data modify entity @s data merge value {"locators":{"lefthand":{"posx":1.5793150543715269,"posy":-0.05326091338959542,"posz":2.6405843733420014,"roty":77.21624320407042,"rotx":-48.90475259253312},"righthand":{"posx":-1.514485255526371,"posy":-0.016325943437059655,"posz":2.5931986668863427,"roty":282.78375679592955,"rotx":-48.90475259253311},"chest":{"posx":-0.3750000000000001,"posy":-0.7670367271358163,"posz":0.8005373097798894,"roty":0,"rotx":72.49999999999999},"sack":{"posx":0,"posy":-0.4375,"posz":0,"roty":0,"rotx":0}},"cameras":{}}