# This file was generated by Animated Java via MC-Build. It is not recommended to edit this file directly.
$data merge entity $(bone_nose) { transformation: [-0.9944640678569874f,0.005592362957488178f,0.10492827654109577f,-0.8294049145924789f,0.028419456474172905f,0.9756807584325257f,0.21734624937698804f,2.534368496946352f,-0.10116102132266938f,0.21912503987696832f,-0.9704383878762586f,1.2676400970769341f,0f,0f,0f,1f], start_interpolation: 0, interpolation_duration: 1 }
$data merge entity $(bone_glowing_eye) { transformation: [-0.9944640678569874f,0.0028710140242153848f,0.10503796941966136f,-0.9571838976898039f,0.028419456474172905f,0.9697199603944213f,0.24256036961209151f,2.5951145536011593f,-0.10116102132266938f,0.24420269386539245f,-0.9644332491540512f,1.3051839769331866f,0f,0f,0f,1f], start_interpolation: 0, interpolation_duration: 1 }
$data merge entity $(bone_head) { transformation: [-0.9944640678569874f,0.0028710140242153848f,0.10503796941966136f,-0.8100905334685915f,0.028419456474172905f,0.9697199603944213f,0.24256036961209151f,2.4600511486234375f,-0.10116102132266938f,0.24420269386539245f,-0.9644332491540512f,1.056891763501512f,0f,0f,0f,1f], start_interpolation: 0, interpolation_duration: 1 }
$data merge entity $(bone_leftthumb2) { transformation: [-0.48094399741671245f,-0.6508862160817346f,0.5874010598080622f,1.1253035517120438f,-0.8763169659561835f,0.3357819235367238f,-0.34542593273135663f,1.049055694893036f,0.02759432054215516f,-0.6808800434296629f,-0.7318749346254712f,2.289730649350928f,0f,0f,0f,1f], start_interpolation: 0, interpolation_duration: 1 }
$data merge entity $(bone_leftthumb) { transformation: [-0.48094399741671245f,-0.6508862160817346f,0.5874010598080622f,1.0158764149331665f,-0.8763169659561835f,0.3357819235367238f,-0.34542593273135663f,1.101884456629601f,0.02759432054215516f,-0.6808800434296629f,-0.7318749346254712f,2.060205723074373f,0f,0f,0f,1f], start_interpolation: 0, interpolation_duration: 1 }
$data merge entity $(bone_leftpointerfinger) { transformation: [-0.2293233284707847f,-0.7761255091513523f,0.5874010598080622f,1.3095861289809414f,-0.9383127679927207f,0.015813741445708518f,-0.34542593273135663f,1.0713613405237887f,0.258804869430465f,-0.6303801389844407f,-0.7318749346254712f,2.2462947209548645f,0f,0f,0f,1f], start_interpolation: 0, interpolation_duration: 1 }
$data merge entity $(bone_leftmidfinger) { transformation: [-0.48094399741671245f,-0.6508862160817346f,0.5874010598080622f,1.4013675445759513f,-0.8763169659561835f,0.3357819235367238f,-0.34542593273135663f,1.0173885385345143f,0.02759432054215516f,-0.6808800434296629f,-0.7318749346254712f,2.1319392624196345f,0f,0f,0f,1f], start_interpolation: 0, interpolation_duration: 1 }
$data merge entity $(bone_leftringfinger) { transformation: [-0.6934176867467454f,-0.4172911533248189f,0.5874010598080622f,1.4931489601709609f,-0.6811131298141224f,0.6455740309147228f,-0.34542593273135663f,0.9634157365452398f,-0.23506768408610185f,-0.639611025518916f,-0.7318749346254712f,2.0175838038844045f,0f,0f,0f,1f], start_interpolation: 0, interpolation_duration: 1 }
$data merge entity $(bone_invisibility) { transformation: [-0.597214021863289f,-0.6418942930410801f,0.4809439974167124f,1.1298621664623663f,0.3043983182108279f,0.37337680571745396f,0.8763169659561831f,0.9545726176916886f,-0.742076192826784f,0.669747323632967f,-0.027594320542155354f,2.1998684930134447f,0f,0f,0f,1f], start_interpolation: 0, interpolation_duration: 1 }
$data merge entity $(bone_swiftness) { transformation: [0.5874010598080621f,-0.6508862160817346f,0.48094399741671257f,1.3030917762032868f,-0.34542593273135686f,0.3357819235367238f,0.8763169659561834f,0.7986933904602105f,-0.7318749346254712f,-0.6808800434296629f,-0.027594320542155323f,2.156281788948365f,0f,0f,0f,1f], start_interpolation: 0, interpolation_duration: 1 }
$data merge entity $(bone_suspicious_stew) { transformation: [-0.34165683126896773f,-0.8074425558490717f,0.4809439974167125f,1.270510156555209f,0.15833846479639205f,0.4549697855278653f,0.8763169659561837f,0.8740654776387753f,-0.9263905980811606f,0.3755516119798276f,-0.027594320542155243f,2.0945581948069343f,0f,0f,0f,1f], start_interpolation: 0, interpolation_duration: 1 }
$data merge entity $(bone_log) { transformation: [-0.48094399741671245f,-0.6508862160817346f,0.5874010598080622f,1.1715953044656784f,-0.8763169659561835f,0.3357819235367238f,-0.34542593273135663f,0.8176916619256912f,0.02759432054215516f,-0.6808800434296629f,-0.7318749346254712f,1.9777285193684846f,0f,0f,0f,1f], start_interpolation: 0, interpolation_duration: 1 }
$data merge entity $(bone_planks) { transformation: [-0.48094399741671245f,-0.6508862160817346f,0.5874010598080622f,1.1265068047078617f,-0.8763169659561835f,0.3357819235367238f,-0.34542593273135663f,0.7355369463672989f,0.02759432054215516f,-0.6808800434296629f,-0.7318749346254712f,1.9803154869193118f,0f,0f,0f,1f], start_interpolation: 0, interpolation_duration: 1 }
$data merge entity $(bone_lefthand1) { transformation: [-0.48094399741671245f,-0.6508862160817346f,0.5874010598080622f,1.110753466680421f,-0.8763169659561835f,0.3357819235367238f,-0.34542593273135663f,1.1315109446967728f,0.02759432054215516f,-0.6808800434296629f,-0.7318749346254712f,1.8234810200825762f,0f,0f,0f,1f], start_interpolation: 0, interpolation_duration: 1 }
$data merge entity $(bone_leftforearm) { transformation: [-0.776760281396188f,-0.4503417489871403f,0.44026784389110024f,0.7225872345407478f,-0.579508109511504f,0.7848065660224904f,-0.21965656133698744f,1.6469598829911423f,-0.24660457468530042f,-0.4257592782866749f,-0.8705832646548475f,1.5047405702118535f,0f,0f,0f,1f], start_interpolation: 0, interpolation_duration: 1 }
$data merge entity $(bone_leftelbow) { transformation: [-0.776760281396188f,-0.4503417489871403f,0.44026784389110024f,0.6381481566056589f,-0.579508109511504f,0.7848065660224904f,-0.21965656133698744f,1.7941111141203592f,-0.24660457468530042f,-0.4257592782866749f,-0.8705832646548475f,1.4249107055331018f,0f,0f,0f,1f], start_interpolation: 0, interpolation_duration: 1 }
$data merge entity $(bone_leftarm) { transformation: [-0.7457890552997899f,-0.6383121660625815f,0.1906731854549614f,0.11026575224522928f,-0.6540617271496423f,0.7559363172381988f,-0.027632252140873878f,2.02504133762867f,-0.1264987828916711f,-0.1453198642197441f,-0.9812645896953999f,1.4117143241656902f,0f,0f,0f,1f], start_interpolation: 0, interpolation_duration: 1 }
$data merge entity $(bone_rightthumb2) { transformation: [-0.6481492239256781f,0.2750618838232932f,0.7101010798415405f,-1.5166512422405711f,0.6404790781869215f,0.7013241791119385f,0.3129392052744385f,1.8599924213145609f,-0.4119334095814182f,0.6576361880709931f,-0.6307341042072173f,-1.3296131871734123f,0f,0f,0f,1f], start_interpolation: 0, interpolation_duration: 1 }
$data merge entity $(bone_rightthumb) { transformation: [-0.6481492239256781f,0.2750618838232932f,0.7101010798415405f,-1.3885109151664787f,0.6404790781869215f,0.7013241791119385f,0.3129392052744385f,2.058729918445161f,-0.4119334095814182f,0.6576361880709931f,-0.6307341042072173f,-1.2222338040307f,0f,0f,0f,1f], start_interpolation: 0, interpolation_duration: 1 }
$data merge entity $(bone_rightpointerfinger) { transformation: [-0.20422080805159332f,0.4791255657595104f,0.8536583355150835f,-1.5272232679394746f,0.9754915840468976f,0.1725739521721455f,0.13650787700847467f,2.1001497668923172f,-0.08191477896221838f,0.860614270894525f,-0.5026261490613635f,-1.5398333179122463f,0f,0f,0f,1f], start_interpolation: 0, interpolation_duration: 1 }
$data merge entity $(bone_rightmidfinger) { transformation: [-0.14025124468885736f,0.5015944921635831f,0.8536583355150835f,-1.3938391530152427f,0.9896437694549005f,0.044393795667134334f,0.13650787700847467f,2.1214791226748915f,0.030574465527992006f,0.8639630526460154f,-0.5026261490613635f,-1.6183686537030844f,0f,0f,0f,1f], start_interpolation: 0, interpolation_duration: 1 }
$data merge entity $(bone_rightringfinger) { transformation: [-0.11823851212704259f,0.5072347587218367f,0.8536583355150835f,-1.260455038091011f,0.9906382780433066f,0.0011838876769743323f,0.13650787700847467f,2.1428084784574657f,0.06823090447426096f,0.8618071118030809f,-0.5026261490613635f,-1.6969039894939224f,0f,0f,0f,1f], start_interpolation: 0, interpolation_duration: 1 }
$data merge entity $(bone_hugeasssword) { transformation: [-0.8821174736387672f,1.8393441058061182f,3.3434951474340773f,-1.2519615920581768f,3.7870248243848774f,0.8443126657836431f,0.5346558516165258f,1.9063008784821835f,-0.4696695859555237f,3.3532412917372025f,-1.968619083823674f,-1.4047577274890504f,0f,0f,0f,1f], start_interpolation: 0, interpolation_duration: 1 }
$data merge entity $(bone_ice) { transformation: [-0.22522148263117459f,0.4696197716951791f,0.8536583355150835f,-1.255780315324802f,0.9668999551620963f,0.21556919126390886f,0.13650787700847467f,1.8878247980692773f,-0.11991563896736775f,0.8561467127839666f,-0.5026261490613635f,-1.4162613380174347f,0f,0f,0f,1f], start_interpolation: 0, interpolation_duration: 1 }
$data merge entity $(bone_righthand1) { transformation: [-0.22522148263117459f,0.4696197716951791f,0.8536583355150835f,-1.1680039200739545f,0.9668999551620963f,0.21556919126390886f,0.13650787700847467f,2.1877079558322934f,-0.11991563896736775f,0.8561467127839666f,-0.5026261490613635f,-1.2479106367214525f,0f,0f,0f,1f], start_interpolation: 0, interpolation_duration: 1 }
$data merge entity $(bone_rightforearm) { transformation: [-0.5692127496023427f,0.02969373692116728f,0.8216538977439326f,-1.0772374214036886f,0.7437912323131959f,0.44448271158345387f,0.4992090963087892f,2.4384139262539106f,-0.35038756887789024f,0.8952951474743268f,-0.2750911675877018f,-0.5887442594782532f,0f,0f,0f,1f], start_interpolation: 0, interpolation_duration: 1 }
$data merge entity $(bone_rightelbow) { transformation: [-0.5692127496023427f,0.02969373692116728f,0.8216538977439326f,-1.0716698457309697f,0.7437912323131959f,0.44448271158345387f,0.4992090963087892f,2.5217544346758083f,-0.35038756887789024f,0.8952951474743268f,-0.2750911675877018f,-0.42087641932681685f,0f,0f,0f,1f], start_interpolation: 0, interpolation_duration: 1 }
$data merge entity $(bone_rightarm) { transformation: [-0.4723327266790005f,-0.2919068281947958f,0.8316803466243712f,-1.1899170261467038f,0.84433075492657f,0.12099152710997085f,0.5219833585974996f,2.3312595935894875f,-0.25299678178409535f,0.9487631179703664f,0.18931765471302373f,0.10899488661824897f,0f,0f,0f,1f], start_interpolation: 0, interpolation_duration: 1 }
$data merge entity $(bone_chest1) { transformation: [-0.817326298577308f,-0.6542905692806987f,0.27146528602200337f,-0.39774812562678946f,0.15632013983499116f,0.24840642203968316f,1.016933298850903f,2.3754764685765437f,-0.6936518194649223f,0.8269275733405514f,-0.09069184304293973f,0.5483430527357305f,0f,0f,0f,1f], start_interpolation: 0, interpolation_duration: 1 }
$data merge entity $(bone_chest1lid) { transformation: [-0.754455044840592f,-0.6039605254898758f,0.2569616099042293f,-0.3396564166498053f,0.144295513693838f,0.22929823572893832f,0.9626012278297944f,1.9043081193703317f,-0.6402939871983898f,0.763317760006663f,-0.08584641644238283f,-0.15952231215586918f,0f,0f,0f,1f], start_interpolation: 0, interpolation_duration: 1 }
$data merge entity $(bone_chest2) { transformation: [-0.754455044840592f,-0.6039605254898758f,0.2569616099042293f,-0.24528758454201216f,0.144295513693838f,0.22929823572893832f,0.9626012278297944f,1.868480270037685f,-0.6402939871983898f,0.763317760006663f,-0.08584641644238283f,-0.27879071215691026f,0f,0f,0f,1f], start_interpolation: 0, interpolation_duration: 1 }
$data merge entity $(bone_chest1lid3) { transformation: [-0.754455044840592f,-0.6039605254898758f,0.2569616099042293f,-0.1278869450023714f,0.144295513693838f,0.22929823572893832f,0.9626012278297944f,2.511956061342929f,-0.6402939871983898f,0.763317760006663f,-0.08584641644238283f,-0.17449929848937126f,0f,0f,0f,1f], start_interpolation: 0, interpolation_duration: 1 }
$data merge entity $(bone_chest3) { transformation: [-0.754455044840592f,-0.6039605254898758f,0.2569616099042293f,-0.03351811289457832f,0.144295513693838f,0.22929823572893832f,0.9626012278297944f,2.4761282120102823f,-0.6402939871983898f,0.763317760006663f,-0.08584641644238283f,-0.29376769849041234f,0f,0f,0f,1f], start_interpolation: 0, interpolation_duration: 1 }
$data merge entity $(bone_hugeasssword2) { transformation: [-1.006432972124899f,0.5805000917996914f,-3.740372988595945f,-1.9565141033332656f,-3.7701881423333616f,0.1900595033093573f,1.043952362126021f,3.0872969891424384f,0.33623179773266576f,3.8687433109990814f,0.509952105173721f,0.6212462647175361f,0f,0f,0f,1f], start_interpolation: 0, interpolation_duration: 1 }
$data merge entity $(bone_belt) { transformation: [-0.754455044840592f,-0.6039605254898758f,0.2569616099042293f,-0.16318464445057537f,0.144295513693838f,0.22929823572893832f,0.9626012278297944f,2.166475121401339f,-0.6402939871983898f,0.763317760006663f,-0.08584641644238283f,0.2748799061766732f,0f,0f,0f,1f], start_interpolation: 0, interpolation_duration: 1 }
$data merge entity $(bone_torn_part) { transformation: [-0.6555907649533277f,-0.6993608581036294f,0.2847720826564041f,-0.048911665721692116f,0.13203430037545438f,0.26514580620994227f,0.9551254603315966f,2.063617530444089f,-0.7434834849761459f,0.6637711138651902f,-0.08148752030765272f,-0.037023743105784185f,0f,0f,0f,1f], start_interpolation: 0, interpolation_duration: 1 }
$data merge entity $(bone_lowerbody) { transformation: [-0.6555907649533277f,-0.5245954097559683f,0.5431393973657944f,0.19488199458362282f,0.13203430037545438f,0.6285609910149765f,0.7664711502063435f,1.63602400390625f,-0.7434834849761459f,0.5742044380159723f,-0.34281419301202615f,-0.19658294888375272f,0f,0f,0f,1f], start_interpolation: 0, interpolation_duration: 1 }
$data merge entity $(bone_leftfoot) { transformation: [-0.9667602484661378f,-0.03969680238141835f,0.25254853120647575f,0.3353727748420164f,-0.05015526829999436f,0.9981287851621166f,-0.03512577705931441f,0.13526539124641235f,-0.2506773712860465f,-0.04660267700916861f,-0.9669522368644603f,0.5054513240461893f,0f,0f,0f,1f], start_interpolation: 0, interpolation_duration: 1 }
$data merge entity $(bone_leftlowerleg) { transformation: [-0.9667602484661378f,-0.042966446832125665f,0.2520128591569878f,0.2489861996344146f,-0.05015526829999436f,0.9985001836036257f,-0.022187278489014195f,1.2463855107021782f,-0.2506773712860465f,-0.0340672563951927f,-0.967474991885221f,0.6163062612828472f,0f,0f,0f,1f], start_interpolation: 0, interpolation_duration: 1 }
$data merge entity $(bone_leftleg) { transformation: [-0.9270112706717503f,0.35815369891538584f,0.11116102500982317f,0.5490382228091385f,0.04395311157143897f,0.39813773205044795f,-0.9162886246857269f,1.56104075484448f,-0.37242211015289545f,-0.84450711919495f,-0.38483552745335914f,-0.1312510558515077f,0f,0f,0f,1f], start_interpolation: 0, interpolation_duration: 1 }
$data merge entity $(bone_rightfoot) { transformation: [-0.4475330135448756f,-0.032128177641309125f,0.893692549757183f,-0.28418674876078565f,0.09446106263056635f,0.9920541007518374f,0.08296325127326325f,0.21300451988365965f,-0.8892642350481151f,0.1215497612721658f,-0.44094586067823127f,-0.25329477548699425f,0f,0f,0f,1f], start_interpolation: 0, interpolation_duration: 1 }
$data merge entity $(bone_rightlowerleg) { transformation: [-0.4475330135448756f,-0.043707555466849124f,0.8932011211844502f,-0.46991126262190697f,0.09446106263056635f,0.9908955992590669f,0.09581310583308583f,1.2975580607827712f,-0.8892642350481151f,0.12725412313294707f,-0.4393335687837334f,-0.04462055187712388f,0f,0f,0f,1f], start_interpolation: 0, interpolation_duration: 1 }
$data merge entity $(bone_rightleg) { transformation: [-0.5795553892892823f,0.7591456526850116f,0.29631385816370986f,0.21221257432023877f,0.07723283194752778f,0.41313067332755726f,-0.9073889589558687f,1.6770972003254214f,-0.8112648398735849f,-0.5029919729631546f,-0.29806605748578835f,-0.47868122599134955f,0f,0f,0f,1f], start_interpolation: 0, interpolation_duration: 1 }
data modify entity @s data merge value {"locators":{"lefthand":{"posx":1.2583561482953798,"posy":0.8790106949067042,"posz":2.039770851064123,"roty":38.75044396015795,"rotx":-20.207798445905404},"righthand":{"posx":-1.2975710497466348,"posy":1.9729704646739679,"posz":-1.433027187978791,"roty":59.51081597781125,"rotx":7.845822153630131},"chest":{"posx":-0.3656358555054923,"posy":1.7440797725918,"posz":-0.21382535668711297,"roty":71.52642028069472,"rotx":74.28084537043523},"sack":{"posx":0,"posy":-0.4375,"posz":0,"roty":0,"rotx":0}},"cameras":{}}