# This file was generated by Animated Java via MC-Build. It is not recommended to edit this file directly.
$data merge entity $(bone_nose) { transformation: [-0.9258610137456257f,0.11712357434882456f,-0.3592540209345995f,0.00950358505831686f,-0.0030028182470816095f,0.9484383165109407f,0.31694753959680394f,3.840048215506178f,0.3778523075336411f,0.29452814484467854f,-0.8777703603937961f,0.30124797295881256f,0f,0f,0f,1f], start_interpolation: 0, interpolation_duration: 1 }
$data merge entity $(bone_glowing_eye) { transformation: [-0.9258610137456257f,0.11712357434882456f,-0.3592540209345995f,-0.08576243045315339f,-0.0030028182470816095f,0.9484383165109407f,0.31694753959680394f,3.8928297608279627f,0.3778523075336411f,0.29452814484467854f,-0.8777703603937961f,0.3990518051800961f,0f,0f,0f,1f], start_interpolation: 0, interpolation_duration: 1 }
$data merge entity $(bone_head) { transformation: [-0.9258610137456257f,0.11712357434882456f,-0.3592540209345995f,-0.07223057958121457f,-0.0030028182470816095f,0.9484383165109407f,0.31694753959680394f,3.782288027580346f,0.3778523075336411f,0.29452814484467854f,-0.8777703603937961f,0.10051366919830407f,0f,0f,0f,1f], start_interpolation: 0, interpolation_duration: 1 }
$data merge entity $(bone_leftthumb2) { transformation: [-0.9269185813104774f,-0.027317082686935966f,0.37426691092701125f,0.5017514202781889f,-0.3106544930140821f,0.6153447857901594f,-0.7244615797756472f,2.551100666676942f,-0.21051301525448668f,-0.7877845972055675f,-0.5788606903341482f,-0.2587942368619506f,0f,0f,0f,1f], start_interpolation: 0, interpolation_duration: 1 }
$data merge entity $(bone_leftthumb) { transformation: [-0.9269185813104774f,-0.027317082686935966f,0.37426691092701125f,0.5270360251678831f,-0.3106544930140821f,0.6153447857901594f,-0.7244615797756472f,2.6400986848524077f,-0.21051301525448668f,-0.7877845972055675f,-0.5788606903341482f,-0.5014604883863675f,0f,0f,0f,1f], start_interpolation: 0, interpolation_duration: 1 }
$data merge entity $(bone_leftpointerfinger) { transformation: [-0.6526246421930831f,0.6587908285544837f,0.37426691092701125f,0.6549249242050711f,0.23768856115535858f,0.6470390771235295f,-0.7244615797756472f,2.4382073756364435f,-0.7194339610403764f,-0.3838425157374155f,-0.5788606903341482f,-0.24707790124424434f,0f,0f,0f,1f], start_interpolation: 0, interpolation_duration: 1 }
$data merge entity $(bone_leftmidfinger) { transformation: [-0.719189580381078f,0.5853978363954225f,0.37426691092701125f,0.7134041290374167f,0.1672953069294032f,0.6687059889879634f,-0.7244615797756472f,2.3250102537964987f,-0.6743727661691907f,-0.45841212182400676f,-0.5788606903341482f,-0.337524884108955f,0f,0f,0f,1f], start_interpolation: 0, interpolation_duration: 1 }
$data merge entity $(bone_leftringfinger) { transformation: [-0.719189580381078f,0.5853978363954225f,0.37426691092701125f,0.7718833338697622f,0.1672953069294032f,0.6687059889879634f,-0.7244615797756472f,2.211813131956554f,-0.6743727661691907f,-0.45841212182400676f,-0.5788606903341482f,-0.4279718669736656f,0f,0f,0f,1f], start_interpolation: 0, interpolation_duration: 1 }
$data merge entity $(bone_invisibility) { transformation: [0.005406377667655636f,-0.37522355296794313f,0.9269185813104773f,0.4664440433240039f,0.5498622260250692f,0.7753356165951097f,0.31065449301408193f,2.469902418510091f,-0.8352378723880223f,0.5079979989499901f,0.21051301525448643f,-0.3546236353508774f,0f,0f,0f,1f], start_interpolation: 0, interpolation_duration: 1 }
$data merge entity $(bone_swiftness) { transformation: [0.37426691092701103f,-0.027317082686935966f,0.9269185813104776f,0.4920414667591837f,-0.7244615797756473f,0.6153447857901594f,0.31065449301408193f,2.234557947571445f,-0.5788606903341482f,-0.7877845972055675f,0.21051301525448654f,-0.36744486214944483f,0f,0f,0f,1f], start_interpolation: 0, interpolation_duration: 1 }
$data merge entity $(bone_suspicious_stew) { transformation: [0.1334143465647406f,-0.3507457138042823f,0.9269185813104777f,0.5378995773737686f,0.25152107753131564f,0.9166411149013824f,0.3106544930140822f,2.305221585468243f,-0.9586124136939757f,0.19169379416213556f,0.21051301525448665f,-0.42623261179451916f,0f,0f,0f,1f], start_interpolation: 0, interpolation_duration: 1 }
$data merge entity $(bone_log) { transformation: [-0.9269185813104774f,-0.027317082686935966f,0.37426691092701125f,0.465130086489748f,-0.3106544930140821f,0.6153447857901594f,-0.7244615797756472f,2.3190566884199595f,-0.21051301525448668f,-0.7877845972055675f,-0.5788606903341482f,-0.5715753764847364f,0f,0f,0f,1f], start_interpolation: 0, interpolation_duration: 1 }
$data merge entity $(bone_planks) { transformation: [-0.9269185813104774f,-0.027317082686935966f,0.37426691092701125f,0.3782314694918908f,-0.3106544930140821f,0.6153447857901594f,-0.7244615797756472f,2.2899328296998895f,-0.21051301525448668f,-0.7877845972055675f,-0.5788606903341482f,-0.5913109716648446f,0f,0f,0f,1f], start_interpolation: 0, interpolation_duration: 1 }
$data merge entity $(bone_lefthand1) { transformation: [-0.9269185813104774f,-0.027317082686935966f,0.37426691092701125f,0.6783346201791642f,-0.3106544930140821f,0.6153447857901594f,-0.7244615797756472f,2.573195932489009f,-0.21051301525448668f,-0.7877845972055675f,-0.5788606903341482f,-0.6978038753995646f,0f,0f,0f,1f], start_interpolation: 0, interpolation_duration: 1 }
$data merge entity $(bone_leftforearm) { transformation: [-0.7522021328623452f,0.5235473438071203f,0.40011264677569025f,0.9816871343504328f,0.1834528454062664f,0.7495980905180912f,-0.6359620713564419f,3.13550466014842f,-0.6328799292359363f,-0.40497022295983787f,-0.6598955324035586f,-1.0400537811889004f,0f,0f,0f,1f], start_interpolation: 0, interpolation_duration: 1 }
$data merge entity $(bone_leftelbow) { transformation: [-0.7522021328623452f,0.5235473438071203f,0.40011264677569025f,1.0798522613142678f,0.1834528454062664f,0.7495980905180912f,-0.6359620713564419f,3.276054302120562f,-0.6328799292359363f,-0.40497022295983787f,-0.6598955324035586f,-1.11598569799387f,0f,0f,0f,1f], start_interpolation: 0, interpolation_duration: 1 }
$data merge entity $(bone_leftarm) { transformation: [-0.9641960031841347f,-0.2293335425836224f,0.13316228328541918f,0.6058734320657173f,0.017625608657270336f,0.4456084052845535f,0.8950544603873094f,3.364836244842158f,-0.2646042429047598f,0.8653549996306735f,-0.4256117000870581f,-0.47726147776430955f,0f,0f,0f,1f], start_interpolation: 0, interpolation_duration: 1 }
$data merge entity $(bone_rightthumb2) { transformation: [-0.904439187678111f,-0.3685313322674056f,-0.21488232344557692f,-0.7977176380892417f,-0.2584027635769469f,0.8740514401605058f,-0.4114147441805436f,2.223124923767198f,0.3394374280599517f,-0.31657343080327655f,-0.8857558892502426f,0.44882087828389977f,0f,0f,0f,1f], start_interpolation: 0, interpolation_duration: 1 }
$data merge entity $(bone_rightthumb) { transformation: [-0.904439187678111f,-0.3685313322674056f,-0.21488232344557692f,-0.9064604894986813f,-0.2584027635769469f,0.8740514401605058f,-0.4114147441805436f,2.4023210085799525f,0.3394374280599517f,-0.31657343080327655f,-0.8857558892502426f,0.2954891347745246f,0f,0f,0f,1f], start_interpolation: 0, interpolation_duration: 1 }
$data merge entity $(bone_rightpointerfinger) { transformation: [-0.6295373628427066f,-0.7466647814485969f,-0.21488232344557692f,-0.8945317911622437f,-0.635030145029275f,0.6538154350999644f,-0.4114147441805436f,2.067975011377595f,0.44768227984715725f,-0.12254420006415409f,-0.8857558892502426f,0.3949709531423018f,0f,0f,0f,1f], start_interpolation: 0, interpolation_duration: 1 }
$data merge entity $(bone_rightmidfinger) { transformation: [-0.5963691224332783f,-0.7734141561148152f,-0.21488232344557692f,-0.9281071542006151f,-0.6629447657714275f,0.6254935217946904f,-0.4114147441805436f,2.003691457599385f,0.4526014884469875f,-0.10289993835801459f,-0.8857558892502426f,0.2565715954469514f,0f,0f,0f,1f], start_interpolation: 0, interpolation_duration: 1 }
$data merge entity $(bone_rightringfinger) { transformation: [-0.6334314369531331f,-0.7433641111528854f,-0.21488232344557692f,-0.9616825172389866f,-0.6316041028226578f,0.6571256847578273f,-0.4114147441805436f,1.939407903821175f,0.44703564955948927f,-0.12488247547769585f,-0.8857558892502426f,0.118172237751601f,0f,0f,0f,1f], start_interpolation: 0, interpolation_duration: 1 }
$data merge entity $(bone_hugeasssword) { transformation: [-3.542386818405935f,-1.4434143847140053f,-0.8416224334951763f,-0.7593658855365965f,-1.0120774906763754f,3.4233681406286482f,-1.6113744147071292f,2.2562997458349354f,1.3294632599014775f,-1.2399126039794999f,-3.4692105662301174f,0.11594448625614623f,0f,0f,0f,1f], start_interpolation: 0, interpolation_duration: 1 }
$data merge entity $(bone_ice) { transformation: [-0.904439187678111f,-0.3685313322674056f,-0.21488232344557692f,-0.7394757211624478f,-0.2584027635769469f,0.8740514401605058f,-0.4114147441805436f,2.2466802352633173f,0.3394374280599517f,-0.31657343080327655f,-0.8857558892502426f,0.11558723629901069f,0f,0f,0f,1f], start_interpolation: 0, interpolation_duration: 1 }
$data merge entity $(bone_righthand1) { transformation: [-0.904439187678111f,-0.3685313322674056f,-0.21488232344557692f,-1.0644334237565012f,-0.2584027635769469f,0.8740514401605058f,-0.4114147441805436f,2.387735693653565f,0.3394374280599517f,-0.31657343080327655f,-0.8857558892502426f,0.09362336407410939f,0f,0f,0f,1f], start_interpolation: 0, interpolation_duration: 1 }
$data merge entity $(bone_rightforearm) { transformation: [0.004881328153420461f,-0.6099589288222086f,-0.7924179943599983f,-1.4957863036106014f,-0.25801045675287654f,0.764828653844103f,-0.5903115571164004f,2.9603530503320274f,0.9661297929582912f,0.207333633087063f,-0.15364240218536143f,0.11584817194936542f,0f,0f,0f,1f], start_interpolation: 0, interpolation_duration: 1 }
$data merge entity $(bone_rightelbow) { transformation: [0.004881328153420461f,-0.6099589288222086f,-0.7924179943599983f,-1.6101536027647656f,-0.25801045675287654f,0.764828653844103f,-0.5903115571164004f,3.103758422927797f,0.9661297929582912f,0.207333633087063f,-0.15364240218536143f,0.15472322815318973f,0f,0f,0f,1f], start_interpolation: 0, interpolation_duration: 1 }
$data merge entity $(bone_rightarm) { transformation: [-0.3743477427151167f,0.6938729360708565f,-0.6151456056191132f,-0.9660961390504104f,-0.1270269756891329f,0.6187546410032014f,0.7752463103325753f,3.3563173578286234f,0.9185466318981138f,0.36835179221147846f,-0.14348882257243112f,0.16739223639331574f,0f,0f,0f,1f], start_interpolation: 0, interpolation_duration: 1 }
$data merge entity $(bone_chest1) { transformation: [-1.0030160982244278f,0.1268838722112266f,-0.3891918560124828f,-0.18062646624426237f,-0.003253053101005077f,1.0274748428868523f,0.34335983456320424f,3.1854063430628727f,0.40933999982811115f,0.3190721569150684f,-0.9509178904266123f,-0.16368672268744683f,0f,0f,0f,1f], start_interpolation: 0, interpolation_duration: 1 }
$data merge entity $(bone_chest1lid) { transformation: [-0.9258610137456257f,0.11712357434882456f,-0.3592540209345995f,-0.43620527359986916f,-0.0030028182470816095f,0.9484383165109407f,0.31694753959680394f,2.4121438124643158f,0.3778523075336411f,0.29452814484467854f,-0.8777703603937961f,0.10751568219412325f,0f,0f,0f,1f], start_interpolation: 0, interpolation_duration: 1 }
$data merge entity $(bone_chest2) { transformation: [-0.9258610137456257f,0.11712357434882456f,-0.3592540209345995f,-0.454505832091873f,-0.0030028182470816095f,0.9484383165109407f,0.31694753959680394f,2.263950325509481f,0.3778523075336411f,0.29452814484467854f,-0.8777703603937961f,0.06149565956214223f,0f,0f,0f,1f], start_interpolation: 0, interpolation_duration: 1 }
$data merge entity $(bone_chest1lid3) { transformation: [-0.9258610137456257f,0.11712357434882456f,-0.3592540209345995f,-0.6084860674019954f,-0.0030028182470816095f,0.9484383165109407f,0.31694753959680394f,2.615376006158961f,0.3778523075336411f,0.29452814484467854f,-0.8777703603937961f,-0.47842172415400497f,0f,0f,0f,1f], start_interpolation: 0, interpolation_duration: 1 }
$data merge entity $(bone_chest3) { transformation: [-0.9258610137456257f,0.11712357434882456f,-0.3592540209345995f,-0.6267866258939992f,-0.0030028182470816095f,0.9484383165109407f,0.31694753959680394f,2.467182519204126f,0.3778523075336411f,0.29452814484467854f,-0.8777703603937961f,-0.524441746785986f,0f,0f,0f,1f], start_interpolation: 0, interpolation_duration: 1 }
$data merge entity $(bone_hugeasssword2) { transformation: [1.407078248660514f,2.983496872661686f,-2.1116711369771037f,-1.2806140999997526f,-1.2413778634208152f,2.518297400259427f,2.7308308226313036f,4.366149396390458f,3.437933911542369f,-0.31177298221995703f,1.850320460137227f,0.4110398616402196f,0f,0f,0f,1f], start_interpolation: 0, interpolation_duration: 1 }
$data merge entity $(bone_belt) { transformation: [-0.9258610137456257f,0.11712357434882456f,-0.3592540209345995f,-0.15059887919523307f,-0.0030028182470816095f,0.9484383165109407f,0.31694753959680394f,2.7662218596599306f,0.3778523075336411f,0.29452814484467854f,-0.8777703603937961f,-0.17820592111689687f,0f,0f,0f,1f], start_interpolation: 0, interpolation_duration: 1 }
$data merge entity $(bone_torn_part) { transformation: [-0.9234758867944122f,-0.2500808316755685f,-0.2909499340741119f,-0.07820275370696642f,-0.3035872468153437f,0.9400094114195227f,0.15561841155146844f,2.425261161717601f,0.23457849449673274f,0.23203854005569546f,-0.9439973759754142f,-0.033442820209451524f,0f,0f,0f,1f], start_interpolation: 0, interpolation_duration: 1 }
$data merge entity $(bone_lowerbody) { transformation: [-0.9234758867944122f,-0.32599666076767514f,-0.2022831275158643f,0.19960456018518521f,-0.3035872468153437f,0.943298268396832f,-0.13425036465729956f,2.013192453703704f,0.23457849449673274f,-0.06256639679463459f,-0.9700816336328518f,0.11061685185185188f,0f,0f,0f,1f], start_interpolation: 0, interpolation_duration: 1 }
$data merge entity $(bone_leftfoot) { transformation: [-0.9254389095420282f,0.04160470459484231f,-0.3765855466378121f,0.4684871967258067f,-0.12343540533315943f,0.9066091005991725f,0.40351681120108934f,0.27483337685235054f,0.3581993169229816f,0.4199026941105583f,-0.8338957207871016f,-0.2105594779817178f,0f,0f,0f,1f], start_interpolation: 0, interpolation_duration: 1 }
$data merge entity $(bone_leftlowerleg) { transformation: [-0.9254389095420282f,0.04160470459484231f,-0.3765855466378121f,0.5725031375648432f,-0.12343540533315943f,0.9066091005991725f,0.40351681120108934f,1.2186042551745593f,0.3581993169229816f,0.4199026941105583f,-0.8338957207871016f,0.3833945025023425f,0f,0f,0f,1f], start_interpolation: 0, interpolation_duration: 1 }
$data merge entity $(bone_leftleg) { transformation: [-0.9483989580340568f,-0.20753343794296605f,-0.23970230049179359f,0.3608221001672499f,-0.05528387033510297f,0.8526862293070324f,-0.5195011380068402f,2.053291101634943f,0.31220031399108594f,-0.4794508354308399f,-0.8201575530273262f,-0.021799266579192483f,0f,0f,0f,1f], start_interpolation: 0, interpolation_duration: 1 }
$data merge entity $(bone_rightfoot) { transformation: [-0.9491756522528966f,0.2664078355824886f,0.16754402038675345f,-0.50003046052565f,0.31452583535074913f,0.7845231180921196f,0.5344076405771077f,0.22625033843115627f,0.010930092740725289f,0.5599578652155291f,-0.8284562781542913f,-0.2740852056241863f,0f,0f,0f,1f], start_interpolation: 0, interpolation_duration: 1 }
$data merge entity $(bone_rightlowerleg) { transformation: [-0.9491756522528966f,0.2664078355824886f,0.16754402038675345f,-0.23022667365366223f,0.31452583535074913f,0.7845231180921196f,0.5344076405771077f,1.0144712766233563f,0.010930092740725289f,0.5599578652155291f,-0.8284562781542913f,0.4744067337414813f,0f,0f,0f,1f], start_interpolation: 0, interpolation_duration: 1 }
$data merge entity $(bone_rightleg) { transformation: [-0.9947447258160972f,0.08431257433951402f,-0.05791252568102673f,-0.112699029359456f,0.10143919650601571f,0.8858344894071641f,-0.4527808813929226f,1.8700816951196655f,0.013125518659285379f,-0.45627531787733133f,-0.8897515581104489f,0.0905551723082093f,0f,0f,0f,1f], start_interpolation: 0, interpolation_duration: 1 }
data modify entity @s data merge value {"locators":{"lefthand":{"posx":0.5483149300892876,"posy":2.311426447934168,"posz":-0.48124941136147237,"roty":32.88500484359261,"rotx":-46.424076031268704},"righthand":{"posx":-0.8151510566367552,"posy":2.2152262778032914,"posz":0.16619589080546737,"roty":346.36361988227145,"rotx":-24.293737848613272},"chest":{"posx":-0.4163252129051903,"posy":2.30324952655016,"posz":0.23806717656328777,"roty":337.7416866722955,"rotx":18.4784250900295},"sack":{"posx":0,"posy":-0.4375,"posz":0,"roty":0,"rotx":0}},"cameras":{}}