# This file was generated by Animated Java via MC-Build. It is not recommended to edit this file directly.
$data merge entity $(bone_nose) { transformation: [-0.8856011025337039f,0.2170545506617479f,-0.41060687917777816f,0.06084095495381424f,0.056451501218863845f,0.9278278762695786f,0.36871216419752145f,3.7521114833571914f,0.46100316181261103f,0.3033525243905348f,-0.8339384454170856f,0.2815827123220102f,0f,0f,0f,1f], start_interpolation: 0, interpolation_duration: 1 }
$data merge entity $(bone_glowing_eye) { transformation: [-0.8856011025337039f,0.2170545506617479f,-0.41060687917777816f,-0.020834442536666192f,0.056451501218863845f,0.9278278762695786f,0.36871216419752145f,3.8091229654197196f,0.46100316181261103f,0.3033525243905348f,-0.8339384454170856f,0.3888483414534441f,0f,0f,0f,1f], start_interpolation: 0, interpolation_duration: 1 }
$data merge entity $(bone_head) { transformation: [-0.8856011025337039f,0.2170545506617479f,-0.41060687917777816f,-0.042848453826862365f,0.056451501218863845f,0.9278278762695786f,0.36871216419752145f,3.7065893929643443f,0.46100316181261103f,0.3033525243905348f,-0.8339384454170856f,0.08796654699032941f,0f,0f,0f,1f], start_interpolation: 0, interpolation_duration: 1 }
$data merge entity $(bone_leftthumb2) { transformation: [-0.9711450449019607f,-0.056191207962495035f,0.2317754299102564f,0.4238413785669842f,-0.2241992992756261f,0.5464590192601206f,-0.8069183443655153f,2.474635631119686f,-0.081314057620357f,-0.8355986407462509f,-0.5432889982470936f,-0.2714951368327785f,0f,0f,0f,1f], start_interpolation: 0, interpolation_duration: 1 }
$data merge entity $(bone_leftthumb) { transformation: [-0.9711450449019607f,-0.056191207962495035f,0.2317754299102564f,0.42986785504979774f,-0.2241992992756261f,0.5464590192601206f,-0.8069183443655153f,2.5396933827369703f,-0.081314057620357f,-0.8355986407462509f,-0.5432889982470936f,-0.5228475560536919f,0f,0f,0f,1f], start_interpolation: 0, interpolation_duration: 1 }
$data merge entity $(bone_leftpointerfinger) { transformation: [-0.6981584248604106f,0.677388340530265f,0.2317754299102564f,0.5653890577256867f,0.25092501314388455f,0.5347143380396266f,-0.8069183443655153f,2.347084018008381f,-0.6705307238114983f,-0.5051985874965379f,-0.5432889982470936f,-0.2652396987994343f,0f,0f,0f,1f], start_interpolation: 0, interpolation_duration: 1 }
$data merge entity $(bone_leftmidfinger) { transformation: [-0.7671140266397236f,0.5981774153397176f,0.2317754299102564f,0.6016039686491642f,0.19181908552692561f,0.5586485692759167f,-0.8069183443655153f,2.2210030267012693f,-0.6121613419354438f,-0.5745394293026942f,-0.5432889982470936f,-0.35012860477554275f,0f,0f,0f,1f], start_interpolation: 0, interpolation_duration: 1 }
$data merge entity $(bone_leftringfinger) { transformation: [-0.7671140266397236f,0.5981774153397176f,0.2317754299102564f,0.6378188795726418f,0.19181908552692561f,0.5586485692759167f,-0.8069183443655153f,2.0949220353941573f,-0.6121613419354438f,-0.5745394293026942f,-0.5432889982470936f,-0.4350175107516511f,0f,0f,0f,1f], start_interpolation: 0, interpolation_duration: 1 }
$data merge entity $(bone_invisibility) { transformation: [-0.03577682370712226f,-0.23579084089039168f,0.9711450449019605f,0.3699104662509756f,0.47405201007146014f,0.8514748181546683f,0.2241992992756259f,2.390031802887199f,-0.8797696918129407f,0.4683943994121571f,0.08131405762035682f,-0.35490190473965083f,0f,0f,0f,1f], start_interpolation: 0, interpolation_duration: 1 }
$data merge entity $(bone_swiftness) { transformation: [0.23177542991025618f,-0.056191207962495035f,0.9711450449019607f,0.37039732837714545f,-0.8069183443655153f,0.5464590192601206f,0.22419929927562593f,2.15305784048581f,-0.5432889982470936f,-0.8355986407462509f,0.08131405762035687f,-0.3478495254541742f,0f,0f,0f,1f], start_interpolation: 0, interpolation_duration: 1 }
$data merge entity $(bone_suspicious_stew) { transformation: [0.04702599996347084f,-0.23380730760565235f,0.971145044901961f,0.41600232223239064f,0.15424163638942073f,0.9622599398334273f,0.2241992992756262f,2.213119346790847f,-0.9869134070076001f,0.13924780465761016f,0.08131405762035691f,-0.4175999056260004f,0f,0f,0f,1f], start_interpolation: 0, interpolation_duration: 1 }
$data merge entity $(bone_log) { transformation: [-0.9711450449019607f,-0.056191207962495035f,0.2317754299102564f,0.32879804655456324f,-0.2241992992756261f,0.5464590192601206f,-0.8069183443655153f,2.2225837424991384f,-0.081314057620357f,-0.8355986407462509f,-0.5432889982470936f,-0.5551396004140228f,0f,0f,0f,1f], start_interpolation: 0, interpolation_duration: 1 }
$data merge entity $(bone_planks) { transformation: [-0.9711450449019607f,-0.056191207962495035f,0.2317754299102564f,0.23775319859500438f,-0.2241992992756261f,0.5464590192601206f,-0.8069183443655153f,2.2015650581920485f,-0.081314057620357f,-0.8355986407462509f,-0.5432889982470936f,-0.5627627933159312f,0f,0f,0f,1f], start_interpolation: 0, interpolation_duration: 1 }
$data merge entity $(bone_lefthand1) { transformation: [-0.9711450449019607f,-0.056191207962495035f,0.2317754299102564f,0.5502935236047342f,-0.2241992992756261f,0.5464590192601206f,-0.8069183443655153f,2.4404645203944977f,-0.081314057620357f,-0.8355986407462509f,-0.5432889982470936f,-0.7267329650002745f,0f,0f,0f,1f], start_interpolation: 0, interpolation_duration: 1 }
$data merge entity $(bone_leftforearm) { transformation: [-0.7498714746358064f,0.5778236858177261f,0.3221995649213989f,0.8917918734815823f,0.20962063258505997f,0.669433910238713f,-0.7126832607948255f,2.947146488412452f,-0.6274965831956063f,-0.4668811711030159f,-0.6231131599856604f,-1.1165799109496573f,0f,0f,0f,1f], start_interpolation: 0, interpolation_duration: 1 }
$data merge entity $(bone_leftelbow) { transformation: [-0.7498714746358064f,0.5778236858177261f,0.3221995649213989f,1.000133814572406f,0.20962063258505997f,0.669433910238713f,-0.7126832607948255f,3.0726653465822107f,-0.6274965831956063f,-0.4668811711030159f,-0.6231131599856604f,-1.2041201305314728f,0f,0f,0f,1f], start_interpolation: 0, interpolation_duration: 1 }
$data merge entity $(bone_leftarm) { transformation: [-0.9657336675704866f,-0.16514990018260606f,0.20020987435821447f,0.5531883372754485f,0.08847962993472241f,0.5157033093242609f,0.8521862776638802f,3.243268293284876f,-0.2439873734591021f,0.8406994749740722f,-0.4834196462400424f,-0.5612377618241846f,0f,0f,0f,1f], start_interpolation: 0, interpolation_duration: 1 }
$data merge entity $(bone_rightthumb2) { transformation: [-0.8831953918993288f,-0.33001958049476954f,-0.33324611958408157f,-0.84243733263517f,-0.19584978817148016f,0.905137794829657f,-0.37731741656606954f,2.193649137429864f,0.42615579334437975f,-0.2679788216650018f,-0.8640477943598138f,0.5228281252230954f,0f,0f,0f,1f], start_interpolation: 0, interpolation_duration: 1 }
$data merge entity $(bone_rightthumb) { transformation: [-0.8831953918993288f,-0.33001958049476954f,-0.33324611958408157f,-0.9518505398690151f,-0.19584978817148016f,0.905137794829657f,-0.37731741656606954f,2.3833827899521816f,0.42615579334437975f,-0.2679788216650018f,-0.8640477943598138f,0.3832689646644124f,0f,0f,0f,1f], start_interpolation: 0, interpolation_duration: 1 }
$data merge entity $(bone_rightpointerfinger) { transformation: [-0.6178414520445943f,-0.7121930664627254f,-0.33324611958408157f,-0.9557832728636617f,-0.6048523910647456f,0.7012739494514022f,-0.37731741656606954f,2.0472766265409104f,0.5024196703540652f,-0.03155762828941566f,-0.8640477943598138f,0.47730806505966633f,0f,0f,0f,1f], start_interpolation: 0, interpolation_duration: 1 }
$data merge entity $(bone_rightmidfinger) { transformation: [-0.5861879786397605f,-0.7384650820996105f,-0.33324611958408157f,-1.0078529790486745f,-0.6348658456631082f,0.6742232012964062f,-0.37731741656606954f,1.9883207802024618f,0.5033180025676595f,-0.009612354198743622f,-0.8640477943598138f,0.3423005971909454f,0f,0f,0f,1f], start_interpolation: 0, interpolation_duration: 1 }
$data merge entity $(bone_rightringfinger) { transformation: [-0.6227554924236441f,-0.7079001486356229f,-0.33324611958408157f,-1.0599226852336872f,-0.5999846370103625f,0.7054431249274821f,-0.37731741656606954f,1.9293649338640135f,0.5021892392392813f,-0.03503394145985292f,-0.8640477943598138f,0.2072931293222245f,0f,0f,0f,1f], start_interpolation: 0, interpolation_duration: 1 }
$data merge entity $(bone_hugeasssword) { transformation: [-3.459181951605705f,-1.2925766902711808f,-1.3052139683709862f,-0.835082459744914f,-0.767078337004964f,3.54512302974949f,-1.4778265482171058f,2.23009507939413f,1.6691101905988208f,-1.0495837181879237f,-3.384187194575938f,0.18817051322001316f,0f,0f,0f,1f], start_interpolation: 0, interpolation_duration: 1 }
$data merge entity $(bone_ice) { transformation: [-0.8831953918993288f,-0.33001958049476954f,-0.33324611958408157f,-0.8161259758012562f,-0.19584978817148016f,0.905137794829657f,-0.37731741656606954f,2.219012454290096f,0.42615579334437975f,-0.2679788216650018f,-0.8640477943598138f,0.18569899803752288f,0f,0f,0f,1f], start_interpolation: 0, interpolation_duration: 1 }
$data merge entity $(bone_righthand1) { transformation: [-0.8831953918993288f,-0.33001958049476954f,-0.33324611958408157f,-1.1298436601367834f,-0.19584978817148016f,0.905137794829657f,-0.37731741656606954f,2.3845432866869505f,0.42615579334437975f,-0.2679788216650018f,-0.8640477943598138f,0.19824174738362318f,0f,0f,0f,1f], start_interpolation: 0, interpolation_duration: 1 }
$data merge entity $(bone_rightforearm) { transformation: [0.0801203055907945f,-0.5395245282005622f,-0.8381491633963487f,-1.5193078390573578f,-0.227600566781216f,0.8087372751110891f,-0.54234859808684f,2.9849427289800743f,0.9704528420448398f,0.23421636005166735f,-0.057999810786249203f,0.24210232004487403f,0f,0f,0f,1f], start_interpolation: 0, interpolation_duration: 1 }
$data merge entity $(bone_rightelbow) { transformation: [0.0801203055907945f,-0.5395245282005622f,-0.8381491633963487f,-1.6204686880949632f,-0.227600566781216f,0.8087372751110891f,-0.54234859808684f,3.1365809680634036f,0.9704528420448398f,0.23421636005166735f,-0.057999810786249203f,0.28601788755456165f,0f,0f,0f,1f], start_interpolation: 0, interpolation_duration: 1 }
$data merge entity $(bone_rightarm) { transformation: [-0.293893969566099f,0.7725209487968525f,-0.5628833967374518f,-0.958247914060109f,-0.07236458836651882f,0.5692169959659754f,0.8189965676692517f,3.3375716648667866f,0.9530948016872326f,0.28143097763658015f,-0.111386282024734f,0.23042968808448247f,0f,0f,0f,1f], start_interpolation: 0, interpolation_duration: 1 }
$data merge entity $(bone_chest1) { transformation: [-0.9594011944115125f,0.2351424298835602f,-0.4448241191092596f,-0.22096097589389394f,0.0611557929871025f,1.0051468659587102f,0.3994381778806482f,3.1276065175487475f,0.49942009196366194f,0.32863190142307935f,-0.9034333158685094f,-0.17825520285156005f,0f,0f,0f,1f], start_interpolation: 0, interpolation_duration: 1 }
$data merge entity $(bone_chest1lid) { transformation: [-0.8856011025337039f,0.2170545506617479f,-0.41060687917777816f,-0.5109963624886598f,0.056451501218863845f,0.9278278762695786f,0.36871216419752145f,2.3684729814062706f,0.46100316181261103f,0.3033525243905348f,-0.8339384454170856f,0.09815384410094136f,0f,0f,0f,1f], start_interpolation: 0, interpolation_duration: 1 }
$data merge entity $(bone_chest2) { transformation: [-0.8856011025337039f,0.2170545506617479f,-0.41060687917777816f,-0.5449111360295579f,0.056451501218863845f,0.9278278762695786f,0.36871216419752145f,2.223499875739149f,0.46100316181261103f,0.3033525243905348f,-0.8339384454170856f,0.05075501216492029f,0f,0f,0f,1f], start_interpolation: 0, interpolation_duration: 1 }
$data merge entity $(bone_chest1lid3) { transformation: [-0.8856011025337039f,0.2170545506617479f,-0.41060687917777816f,-0.7186913255535674f,0.056451501218863845f,0.9278278762695786f,0.36871216419752145f,2.6011509927691288f,0.46100316181261103f,0.3033525243905348f,-0.8339384454170856f,-0.4649006701076673f,0f,0f,0f,1f], start_interpolation: 0, interpolation_duration: 1 }
$data merge entity $(bone_chest3) { transformation: [-0.8856011025337039f,0.2170545506617479f,-0.41060687917777816f,-0.7526060990944655f,0.056451501218863845f,0.9278278762695786f,0.36871216419752145f,2.4561778871020072f,0.46100316181261103f,0.3033525243905348f,-0.8339384454170856f,-0.5122995020436883f,0f,0f,0f,1f], start_interpolation: 0, interpolation_duration: 1 }
$data merge entity $(bone_hugeasssword2) { transformation: [1.6082102767796307f,3.1316630759158075f,-1.7165732907113815f,-1.169001281110559f,-1.444122643106959f,2.292076475741689f,2.8286344759963433f,4.37140010430598f,3.2662589112169194f,-0.5285353215016737f,2.0958246387994786f,0.5207688971303841f,0f,0f,0f,1f], start_interpolation: 0, interpolation_duration: 1 }
$data merge entity $(bone_belt) { transformation: [-0.8856011025337039f,0.2170545506617479f,-0.41060687917777816f,-0.22530615174464252f,0.056451501218863845f,0.9278278762695786f,0.36871216419752145f,2.7079514245007563f,0.46100316181261103f,0.3033525243905348f,-0.8339384454170856f,-0.20469034155973742f,0f,0f,0f,1f], start_interpolation: 0, interpolation_duration: 1 }
$data merge entity $(bone_torn_part) { transformation: [-0.9022509167819016f,-0.21346883275261208f,-0.374665638415715f,-0.13854838396706226f,-0.2611826964878863f,0.9618915364390271f,0.08092138890481493f,2.355440653771723f,0.34311351215237f,0.17086757904940583f,-0.9236218859513131f,-0.026316898587705917f,0f,0f,0f,1f], start_interpolation: 0, interpolation_duration: 1 }
$data merge entity $(bone_lowerbody) { transformation: [-0.9022509167819016f,-0.3162529745991809f,-0.29313365419785525f,0.145204375f,-0.2611826964878863f,0.9417057940307746f,-0.2120702632246798f,1.950951875f,0.34311351215237f,-0.11477915118190316f,-0.9322547206812241f,0.12731874999999998f,0f,0f,0f,1f], start_interpolation: 0, interpolation_duration: 1 }
$data merge entity $(bone_leftfoot) { transformation: [-0.88078325774077f,0.08981989229718895f,-0.4649123937572933f,0.43522475024216345f,-0.1407588551402625f,0.887782708745743f,0.43821192056653724f,0.28279374343633423f,0.4520929738652865f,0.4513958702799896f,-0.7693260279611787f,-0.21793250957105115f,0f,0f,0f,1f], start_interpolation: 0, interpolation_duration: 1 }
$data merge entity $(bone_leftlowerleg) { transformation: [-0.88078325774077f,0.08981989229718895f,-0.4649123937572933f,0.6063004485684429f,-0.1407588551402625f,0.887782708745743f,0.43821192056653724f,1.200348341533247f,0.4520929738652865f,0.4513958702799896f,-0.7693260279611787f,0.40103836241567503f,0f,0f,0f,1f], start_interpolation: 0, interpolation_duration: 1 }
$data merge entity $(bone_leftleg) { transformation: [-0.8883739841957251f,-0.3095980411455448f,-0.3390086277807103f,0.30398370759800425f,-0.052261197106259295f,0.8018184443829177f,-0.5952887979480117f,1.9764794500296983f,0.4561144939390045f,-0.5111323070069036f,-0.7284946103629395f,-0.023642776901542116f,0f,0f,0f,1f], start_interpolation: 0, interpolation_duration: 1 }
$data merge entity $(bone_rightfoot) { transformation: [-0.9459163280712606f,0.30852928726397333f,0.10015485493739265f,-0.5585638229772452f,0.3031719521516302f,0.731062935344328f,0.6112504332491924f,0.2606270545781887f,0.11536966938447041f,0.6085662368831644f,-0.7850761865933598f,-0.2727257905630919f,0f,0f,0f,1f], start_interpolation: 0, interpolation_duration: 1 }
$data merge entity $(bone_rightlowerleg) { transformation: [-0.9459163280712606f,0.30852928726397333f,0.10015485493739265f,-0.2316775002024148f,0.3031719521516302f,0.731062935344328f,0.6112504332491924f,0.9777340436277097f,0.11536966938447041f,0.6085662368831644f,-0.7850761865933598f,0.523025899840922f,0f,0f,0f,1f], start_interpolation: 0, interpolation_duration: 1 }
$data merge entity $(bone_rightleg) { transformation: [-0.9882448952995997f,0.02700532131952091f,-0.1504116323581876f,-0.16688438193693056f,0.0939409609355692f,0.8836754217076717f,-0.4585813715164824f,1.818779288402382f,0.12052851477051008f,-0.46732051280700065f,-0.8758421471072327f,0.12683666868915183f,0f,0f,0f,1f], start_interpolation: 0, interpolation_duration: 1 }
data modify entity @s data merge value {"locators":{"lefthand":{"posx":0.42061134154384416,"posy":2.213518415057243,"posz":-0.47374637310620255,"roty":23.10383973937482,"rotx":-53.79592882360131},"righthand":{"posx":-0.8885620172280863,"posy":2.192404343238651,"posz":0.24333901953894624,"roty":338.90936093479513,"rotx":-22.16761593820734},"chest":{"posx":-0.4880799814876694,"posy":2.254636572896649,"posz":0.22390354222959663,"roty":333.78571497583596,"rotx":21.636215021250425},"sack":{"posx":0,"posy":-0.4375,"posz":0,"roty":0,"rotx":0}},"cameras":{}}