# This file was generated by Animated Java via MC-Build. It is not recommended to edit this file directly.
$data merge entity $(bone_nose) { transformation: [-0.9987997598674457f,-0.047044779916322534f,0.013631888033480644f,-0.04001559689402695f,-0.04717567048000143f,0.9988419568859825f,-0.009444642870082703f,4.155712595739752f,-0.013171780574201153f,-0.010076400488560178f,-0.9998624757183858f,3.109360180130359f,0f,0f,0f,1f], start_interpolation: 0, interpolation_duration: 1 }
$data merge entity $(bone_glowing_eye) { transformation: [-0.9987997598674457f,-0.047044779916322534f,0.013631888033480644f,-0.16852657396948786f,-0.04717567048000143f,0.9988419568859825f,-0.009444642870082703f,4.217774929717686f,-0.013171780574201153f,-0.010076400488560178f,-0.9998624757183858f,3.1419222793789947f,0f,0f,0f,1f], start_interpolation: 0, interpolation_duration: 1 }
$data merge entity $(bone_head) { transformation: [-0.9987997598674457f,-0.047044779916322534f,0.013631888033480644f,-0.031654015291187276f,-0.04717567048000143f,0.9988419568859825f,-0.009444642870082703f,4.0306101556839495f,-0.013171780574201153f,-0.010076400488560178f,-0.9998624757183858f,2.9233751346832886f,0f,0f,0f,1f], start_interpolation: 0, interpolation_duration: 1 }
$data merge entity $(bone_leftthumb2) { transformation: [-0.6235023901119767f,-0.1654965157099431f,0.7641044907684557f,0.8786814250447645f,0.016843034409905186f,0.974268688816693f,0.224759502987679f,1.9913305782449084f,-0.7816399949570896f,0.1530079255439739f,-0.6046713925796479f,2.1046890130947746f,0f,0f,0f,1f], start_interpolation: 0, interpolation_duration: 1 }
$data merge entity $(bone_leftthumb) { transformation: [-0.6235023901119767f,-0.1654965157099431f,0.7641044907684557f,0.9033931053106141f,0.016843034409905186f,0.974268688816693f,0.224759502987679f,2.249470052388606f,-0.7816399949570896f,0.1530079255439739f,-0.6046713925796479f,2.090539353743617f,0f,0f,0f,1f], start_interpolation: 0, interpolation_duration: 1 }
$data merge entity $(bone_leftpointerfinger) { transformation: [-0.6235023901119767f,-0.1654965157099431f,0.7641044907684557f,1.0617096214512078f,0.016843034409905186f,0.974268688816693f,0.224759502987679f,1.9384815336845926f,-0.7816399949570896f,0.1530079255439739f,-0.6046713925796479f,2.0974815310957617f,0f,0f,0f,1f], start_interpolation: 0, interpolation_duration: 1 }
$data merge entity $(bone_leftmidfinger) { transformation: [-0.6235023901119767f,-0.1654965157099431f,0.7641044907684557f,1.181100948133779f,0.016843034409905186f,0.974268688816693f,0.224759502987679f,1.9736002060264175f,-0.7816399949570896f,0.1530079255439739f,-0.6046713925796479f,2.003001626005192f,0f,0f,0f,1f], start_interpolation: 0, interpolation_duration: 1 }
$data merge entity $(bone_leftringfinger) { transformation: [-0.6235023901119767f,-0.1654965157099431f,0.7641044907684557f,1.3004922748163503f,0.016843034409905186f,0.974268688816693f,0.224759502987679f,2.008718878368242f,-0.7816399949570896f,0.1530079255439739f,-0.6046713925796479f,1.9085217209146217f,0f,0f,0f,1f], start_interpolation: 0, interpolation_duration: 1 }
$data merge entity $(bone_invisibility) { transformation: [-0.09827065707315687f,-0.775620814240478f,0.6235023901119768f,0.902823476562923f,0.9901503837384718f,-0.1389911140124556f,-0.01684303440990508f,2.0411765060074107f,0.09972509985438323f,0.615705954772661f,0.7816399949570892f,1.9865552549157934f,0f,0f,0f,1f], start_interpolation: 0, interpolation_duration: 1 }
$data merge entity $(bone_swiftness) { transformation: [0.7641044907684555f,-0.1654965157099431f,0.623502390111977f,1.0360301366408367f,0.224759502987679f,0.974268688816693f,-0.016843034409905137f,1.952263729434247f,-0.6046713925796481f,0.1530079255439739f,0.7816399949570895f,1.8117492601173621f,0f,0f,0f,1f], start_interpolation: 0, interpolation_duration: 1 }
$data merge entity $(bone_suspicious_stew) { transformation: [0.17293373076147242f,-0.7624556998866039f,0.6235023901119768f,1.053850717755912f,0.9779747698029122f,0.2080424519678805f,-0.016843034409905082f,2.037650068029318f,-0.11687289845751142f,0.6126823352191748f,0.7816399949570898f,1.8660071222972356f,0f,0f,0f,1f], start_interpolation: 0, interpolation_duration: 1 }
$data merge entity $(bone_log) { transformation: [-0.6235023901119767f,-0.1654965157099431f,0.7641044907684557f,1.0105277022239427f,0.016843034409905186f,0.974268688816693f,0.224759502987679f,2.1715482903098806f,-0.7816399949570896f,0.1530079255439739f,-0.6046713925796479f,1.7835103919358342f,0f,0f,0f,1f], start_interpolation: 0, interpolation_duration: 1 }
$data merge entity $(bone_planks) { transformation: [-0.6235023901119767f,-0.1654965157099431f,0.7641044907684557f,0.9520743531509449f,0.016843034409905186f,0.974268688816693f,0.224759502987679f,2.1731273247858094f,-0.7816399949570896f,0.1530079255439739f,-0.6046713925796479f,1.710231642408607f,0f,0f,0f,1f], start_interpolation: 0, interpolation_duration: 1 }
$data merge entity $(bone_lefthand1) { transformation: [-0.6235023901119767f,-0.1654965157099431f,0.7641044907684557f,1.101150905487937f,0.016843034409905186f,0.974268688816693f,0.224759502987679f,2.403880969443213f,-0.7816399949570896f,0.1530079255439739f,-0.6046713925796479f,2.036068353079214f,0f,0f,0f,1f], start_interpolation: 0, interpolation_duration: 1 }
$data merge entity $(bone_leftforearm) { transformation: [-0.9715823204908788f,-0.1654965157099431f,-0.169229719013617f,0.926706487208291f,-0.18769021517287188f,0.974268688816693f,0.12479144650080304f,3.075233136467571f,0.14422266686592733f,0.1530079255439739f,-0.9776443101060883f,2.1679416597518486f,0f,0f,0f,1f], start_interpolation: 0, interpolation_duration: 1 }
$data merge entity $(bone_leftelbow) { transformation: [-0.9347714500555586f,-0.061978752949392105f,-0.3498013298200372f,0.9150854710302799f,-0.23329701589676077f,0.8496748896014403f,0.4728901398363543f,3.234547178267841f,0.26790826514815624f,0.5236518081355381f,-0.8087112867406309f,2.266126373777262f,0f,0f,0f,1f], start_interpolation: 0, interpolation_duration: 1 }
$data merge entity $(bone_leftarm) { transformation: [-0.9347714500555586f,-0.061978752949392105f,-0.3498013298200372f,0.6905461314128066f,-0.23329701589676077f,0.8496748896014403f,0.4728901398363543f,3.5935730839712585f,0.26790826514815624f,0.5236518081355381f,-0.8087112867406309f,2.611829438556835f,0f,0f,0f,1f], start_interpolation: 0, interpolation_duration: 1 }
$data merge entity $(bone_rightthumb2) { transformation: [-0.6329181803776989f,-0.4233981171828571f,-0.648188715817696f,-0.12640220205303004f,-0.3294034257308174f,0.9049239683352606f,-0.2694549955914102f,1.9197719706514809f,0.7006482427468039f,0.0429726180070121f,-0.7122116216669306f,3.2874888347806093f,0f,0f,0f,1f], start_interpolation: 0, interpolation_duration: 1 }
$data merge entity $(bone_rightthumb) { transformation: [-0.6329181803776989f,-0.4233981171828571f,-0.648188715817696f,-0.2856300019882376f,-0.3294034257308174f,0.9049239683352606f,-0.2694549955914102f,2.118670836670188f,0.7006482427468039f,0.0429726180070121f,-0.7122116216669306f,3.2371637223935923f,0f,0f,0f,1f], start_interpolation: 0, interpolation_duration: 1 }
$data merge entity $(bone_rightpointerfinger) { transformation: [-0.6329181803776989f,-0.4233981171828571f,-0.648188715817696f,-0.24631176682037798f,-0.3294034257308174f,0.9049239683352606f,-0.2694549955914102f,1.7730834569525253f,0.7006482427468039f,0.0429726180070121f,-0.7122116216669306f,3.2663118138948355f,0f,0f,0f,1f], start_interpolation: 0, interpolation_duration: 1 }
$data merge entity $(bone_rightmidfinger) { transformation: [-0.6329181803776989f,-0.4233981171828571f,-0.648188715817696f,-0.347591253666893f,-0.3294034257308174f,0.9049239683352606f,-0.2694549955914102f,1.7309811138913676f,0.7006482427468039f,0.0429726180070121f,-0.7122116216669306f,3.1550287480093777f,0f,0f,0f,1f], start_interpolation: 0, interpolation_duration: 1 }
$data merge entity $(bone_rightringfinger) { transformation: [-0.6329181803776989f,-0.4233981171828571f,-0.648188715817696f,-0.448870740513408f,-0.3294034257308174f,0.9049239683352606f,-0.2694549955914102f,1.6888787708302095f,0.7006482427468039f,0.0429726180070121f,-0.7122116216669306f,3.04374568212392f,0f,0f,0f,1f], start_interpolation: 0, interpolation_duration: 1 }
$data merge entity $(bone_hugeasssword) { transformation: [-1.7557535410886682f,2.522198310021677f,2.428193354256652f,-0.25534715587218304f,-2.589690858778517f,-2.763621791387714f,0.9980849803016455f,2.0065018142253312f,2.3560790599407677f,-1.1580967389940002f,2.906541103135799f,2.9887761781509785f,0f,0f,0f,1f], start_interpolation: 0, interpolation_duration: 1 }
$data merge entity $(bone_ice) { transformation: [-0.6329181803776989f,-0.4233981171828571f,-0.648188715817696f,-0.23884221372279935f,-0.3294034257308174f,0.9049239683352606f,-0.2694549955914102f,1.997509305747137f,0.7006482427468039f,0.0429726180070121f,-0.7122116216669306f,2.9771571022017f,0f,0f,0f,1f], start_interpolation: 0, interpolation_duration: 1 }
$data merge entity $(bone_righthand1) { transformation: [-0.6329181803776989f,-0.4233981171828571f,-0.648188715817696f,-0.5231771854822413f,-0.3294034257308174f,0.9049239683352606f,-0.2694549955914102f,2.132968972786016f,0.7006482427468039f,0.0429726180070121f,-0.7122116216669306f,3.1408057042130624f,0f,0f,0f,1f], start_interpolation: 0, interpolation_duration: 1 }
$data merge entity $(bone_rightforearm) { transformation: [-0.08914381913182118f,-0.35544674400327986f,-0.9304359148743451f,-0.7529911274938971f,-0.1447360017283544f,0.9288622498567244f,-0.3409786072392142f,2.8004490330626606f,0.9854465329556358f,0.10427143889182343f,-0.13424826895400108f,3.1546287805765547f,0f,0f,0f,1f], start_interpolation: 0, interpolation_duration: 1 }
$data merge entity $(bone_rightelbow) { transformation: [-0.0003925112846575596f,-0.25354279602477947f,-0.9673240907363095f,-0.8005304017485432f,-0.10710267978550966f,0.9617707406640987f,-0.25204376283731705f,2.980781046937179f,0.9942478875600662f,0.10350407231779905f,-0.02753261876352893f,3.174035794136142f,0f,0f,0f,1f], start_interpolation: 0, interpolation_duration: 1 }
$data merge entity $(bone_rightarm) { transformation: [-0.0003925112846575596f,0.049071901775673596f,-0.9987951713895145f,-0.7446962399112652f,-0.10710267978550966f,0.9930480793190888f,0.04883163056289937f,3.4992078093447128f,0.9942478875600662f,0.1069928063786886f,0.004865949605005637f,3.0098884109965653f,0f,0f,0f,1f], start_interpolation: 0, interpolation_duration: 1 }
$data merge entity $(bone_chest1) { transformation: [-1.0418382409399212f,0.01494675346414052f,-0.29658183590234194f,-0.06530576311448927f,-0.06849947694342033f,1.0406857893176753f,0.29307340493780093f,3.4217903918168995f,0.2889498442373682f,0.3006007211971399f,-0.9998791452180965f,2.6664212173677986f,0f,0f,0f,1f], start_interpolation: 0, interpolation_duration: 1 }
$data merge entity $(bone_chest1lid) { transformation: [-0.9616968377906966f,0.013797003197668172f,-0.2737678485252387f,-0.29595379897107693f,-0.06323028640931108f,0.9606330362932387f,0.2705292968656624f,2.637794469095187f,0.26672293314218604f,0.2774775887973599f,-0.9229653648167045f,2.9290199399880263f,0f,0f,0f,1f], start_interpolation: 0, interpolation_duration: 1 }
$data merge entity $(bone_chest2) { transformation: [-0.9616968377906966f,0.013797003197668172f,-0.2737678485252387f,-0.2981095807207126f,-0.06323028640931108f,0.9606330362932387f,0.2705292968656624f,2.4876955571743684f,0.26672293314218604f,0.2774775887973599f,-0.9229653648167045f,2.885664066738439f,0f,0f,0f,1f], start_interpolation: 0, interpolation_duration: 1 }
$data merge entity $(bone_chest1lid3) { transformation: [-0.9616968377906966f,0.013797003197668172f,-0.2737678485252387f,-0.41123027457063943f,-0.06323028640931108f,0.9606330362932387f,0.2705292968656624f,2.815054192800334f,0.26672293314218604f,0.2774775887973599f,-0.9229653648167045f,2.3210750698309384f,0f,0f,0f,1f], start_interpolation: 0, interpolation_duration: 1 }
$data merge entity $(bone_chest3) { transformation: [-0.9616968377906966f,0.013797003197668172f,-0.2737678485252387f,-0.4133860563202751f,-0.06323028640931108f,0.9606330362932387f,0.2705292968656624f,2.664955280879515f,0.26672293314218604f,0.2774775887973599f,-0.9229653648167045f,2.277719196581351f,0f,0f,0f,1f], start_interpolation: 0, interpolation_duration: 1 }
$data merge entity $(bone_hugeasssword2) { transformation: [1.0722574067238508f,2.813570414255998f,-2.5048679317534788f,-1.3066869710774036f,-1.059573079390511f,2.7244824076055205f,2.6066795502816826f,4.530182006995644f,3.614947678865427f,-0.03598489195673827f,1.5070289129257306f,3.0724733360019556f,0f,0f,0f,1f], start_interpolation: 0, interpolation_duration: 1 }
$data merge entity $(bone_belt) { transformation: [-0.9616968377906966f,0.013797003197668172f,-0.2737678485252387f,-0.004162680013252595f,-0.06323028640931108f,0.9606330362932387f,0.2705292968656624f,3.0057536602230885f,0.26672293314218604f,0.2774775887973599f,-0.9229653648167045f,2.668169240945187f,0f,0f,0f,1f], start_interpolation: 0, interpolation_duration: 1 }
$data merge entity $(bone_torn_part) { transformation: [-0.9616968377906966f,0.0835074841720323f,-0.26108560333850717f,-0.12644127421115944f,-0.06323028640931108f,0.8591996046975658f,0.5077183965232528f,2.727338155264992f,0.26672293314218604f,0.504779693901017f,-0.8210093407271472f,2.6241400142470392f,0f,0f,0f,1f], start_interpolation: 0, interpolation_duration: 1 }
$data merge entity $(bone_lowerbody) { transformation: [-0.9616968377906966f,0.0011325480782451512f,-0.2741129502928036f,0.005468564247933127f,-0.06323028640931108f,0.9721070934257968f,0.22585333690659898f,2.227090695707846f,0.26672293314218604f,0.23453468026306826f,-0.9348007064021344f,2.6150303152979717f,0f,0f,0f,1f], start_interpolation: 0, interpolation_duration: 1 }
$data merge entity $(bone_leftfoot) { transformation: [-0.9906880231907614f,0.11846313219297447f,0.06710981312305472f,0.025661443208877643f,0.10285222975603835f,0.9741305946551655f,-0.201223764478714f,0.16529251002635803f,-0.0892113195765682f,-0.1924475795322033f,-0.9772437104384983f,2.8706694701473796f,0f,0f,0f,1f], start_interpolation: 0, interpolation_duration: 1 }
$data merge entity $(bone_leftlowerleg) { transformation: [-0.9906880231907614f,0.11846313219297447f,0.06710981312305472f,0.14677035130453375f,0.10285222975603835f,0.9741305946551655f,-0.201223764478714f,1.2768857895301169f,-0.0892113195765682f,-0.1924475795322033f,-0.9772437104384983f,2.8073221572714835f,0f,0f,0f,1f], start_interpolation: 0, interpolation_duration: 1 }
$data merge entity $(bone_leftleg) { transformation: [-0.9906880231907614f,0.12831690778213806f,0.045519357240758035f,0.250962655687f,0.10285222975603835f,0.9243892220577913f,-0.3673227259204128f,2.271829242659475f,-0.0892113195765682f,-0.3592204578258619f,-0.9289790111400718f,2.4470549223804707f,0f,0f,0f,1f], start_interpolation: 0, interpolation_duration: 1 }
$data merge entity $(bone_rightfoot) { transformation: [-0.9762996831497263f,0.1282570620251601f,0.17432456717978295f,-0.6012131730359249f,0.2126158253921694f,0.7188178535857673f,0.6618877579764995f,0.6682538766528426f,-0.04041583197895349f,0.6832649701302012f,-0.7290511238030049f,1.0784483283982675f,0f,0f,0f,1f], start_interpolation: 0, interpolation_duration: 1 }
$data merge entity $(bone_rightlowerleg) { transformation: [-0.9762996831497263f,0.1282570620251601f,0.17432456717978295f,-0.48571220192895515f,0.2126158253921694f,0.7188178535857673f,0.6618877579764995f,1.3639962747204053f,-0.04041583197895349f,0.6832649701302012f,-0.7290511238030049f,1.9484609202101244f,0f,0f,0f,1f], start_interpolation: 0, interpolation_duration: 1 }
$data merge entity $(bone_rightleg) { transformation: [-0.9559223821244967f,0.19991140845206268f,0.21505308210797747f,-0.24903414148986872f,0.27357015982155247f,0.8724050832237484f,0.4050539944508325f,2.271829242659475f,-0.10663848746413382f,0.4460322853068792f,-0.8886413412931476f,2.4488445628117264f,0f,0f,0f,1f], start_interpolation: 0, interpolation_duration: 1 }
data modify entity @s data merge value {"locators":{"lefthand":{"posx":1.0699713339185228,"posy":2.0903426472859654,"posz":1.8542833877889955,"roty":51.64379406855306,"rotx":12.9887364814576},"righthand":{"posx":-0.281434748867575,"posy":1.9566985318857502,"posz":3.0532997343913992,"roty":317.69445517697204,"rotx":-15.631838496391364},"chest":{"posx":-0.2840929115198219,"posy":2.533508755241309,"posz":3.064226020601495,"roty":343.47871210066353,"rotx":15.695765517459792},"sack":{"posx":0,"posy":-0.4375,"posz":0,"roty":0,"rotx":0}},"cameras":{}}