# This file was generated by Animated Java via MC-Build. It is not recommended to edit this file directly.
$data merge entity $(bone_nose) { transformation: [-1f,-1.2235237372712784e-16f,5.243516945315975e-18f,-2.2821119002387394e-16f,0f,0.0428165651432455f,0.9990829503846685f,2.6590739489447874f,-1.2246467991473532e-16f,0.9990829503846685f,-0.0428165651432455f,1.8627474202988927f,0f,0f,0f,1f], start_interpolation: 0, interpolation_duration: 1 }
$data merge entity $(bone_glowing_eye) { transformation: [-1f,-1.2235237372712784e-16f,5.243516945315975e-18f,-0.12500000000000025f,0f,0.0428165651432455f,0.9990829503846685f,2.6271093543090602f,-1.2246467991473532e-16f,0.9990829503846685f,-0.0428165651432455f,1.9318875643899336f,0f,0f,0f,1f], start_interpolation: 0, interpolation_duration: 1 }
$data merge entity $(bone_head) { transformation: [-1f,-1.2235237372712784e-16f,5.243516945315975e-18f,-2.1212162650162098e-16f,0f,0.0428165651432455f,0.9990829503846685f,2.8408703711569467f,-1.2246467991473532e-16f,0.9990829503846685f,-0.0428165651432455f,1.7313661638137157f,0f,0f,0f,1f], start_interpolation: 0, interpolation_duration: 1 }
$data merge entity $(bone_leftthumb2) { transformation: [-1f,9.71445146547012e-17f,-1.3877787807814457e-17f,1.2379312046583293f,1.3877787807814457e-17f,0.45877992841563103f,-0.8885499295385421f,1.5313284607434658f,-9.71445146547012e-17f,-0.8885499295385422f,-0.4587799284156312f,1.8690572278580477f,0f,0f,0f,1f], start_interpolation: 0, interpolation_duration: 1 }
$data merge entity $(bone_leftthumb) { transformation: [-1f,9.71445146547012e-17f,-1.3877787807814457e-17f,1.2379312046583293f,1.3877787807814457e-17f,0.45877992841563103f,-0.8885499295385421f,1.5679075417343964f,-9.71445146547012e-17f,-0.8885499295385422f,-0.4587799284156312f,1.611940836030613f,0f,0f,0f,1f], start_interpolation: 0, interpolation_duration: 1 }
$data merge entity $(bone_leftpointerfinger) { transformation: [-0.12854320606946837f,0.02266563541681548f,-0.9914448613738105f,1.2057335290555f,0.8389527400078927f,0.5355749989421527f,-0.09652834061228968f,1.262320583241526f,0.5288052044057729f,-0.8441834453951729f,-0.08785992439163373f,1.7774886912261774f,0f,0f,0f,1f], start_interpolation: 0, interpolation_duration: 1 }
$data merge entity $(bone_leftmidfinger) { transformation: [-0.12854320606946837f,0.02266563541681548f,-0.9914448613738105f,1.0508202694658422f,0.8389527400078927f,0.5355749989421527f,-0.09652834061228968f,1.2472380300208559f,0.5288052044057729f,-0.8441834453951729f,-0.08785992439163373f,1.7637605780399845f,0f,0f,0f,1f], start_interpolation: 0, interpolation_duration: 1 }
$data merge entity $(bone_leftringfinger) { transformation: [-0.1260786200725189f,0.03378266443126188f,-0.9914448613738105f,0.8959070098761843f,0.8824387083752848f,0.46041742519109385f,-0.09652834061228968f,1.2321554768001857f,0.4532175057536594f,-0.8870594828783062f,-0.08785992439163373f,1.7500324648537917f,0f,0f,0f,1f], start_interpolation: 0, interpolation_duration: 1 }
$data merge entity $(bone_invisibility) { transformation: [-0.0864101132863833f,0.9876721143508954f,0.13052619222005118f,1.2122425199321718f,0.6621465977828306f,0.15482738409001492f,-0.7332055402003349f,1.4764357448623087f,-0.7443756950401161f,0.023071100309139878f,-0.6673623820414729f,1.8244784106004561f,0f,0f,0f,1f], start_interpolation: 0, interpolation_duration: 1 }
$data merge entity $(bone_swiftness) { transformation: [-0.9914448613738105f,9.056659153785246e-17f,0.1305261922200512f,1.0195483964394114f,-0.09652834061228951f,0.6731210257287856f,-0.733205540200335f,1.4053723709974641f,-0.08785992439163358f,-0.7395323419038732f,-0.667362382041473f,1.9429081518432425f,0f,0f,0f,1f], start_interpolation: 0, interpolation_duration: 1 }
$data merge entity $(bone_suspicious_stew) { transformation: [-0.41900270392554856f,0.8985541982805565f,0.13052619222005146f,1.0263466084245825f,0.5692601877178157f,0.3719576246012602f,-0.733205540200335f,1.4267841329164677f,-0.7073751287559921f,-0.23291173919185457f,-0.6673623820414732f,1.8426702533037689f,0f,0f,0f,1f], start_interpolation: 0, interpolation_duration: 1 }
$data merge entity $(bone_log) { transformation: [-0.13052619222005143f,9.056659153785246e-17f,-0.9914448613738105f,0.9676358000270553f,0.733205540200335f,0.6731210257287856f,-0.09652834061228968f,1.575137514560146f,0.667362382041473f,-0.7395323419038732f,-0.08785992439163373f,1.8086754999263148f,0f,0f,0f,1f], start_interpolation: 0, interpolation_duration: 1 }
$data merge entity $(bone_planks) { transformation: [-0.13052619222005143f,9.056659153785246e-17f,-0.9914448613738105f,0.9553989695064254f,0.733205540200335f,0.6731210257287856f,-0.09652834061228968f,1.6438755339539275f,0.667362382041473f,-0.7395323419038732f,-0.08785992439163373f,1.871240723242703f,0f,0f,0f,1f], start_interpolation: 0, interpolation_duration: 1 }
$data merge entity $(bone_lefthand) { transformation: [-0.13052619222005143f,9.056659153785246e-17f,-0.9914448613738105f,1.0312499999999998f,0.733205540200335f,0.6731210257287856f,-0.09652834061228968f,1.5631328965863929f,0.667362382041473f,-0.7395323419038732f,-0.08785992439163373f,1.4596974415772168f,0f,0f,0f,1f], start_interpolation: 0, interpolation_duration: 1 }
$data merge entity $(bone_leftforearm) { transformation: [-1f,9.056659153785246e-17f,8.243355095975407e-17f,0.9687499999999998f,0f,0.6731210257287856f,-0.7395323419038732f,2.0479763106441933f,-1.2246467991473532e-16f,-0.7395323419038732f,-0.6731210257287856f,0.9502312797030683f,0f,0f,0f,1f], start_interpolation: 0, interpolation_duration: 1 }
$data merge entity $(bone_leftelbow) { transformation: [-1f,-1.1114931069930262e-17f,1.2195923964148545e-16f,0.9687499999999998f,0f,0.9958727669594057f,0.09076029984864964f,2.234702454449082f,-1.2246467991473532e-16f,0.09076029984864964f,-0.9958727669594057f,0.9672488359246901f,0f,0f,0f,1f], start_interpolation: 0, interpolation_duration: 1 }
$data merge entity $(bone_leftarm) { transformation: [-1f,-1.0627842302563196e-16f,6.084812754558187e-17f,0.7499999999999998f,0f,0.4968626675703287f,0.8678291822558727f,2.4560141262887503f,-1.2246467991473532e-16f,0.8678291822558727f,-0.4968626675703287f,1.4166903854141992f,0f,0f,0f,1f], start_interpolation: 0, interpolation_duration: 1 }
$data merge entity $(bone_rightthumb2) { transformation: [0.9850647091510166f,-0.1571528508350366f,-0.07035979149800292f,-0.9377368036803146f,0.15058657211025037f,0.9844420883946229f,-0.09053981940183421f,1.3081866116806768f,0.08349373081439185f,0.07859234104957703f,0.9934042685850711f,1.9627153023353408f,0f,0f,0f,1f], start_interpolation: 0, interpolation_duration: 1 }
$data merge entity $(bone_rightthumb) { transformation: [0.9850647091510166f,-0.1571528508350366f,-0.07035979149800292f,-0.9822901335831667f,0.15058657211025037f,0.9844420883946229f,-0.09053981940183421f,1.541876343927263f,0.08349373081439185f,0.07859234104957703f,0.9934042685850711f,2.0668833298178004f,0f,0f,0f,1f], start_interpolation: 0, interpolation_duration: 1 }
$data merge entity $(bone_rightpointerfinger) { transformation: [-0.02585587959038665f,0.00944927275599615f,-0.9996210205547847f,-1.0377043785050217f,-0.13078440164129151f,0.9913287966324176f,0.012753715327350368f,1.532934715105469f,0.9910736167298251f,0.13106459556914862f,-0.02439586051687244f,2.411376407554863f,0f,0f,0f,1f], start_interpolation: 0, interpolation_duration: 1 }
$data merge entity $(bone_rightmidfinger) { transformation: [-0.02624344201087495f,0.008312461514595292f,-0.9996210205547847f,-1.1938951629667067f,-0.17390107865710144f,0.9846805358019647f,0.012753715327350368f,1.5349274831253676f,0.9844133768866197f,0.17416987511140614f,-0.02439586051687244f,2.4075645543491015f,0f,0f,0f,1f], start_interpolation: 0, interpolation_duration: 1 }
$data merge entity $(bone_rightringfinger) { transformation: [-0.026868056548277675f,0.005993563408218612f,-0.9996210205547847f,-1.350085947428392f,-0.25905989601762225f,0.965777051405078f,0.012753715327350368f,1.536920251145266f,0.9654874819554403f,0.25930438518656784f,-0.02439586051687244f,2.40375270114334f,0f,0f,0f,1f], start_interpolation: 0, interpolation_duration: 1 }
$data merge entity $(bone_hugeasssword) { transformation: [0.014213781772396971f,0.10687874006188998f,-3.9151823305062408f,-1.1736971377226375f,3.679800063604911f,1.340467851983829f,0.04995205169878895f,1.3546862422057164f,1.3413229432462506f,-3.678586773544756f,-0.09555045369108373f,2.126200587709832f,0f,0f,0f,1f], start_interpolation: 0, interpolation_duration: 1 }
$data merge entity $(bone_ice) { transformation: [0.0036290506652928434f,0.02728818895197191f,-0.9996210205547847f,-1.174180219591657f,0.9395234204948708f,0.3422471111448073f,0.012753715327350368f,1.3346585776488467f,0.3424654323181916f,-0.9392136443092993f,-0.02439586051687244f,2.1355247785221927f,0f,0f,0f,1f], start_interpolation: 0, interpolation_duration: 1 }
$data merge entity $(bone_righthand) { transformation: [0.0036290506652928434f,0.02728818895197191f,-0.9996210205547847f,-1.197689066579678f,0.9395234204948708f,0.3422471111448073f,0.012753715327350368f,1.6554997641627458f,0.3424654323181916f,-0.9392136443092993f,-0.02439586051687244f,1.9855753548832635f,0f,0f,0f,1f], start_interpolation: 0, interpolation_duration: 1 }
$data merge entity $(bone_rightforearm) { transformation: [-0.9536955904735654f,0.027391046272746123f,-0.29952370740120315f,-1.1141437048364118f,0.2724975662338463f,0.500228677470614f,-0.8218980147394388f,2.0030341115999595f,0.12731770147119287f,-0.8654599937721469f,-0.48452987737806996f,1.3766622197543057f,0f,0f,0f,1f], start_interpolation: 0, interpolation_duration: 1 }
$data merge entity $(bone_rightelbow) { transformation: [-0.9536955904735654f,0.027391046272746123f,-0.29952370740120315f,-1.109007883660272f,0.2724975662338463f,0.500228677470614f,-0.8218980147394388f,2.0968269886256996f,0.12731770147119287f,-0.8654599937721469f,-0.48452987737806996f,1.214388470922028f,0f,0f,0f,1f], start_interpolation: 0, interpolation_duration: 1 }
$data merge entity $(bone_rightarm) { transformation: [-0.9536955904735654f,0.3007735371810309f,-0.000006548917238939703f,-0.7500000000000002f,0.2724975662338463f,0.8640470894045731f,0.4232820616186279f,2.4560141262887503f,0.12731770147119287f,0.4036804511282365f,-0.9059979559960362f,1.416690385414199f,0f,0f,0f,1f], start_interpolation: 0, interpolation_duration: 1 }
$data merge entity $(bone_chest) { transformation: [-1.0833333333333333f,-8.97091723313753e-17f,9.77425795081909e-17f,-0.0023231250000001506f,0f,0.7981287304734971f,0.7325309827603708f,2.412342150702792f,-1.3267006990762992e-16f,0.7325309827603708f,-0.7981287304734971f,1.2272060424285565f,0f,0f,0f,1f], start_interpolation: 0, interpolation_duration: 1 }
$data merge entity $(bone_chest1lid) { transformation: [-1f,-8.280846676742336e-17f,9.022391954602237e-17f,-0.3437500000000001f,0f,0.7367342127447666f,0.6761824456249577f,1.6442183214533346f,-1.2246467991473532e-16f,0.6761824456249577f,-0.7367342127447666f,1.0533679442526067f,0f,0f,0f,1f], start_interpolation: 0, interpolation_duration: 1 }
$data merge entity $(bone_chest1) { transformation: [-1f,-8.280846676742336e-17f,9.022391954602237e-17f,-0.3437500000000001f,0f,0.7367342127447666f,0.6761824456249577f,1.5291036007119647f,-1.2246467991473532e-16f,0.6761824456249577f,-0.7367342127447666f,0.9477144371237072f,0f,0f,0f,1f], start_interpolation: 0, interpolation_duration: 1 }
$data merge entity $(bone_chest1lid3) { transformation: [-1f,-8.280846676742336e-17f,9.022391954602237e-17f,-0.28125000000000006f,0f,0.7367342127447666f,0.6761824456249577f,2.077397700681823f,-1.2246467991473532e-16f,0.6761824456249577f,-0.7367342127447666f,0.5813975892129907f,0f,0f,0f,1f], start_interpolation: 0, interpolation_duration: 1 }
$data merge entity $(bone_chest3) { transformation: [-1f,-8.280846676742336e-17f,9.022391954602237e-17f,-0.28125000000000006f,0f,0.7367342127447666f,0.6761824456249577f,1.9622829799404533f,-1.2246467991473532e-16f,0.6761824456249577f,-0.7367342127447666f,0.475744082084091f,0f,0f,0f,1f], start_interpolation: 0, interpolation_duration: 1 }
$data merge entity $(bone_hugeasssword2) { transformation: [-1.2230517208449605e-15f,2.8876695691729855f,-2.6460616464946694f,-1.2343750000000004f,-2.6483812453644178f,1.9494441440043708f,2.1274449667116797f,3.4463167561428762f,2.885542333250336f,1.7892204354011685f,1.9525914714401567f,1.8165975012598694f,0f,0f,0f,1f], start_interpolation: 0, interpolation_duration: 1 }
$data merge entity $(bone_belt) { transformation: [-1f,-8.280846676742336e-17f,9.022391954602237e-17f,0.02970562499999987f,0f,0.7367342127447666f,0.6761824456249577f,2.030364839151748f,-1.2246467991473532e-16f,0.6761824456249577f,-0.7367342127447666f,1.0543026391465888f,0f,0f,0f,1f], start_interpolation: 0, interpolation_duration: 1 }
$data merge entity $(bone_torn_part) { transformation: [-1f,-8.888116326679229e-17f,8.424806610813324e-17f,-0.09375000000000011f,0f,0.6879376663278752f,0.7257697756502106f,1.8193900763700426f,-1.2246467991473532e-16f,0.7257697756502106f,-0.6879376663278752f,0.8952645923445558f,0f,0f,0f,1f], start_interpolation: 0, interpolation_duration: 1 }
$data merge entity $(bone_lowerbody) { transformation: [-1f,-5.943358993402541e-17f,1.0707588997609448e-16f,0.003906249999999904f,0f,0.8743409940780058f,0.48531209141611603f,1.32421875f,-1.2246467991473532e-16f,0.48531209141611603f,-0.8743409940780058f,0.78125f,0f,0f,0f,1f], start_interpolation: 0, interpolation_duration: 1 }
$data merge entity $(bone_leftfoot) { transformation: [-0.9753667896506382f,0.20380854936133647f,0.08439017036263982f,-0.003411828237847081f,-0.042585433717795204f,-0.549343579813174f,0.8345107022400097f,0.36673620088741266f,0.21643961393810277f,0.8103602325665263f,0.5444907593275119f,-0.8692177212143751f,0f,0f,0f,1f], start_interpolation: 0, interpolation_duration: 1 }
$data merge entity $(bone_leftlowerleg) { transformation: [-0.9753667896506382f,0.20974853406774754f,-0.06830210906728017f,0.2397722719800208f,-0.042585433717795204f,0.12476625742737435f,0.9912718405375154f,0.3528441862366192f,0.21643961393810277f,0.9697623077146261f,-0.11276063166871653f,0.22393751663467298f,0f,0f,0f,1f], start_interpolation: 0, interpolation_duration: 1 }
$data merge entity $(bone_leftleg) { transformation: [-0.9753667896506382f,0.032967434327222433f,-0.21811183810258436f,0.24999999999999992f,-0.042585433717795204f,0.9420272412718134f,0.3328230123307041f,1.34375f,0.21643961393810277f,0.3339129002834377f,-0.9174181535933481f,0.609375f,0f,0f,0f,1f], start_interpolation: 0, interpolation_duration: 1 }
$data merge entity $(bone_rightfoot) { transformation: [-0.9905012255519768f,0.03788981775834799f,0.13218049739001286f,-0.3758700943060165f,0.043246217459636076f,0.998345694830039f,0.03788981775834793f,0.1640436825162368f,-0.1305261922200517f,0.04324621745963597f,-0.990501225551977f,0.9342649397490297f,0f,0f,0f,1f], start_interpolation: 0, interpolation_duration: 1 }
$data merge entity $(bone_rightlowerleg) { transformation: [-0.9905012255519768f,-0.027425482547752227f,0.13474110392547242f,-0.42699762013324827f,0.043246217459636076f,0.8680478757654382f,0.49459341893574005f,1.0510421797202512f,-0.1305261922200517f,0.49572243068690514f,-0.8586164364012611f,1.6161296702984596f,0f,0f,0f,1f], start_interpolation: 0, interpolation_duration: 1 }
$data merge entity $(bone_rightleg) { transformation: [-0.9905012255519768f,0.13724814934879823f,-0.008382581962736283f,-0.25000000000000006f,0.043246217459636076f,0.25307323455375774f,-0.9664800580601406f,1.34375f,-0.1305261922200517f,-0.9576621969425486f,-0.2566048122925706f,0.609375f,0f,0f,0f,1f], start_interpolation: 0, interpolation_duration: 1 }
data modify entity @s data merge value {"locators":{"lefthand":{"posx":0.9953639565066509,"posy":1.4553201703533705,"posz":1.8052590521397862,"roty":275.0642120251055,"rotx":-5.539291601905586},"righthand":{"posx":-1.158647295597992,"posy":1.4171920104066134,"posz":2.182687311314932,"roty":271.39803225956854,"rotx":0.7307538726846649},"chest":{"posx":-0.3750000000000001,"posy":1.492518926027887,"posz":1.1262212621424168,"roty":0,"rotx":42.54604134422729},"sack":{"posx":0,"posy":-0.4375,"posz":0,"roty":0,"rotx":0}},"cameras":{}}