# This file was generated by Animated Java via MC-Build. It is not recommended to edit this file directly.
$data merge entity $(bone_nose) {transformation: [-0.979f,0.0516f,-0.1973f,-0.0415f,0.0089f,0.9774f,0.2114f,4.1135f,0.2038f,0.2052f,-0.9573f,0.2132f,0f,0f,0f,1f],start_interpolation: 0,interpolation_duration: 1}
$data merge entity $(bone_glowing_eye) {transformation: [-0.979f,0.0516f,-0.1973f,-0.1535f,0.0089f,0.9774f,0.2114f,4.1735f,0.2038f,0.2052f,-0.9573f,0.2859f,0f,0f,0f,1f],start_interpolation: 0,interpolation_duration: 1}
$data merge entity $(bone_head) {transformation: [-0.979f,0.0516f,-0.1973f,-0.0848f,0.0089f,0.9774f,0.2114f,4.0325f,0.2038f,0.2052f,-0.9573f,0.0086f,0f,0f,0f,1f],start_interpolation: 0,interpolation_duration: 1}
$data merge entity $(bone_leftthumb2) {transformation: [-0.5184f,0.3102f,0.7969f,0.8453f,-0.7235f,-0.6559f,-0.2154f,4.06f,0.4559f,-0.6882f,0.5644f,0.5044f,0f,0f,0f,1f],start_interpolation: 0,interpolation_duration: 1}
$data merge entity $(bone_leftthumb) {transformation: [-0.5184f,0.3102f,0.7969f,0.9895f,-0.7235f,-0.6559f,-0.2154f,3.8808f,0.4559f,-0.6882f,0.5644f,0.3839f,0f,0f,0f,1f],start_interpolation: 0,interpolation_duration: 1}
$data merge entity $(bone_leftpointerfinger) {transformation: [-0.2622f,0.5443f,0.7969f,0.9817f,-0.965f,-0.1495f,-0.2154f,4.165f,0.0019f,-0.8255f,0.5644f,0.5863f,0f,0f,0f,1f],start_interpolation: 0,interpolation_duration: 1}
$data merge entity $(bone_leftmidfinger) {transformation: [-0.3027f,0.5228f,0.7969f,1.1063f,-0.9509f,-0.2223f,-0.2154f,4.1314f,0.0646f,-0.823f,0.5644f,0.6745f,0f,0f,0f,1f],start_interpolation: 0,interpolation_duration: 1}
$data merge entity $(bone_leftringfinger) {transformation: [-0.3027f,0.5228f,0.7969f,1.2308f,-0.9509f,-0.2223f,-0.2154f,4.0977f,0.0646f,-0.823f,0.5644f,0.7627f,0f,0f,0f,1f],start_interpolation: 0,interpolation_duration: 1}
$data merge entity $(bone_invisibility) {transformation: [0.3785f,-0.7668f,0.5184f,0.8936f,-0.6721f,0.1574f,0.7235f,3.9643f,-0.6364f,-0.6222f,-0.4559f,0.5789f,0f,0f,0f,1f],start_interpolation: 0,interpolation_duration: 1}
$data merge entity $(bone_swiftness) {transformation: [0.7969f,0.3102f,0.5184f,0.974f,-0.2154f,-0.6559f,0.7235f,3.9751f,0.5644f,-0.6882f,-0.4559f,0.8016f,0f,0f,0f,1f],start_interpolation: 0,interpolation_duration: 1}
$data merge entity $(bone_suspicious_stew) {transformation: [0.6179f,-0.5912f,0.5184f,1.0285f,-0.6854f,-0.082f,0.7235f,3.9547f,-0.3852f,-0.8024f,-0.4559f,0.717f,0f,0f,0f,1f],start_interpolation: 0,interpolation_duration: 1}
$data merge entity $(bone_log) {transformation: [-0.5184f,0.3102f,0.7969f,1.056f,-0.7235f,-0.6559f,-0.2154f,3.7948f,0.4559f,-0.6882f,0.5644f,0.7001f,0f,0f,0f,1f],start_interpolation: 0,interpolation_duration: 1}
$data merge entity $(bone_planks) {transformation: [-0.5184f,0.3102f,0.7969f,1.0074f,-0.7235f,-0.6559f,-0.2154f,3.727f,0.4559f,-0.6882f,0.5644f,0.7429f,0f,0f,0f,1f],start_interpolation: 0,interpolation_duration: 1}
$data merge entity $(bone_lefthand1) {transformation: [-0.5184f,0.3102f,0.7969f,1.2382f,-0.7235f,-0.6559f,-0.2154f,3.8184f,0.4559f,-0.6882f,0.5644f,0.3965f,0f,0f,0f,1f],start_interpolation: 0,interpolation_duration: 1}
$data merge entity $(bone_leftforearm) {transformation: [0.0613f,0.4333f,0.8992f,1.5493f,-0.9063f,-0.3532f,0.232f,3.4924f,0.4181f,-0.8291f,0.3711f,-0.1612f,0f,0f,0f,1f],start_interpolation: 0,interpolation_duration: 1}
$data merge entity $(bone_leftelbow) {transformation: [0.0613f,0.4333f,0.8992f,1.6305f,-0.9063f,-0.3532f,0.232f,3.4261f,0.4181f,-0.8291f,0.3711f,-0.3167f,0f,0f,0f,1f],start_interpolation: 0,interpolation_duration: 1}
$data merge entity $(bone_leftarm) {transformation: [-0.3087f,-0.951f,0.0179f,0.8364f,-0.7138f,0.2192f,-0.6651f,3.5333f,0.6286f,-0.2181f,-0.7465f,-0.1118f,0f,0f,0f,1f],start_interpolation: 0,interpolation_duration: 1}
$data merge entity $(bone_rightthumb2) {transformation: [0.4841f,-0.7096f,-0.512f,-0.2693f,0.4916f,0.7046f,-0.5117f,2.6866f,0.7239f,-0.004f,0.6899f,0.3441f,0f,0f,0f,1f],start_interpolation: 0,interpolation_duration: 1}
$data merge entity $(bone_rightthumb) {transformation: [0.4841f,-0.7096f,-0.512f,-0.4871f,0.4916f,0.7046f,-0.5117f,2.8157f,0.7239f,-0.004f,0.6899f,0.4021f,0f,0f,0f,1f],start_interpolation: 0,interpolation_duration: 1}
$data merge entity $(bone_rightpointerfinger) {transformation: [0.5468f,-0.6625f,-0.512f,-0.2253f,0.4253f,0.7465f,-0.5117f,2.6143f,0.7212f,0.0621f,0.6899f,0.515f,0f,0f,0f,1f],start_interpolation: 0,interpolation_duration: 1}
$data merge entity $(bone_rightmidfinger) {transformation: [0.5752f,-0.638f,-0.512f,-0.3053f,0.3923f,0.7643f,-0.5117f,2.5343f,0.7178f,0.0935f,0.6899f,0.6228f,0f,0f,0f,1f],start_interpolation: 0,interpolation_duration: 1}
$data merge entity $(bone_rightringfinger) {transformation: [0.5718f,-0.641f,-0.512f,-0.3853f,0.3964f,0.7622f,-0.5117f,2.4544f,0.7183f,0.0897f,0.6899f,0.7306f,0f,0f,0f,1f],start_interpolation: 0,interpolation_duration: 1}
$data merge entity $(bone_hugeasssword) {transformation: [1.8959f,-2.7793f,-2.0053f,-0.57f,1.9255f,2.7596f,-2.0043f,2.5548f,2.8352f,-0.0156f,2.7022f,0.4189f,0f,0f,0f,1f],start_interpolation: 0,interpolation_duration: 1}
$data merge entity $(bone_ice) {transformation: [0.4841f,-0.7096f,-0.512f,-0.5665f,0.4916f,0.7046f,-0.5117f,2.5362f,0.7239f,-0.004f,0.6899f,0.4076f,0f,0f,0f,1f],start_interpolation: 0,interpolation_duration: 1}
$data merge entity $(bone_righthand1) {transformation: [0.4841f,-0.7096f,-0.512f,-0.6389f,0.4916f,0.7046f,-0.5117f,2.8192f,0.7239f,-0.004f,0.6899f,0.6092f,0f,0f,0f,1f],start_interpolation: 0,interpolation_duration: 1}
$data merge entity $(bone_rightforearm) {transformation: [0.0388f,-0.9266f,-0.3741f,-1.2549f,0.5699f,0.328f,-0.7534f,3.0512f,0.8208f,-0.1839f,0.5408f,0.4281f,0f,0f,0f,1f],start_interpolation: 0,interpolation_duration: 1}
$data merge entity $(bone_rightelbow) {transformation: [0.0388f,-0.9266f,-0.3741f,-1.4287f,0.5699f,0.328f,-0.7534f,3.1127f,0.8208f,-0.1839f,0.5408f,0.3936f,0f,0f,0f,1f],start_interpolation: 0,interpolation_duration: 1}
$data merge entity $(bone_rightarm) {transformation: [-0.3631f,0.3253f,-0.8731f,-0.9532f,0.4573f,0.8787f,0.1372f,3.5076f,0.8118f,-0.3495f,-0.4678f,0.0583f,0f,0f,0f,1f],start_interpolation: 0,interpolation_duration: 1}
$data merge entity $(bone_chest1) {transformation: [-1.0606f,0.0559f,-0.2138f,-0.1371f,0.0097f,1.0588f,0.229f,3.408f,0.2207f,0.2223f,-1.037f,-0.2039f,0f,0f,0f,1f],start_interpolation: 0,interpolation_duration: 1}
$data merge entity $(bone_chest1lid) {transformation: [-0.979f,0.0516f,-0.1973f,-0.4294f,0.0089f,0.9774f,0.2114f,2.6603f,0.2038f,0.2052f,-0.9573f,0.1f,0f,0f,0f,1f],start_interpolation: 0,interpolation_duration: 1}
$data merge entity $(bone_chest2) {transformation: [-0.979f,0.0516f,-0.1973f,-0.4375f,0.0089f,0.9774f,0.2114f,2.5076f,0.2038f,0.2052f,-0.9573f,0.068f,0f,0f,0f,1f],start_interpolation: 0,interpolation_duration: 1}
$data merge entity $(bone_chest1lid3) {transformation: [-0.979f,0.0516f,-0.1973f,-0.4946f,0.0089f,0.9774f,0.2114f,2.7952f,0.2038f,0.2052f,-0.9573f,-0.526f,0f,0f,0f,1f],start_interpolation: 0,interpolation_duration: 1}
$data merge entity $(bone_chest3) {transformation: [-0.979f,0.0516f,-0.1973f,-0.5027f,0.0089f,0.9774f,0.2114f,2.6425f,0.2038f,0.2052f,-0.9573f,-0.558f,0f,0f,0f,1f],start_interpolation: 0,interpolation_duration: 1}
$data merge entity $(bone_hugeasssword2) {transformation: [0.7728f,2.9636f,-2.4413f,-1.3356f,-0.8281f,2.5603f,2.8459f,4.609f,3.7493f,-0.0454f,1.1318f,0.0317f,0f,0f,0f,1f],start_interpolation: 0,interpolation_duration: 1}
$data merge entity $(bone_belt) {transformation: [-0.979f,0.0516f,-0.1973f,-0.1005f,0.0089f,0.9774f,0.2114f,2.9907f,0.2038f,0.2052f,-0.9573f,-0.1668f,0f,0f,0f,1f],start_interpolation: 0,interpolation_duration: 1}
$data merge entity $(bone_torn_part) {transformation: [-0.9947f,-0.0953f,0.0378f,-0.1484f,-0.0835f,0.9668f,0.2414f,2.6819f,-0.0595f,0.237f,-0.9697f,-0.0635f,0f,0f,0f,1f],start_interpolation: 0,interpolation_duration: 1}
$data merge entity $(bone_lowerbody) {transformation: [-0.9947f,-0.0796f,0.0647f,-0.0215f,-0.0835f,0.9947f,-0.0605f,2.2129f,-0.0595f,-0.0656f,-0.9961f,0.1145f,0f,0f,0f,1f],start_interpolation: 0,interpolation_duration: 1}
$data merge entity $(bone_leftfoot) {transformation: [-0.9764f,-0.1976f,-0.0873f,0.5209f,-0.2128f,0.9495f,0.2304f,0.2196f,0.0374f,0.2436f,-0.9692f,-0.1899f,0f,0f,0f,1f],start_interpolation: 0,interpolation_duration: 1}
$data merge entity $(bone_leftlowerleg) {transformation: [-0.9764f,-0.1976f,-0.0873f,0.3151f,-0.2128f,0.9495f,0.2304f,1.2375f,0.0374f,0.2436f,-0.9692f,0.2292f,0f,0f,0f,1f],start_interpolation: 0,interpolation_duration: 1}
$data merge entity $(bone_leftleg) {transformation: [-0.9889f,-0.0471f,0.1411f,0.2397f,-0.0842f,0.9591f,-0.2703f,2.2178f,-0.1226f,-0.2792f,-0.9524f,-0.0091f,0f,0f,0f,1f],start_interpolation: 0,interpolation_duration: 1}
$data merge entity $(bone_rightfoot) {transformation: [-0.9108f,0.0658f,0.4074f,-0.4365f,0.1899f,0.9433f,0.2722f,0.2104f,-0.3664f,0.3254f,-0.8717f,-0.2281f,0f,0f,0f,1f],start_interpolation: 0,interpolation_duration: 1}
$data merge entity $(bone_rightlowerleg) {transformation: [-0.9108f,0.0658f,0.4074f,-0.4261f,0.1899f,0.9433f,0.2722f,1.2151f,-0.3664f,0.3254f,-0.8717f,0.2668f,0f,0f,0f,1f],start_interpolation: 0,interpolation_duration: 1}
$data merge entity $(bone_rightleg) {transformation: [-0.9723f,0.1354f,0.1905f,-0.2808f,0.0608f,0.9336f,-0.3532f,2.1605f,-0.2257f,-0.3318f,-0.9159f,-0.0116f,0f,0f,0f,1f],start_interpolation: 0,interpolation_duration: 1}
data modify entity @s data merge value {"cameras":{},"locators":{"lefthand":{"posx":1.06789597155539,"posy":3.917235007732738,"posz":0.7023342700798245,"roty":125.30826355278933,"rotx":-12.437267664339805},"sword":{"posx":1.3858802904976115,"posy":4.466289626976902,"posz":-2.07931059768455,"roty":216.57839864121507,"rotx":-30.780186387314195},"righthand":{"posx":-0.5020412607020194,"posy":2.5792270080929804,"posz":0.4647812125547992,"roty":216.57839864121507,"rotx":-30.780186387314195},"chest":{"posx":-0.43241406937662624,"posy":2.5665027770189424,"posz":0.24314096564913698,"roty":348.3532194372849,"rotx":12.205646414324027}}}