# This file was generated by Animated Java via MC-Build. It is not recommended to edit this file directly.
$data merge entity $(bone_nose) {transformation: [-0.9912f,0.0698f,0.1129f,0.0022f,0.0953f,0.9662f,0.2394f,4.0686f,-0.0924f,0.248f,-0.9643f,0.2425f,0f,0f,0f,1f],start_interpolation: 0,interpolation_duration: 1}
$data merge entity $(bone_glowing_eye) {transformation: [-0.9912f,0.0698f,0.1129f,-0.1209f,0.0953f,0.9662f,0.2394f,4.1376f,-0.0924f,0.248f,-0.9643f,0.2814f,0f,0f,0f,1f],start_interpolation: 0,interpolation_duration: 1}
$data merge entity $(bone_head) {transformation: [-0.9912f,0.0698f,0.1129f,0.0148f,0.0953f,0.9662f,0.2394f,3.9941f,-0.0924f,0.248f,-0.9643f,0.0313f,0f,0f,0f,1f],start_interpolation: 0,interpolation_duration: 1}
$data merge entity $(bone_leftthumb2) {transformation: [-0.7416f,0.5427f,0.3944f,0.0393f,-0.6706f,-0.5829f,-0.4589f,3.6132f,-0.0192f,-0.6048f,0.7962f,1.1328f,0f,0f,0f,1f],start_interpolation: 0,interpolation_duration: 1}
$data merge entity $(bone_leftthumb) {transformation: [-0.7416f,0.5427f,0.3944f,0.2061f,-0.6706f,-0.5829f,-0.4589f,3.431f,-0.0192f,-0.6048f,0.7962f,1.0525f,0f,0f,0f,1f],start_interpolation: 0,interpolation_duration: 1}
$data merge entity $(bone_leftpointerfinger) {transformation: [-0.2929f,0.871f,0.3944f,0.1276f,-0.884f,-0.0895f,-0.4589f,3.6741f,-0.3644f,-0.483f,0.7962f,1.2904f,0f,0f,0f,1f],start_interpolation: 0,interpolation_duration: 1}
$data merge entity $(bone_leftmidfinger) {transformation: [-0.3618f,0.8448f,0.3944f,0.1892f,-0.8739f,-0.16f,-0.4589f,3.6024f,-0.3246f,-0.5107f,0.7962f,1.4148f,0f,0f,0f,1f],start_interpolation: 0,interpolation_duration: 1}
$data merge entity $(bone_leftringfinger) {transformation: [-0.3618f,0.8448f,0.3944f,0.2509f,-0.8739f,-0.16f,-0.4589f,3.5307f,-0.3246f,-0.5107f,0.7962f,1.5392f,0f,0f,0f,1f],start_interpolation: 0,interpolation_duration: 1}
$data merge entity $(bone_invisibility) {transformation: [0.575f,-0.3456f,0.7416f,0.0356f,-0.6207f,0.4064f,0.6706f,3.499f,-0.5331f,-0.8458f,0.0192f,1.1958f,0f,0f,0f,1f],start_interpolation: 0,interpolation_duration: 1}
$data merge entity $(bone_swiftness) {transformation: [0.3944f,0.5427f,0.7416f,-0.0026f,-0.4589f,-0.5829f,0.6706f,3.4569f,0.7962f,-0.6048f,0.0192f,1.4259f,0f,0f,0f,1f],start_interpolation: 0,interpolation_duration: 1}
$data merge entity $(bone_suspicious_stew) {transformation: [0.6585f,-0.1281f,0.7416f,0.0841f,-0.7222f,0.1696f,0.6706f,3.4403f,-0.2116f,-0.9772f,0.0192f,1.3734f,0f,0f,0f,1f],start_interpolation: 0,interpolation_duration: 1}
$data merge entity $(bone_log) {transformation: [-0.7416f,0.5427f,0.3944f,0.1009f,-0.6706f,-0.5829f,-0.4589f,3.283f,-0.0192f,-0.6048f,0.7962f,1.3333f,0f,0f,0f,1f],start_interpolation: 0,interpolation_duration: 1}
$data merge entity $(bone_planks) {transformation: [-0.7416f,0.5427f,0.3944f,0.0314f,-0.6706f,-0.5829f,-0.4589f,3.2202f,-0.0192f,-0.6048f,0.7962f,1.3315f,0f,0f,0f,1f],start_interpolation: 0,interpolation_duration: 1}
$data merge entity $(bone_lefthand1) {transformation: [-0.7416f,0.5427f,0.3944f,0.4096f,-0.6706f,-0.5829f,-0.4589f,3.3193f,-0.0192f,-0.6048f,0.7962f,1.162f,0f,0f,0f,1f],start_interpolation: 0,interpolation_duration: 1}
$data merge entity $(bone_leftforearm) {transformation: [-0.1516f,0.8728f,0.4639f,1.0175f,-0.9376f,0.0217f,-0.3471f,3.252f,-0.313f,-0.4876f,0.8151f,0.7724f,0f,0f,0f,1f],start_interpolation: 0,interpolation_duration: 1}
$data merge entity $(bone_leftelbow) {transformation: [-0.1516f,0.8728f,0.4639f,1.1811f,-0.9376f,0.0217f,-0.3471f,3.2561f,-0.313f,-0.4876f,0.8151f,0.681f,0f,0f,0f,1f],start_interpolation: 0,interpolation_duration: 1}
$data merge entity $(bone_leftarm) {transformation: [-0.4766f,-0.0768f,0.8757f,0.804f,-0.8089f,0.4285f,-0.4027f,3.3928f,-0.3443f,-0.9003f,-0.2663f,0.1105f,0f,0f,0f,1f],start_interpolation: 0,interpolation_duration: 1}
$data merge entity $(bone_rightthumb2) {transformation: [0.4928f,-0.5554f,-0.6699f,-0.273f,0.024f,0.7782f,-0.6275f,2.6496f,0.8698f,0.2931f,0.3968f,0.0031f,0f,0f,0f,1f],start_interpolation: 0,interpolation_duration: 1}
$data merge entity $(bone_rightthumb) {transformation: [0.4928f,-0.5554f,-0.6699f,-0.4665f,0.024f,0.7782f,-0.6275f,2.7868f,0.8698f,0.2931f,0.3968f,0.1089f,0f,0f,0f,1f],start_interpolation: 0,interpolation_duration: 1}
$data merge entity $(bone_rightpointerfinger) {transformation: [0.5656f,-0.481f,-0.6699f,-0.2617f,-0.0851f,0.7739f,-0.6275f,2.5047f,0.8203f,0.4119f,0.3968f,0.1264f,0f,0f,0f,1f],start_interpolation: 0,interpolation_duration: 1}
$data merge entity $(bone_rightmidfinger) {transformation: [0.5861f,-0.4559f,-0.6699f,-0.3664f,-0.1188f,0.7695f,-0.6275f,2.4066f,0.8015f,0.4473f,0.3968f,0.1884f,0f,0f,0f,1f],start_interpolation: 0,interpolation_duration: 1}
$data merge entity $(bone_rightringfinger) {transformation: [0.5811f,-0.4621f,-0.6699f,-0.4711f,-0.1105f,0.7707f,-0.6275f,2.3086f,0.8063f,0.4387f,0.3968f,0.2504f,0f,0f,0f,1f],start_interpolation: 0,interpolation_duration: 1}
$data merge entity $(bone_hugeasssword) {transformation: [1.93f,-2.1753f,-2.6236f,-0.5997f,0.0942f,3.048f,-2.4579f,2.5681f,3.4068f,1.1481f,1.5542f,0.0107f,0f,0f,0f,1f],start_interpolation: 0,interpolation_duration: 1}
$data merge entity $(bone_ice) {transformation: [0.4928f,-0.5554f,-0.6699f,-0.5987f,0.024f,0.7782f,-0.6275f,2.5556f,0.8698f,0.2931f,0.3968f,-0.0075f,0f,0f,0f,1f],start_interpolation: 0,interpolation_duration: 1}
$data merge entity $(bone_righthand1) {transformation: [0.4928f,-0.5554f,-0.6699f,-0.6353f,0.024f,0.7782f,-0.6275f,2.7365f,0.8698f,0.2931f,0.3968f,0.2957f,0f,0f,0f,1f],start_interpolation: 0,interpolation_duration: 1}
$data merge entity $(bone_rightforearm) {transformation: [0.4526f,-0.7809f,-0.4305f,-1.1845f,0.4925f,0.6214f,-0.6094f,3.1485f,0.7434f,0.0638f,0.6658f,0.3087f,0f,0f,0f,1f],start_interpolation: 0,interpolation_duration: 1}
$data merge entity $(bone_rightelbow) {transformation: [0.4526f,-0.7809f,-0.4305f,-1.3309f,0.4925f,0.6214f,-0.6094f,3.2651f,0.7434f,0.0638f,0.6658f,0.3207f,0f,0f,0f,1f],start_interpolation: 0,interpolation_duration: 1}
$data merge entity $(bone_rightarm) {transformation: [0.0792f,0.361f,-0.9292f,-0.9498f,0.5063f,0.7884f,0.3494f,3.5376f,0.8587f,-0.4982f,-0.1203f,-0.1778f,0f,0f,0f,1f],start_interpolation: 0,interpolation_duration: 1}
$data merge entity $(bone_chest1) {transformation: [-1.0737f,0.0756f,0.1223f,-0.0241f,0.1032f,1.0468f,0.2594f,3.3795f,-0.1001f,0.2687f,-1.0447f,-0.2105f,0f,0f,0f,1f],start_interpolation: 0,interpolation_duration: 1}
$data merge entity $(bone_chest1lid) {transformation: [-0.9912f,0.0698f,0.1129f,-0.4544f,0.0953f,0.9662f,0.2394f,2.6579f,-0.0924f,0.248f,-0.9643f,-0.0342f,0f,0f,0f,1f],start_interpolation: 0,interpolation_duration: 1}
$data merge entity $(bone_chest2) {transformation: [-0.9912f,0.0698f,0.1129f,-0.4653f,0.0953f,0.9662f,0.2394f,2.507f,-0.0924f,0.248f,-0.9643f,-0.073f,0f,0f,0f,1f],start_interpolation: 0,interpolation_duration: 1}
$data merge entity $(bone_chest1lid3) {transformation: [-0.9912f,0.0698f,0.1129f,-0.3201f,0.0953f,0.9662f,0.2394f,2.8054f,-0.0924f,0.248f,-0.9643f,-0.6462f,0f,0f,0f,1f],start_interpolation: 0,interpolation_duration: 1}
$data merge entity $(bone_chest3) {transformation: [-0.9912f,0.0698f,0.1129f,-0.331f,0.0953f,0.9662f,0.2394f,2.6544f,-0.0924f,0.248f,-0.9643f,-0.685f,0f,0f,0f,1f],start_interpolation: 0,interpolation_duration: 1}
$data merge entity $(bone_hugeasssword2) {transformation: [-0.4422f,3.0468f,-2.4211f,-1.1344f,-0.9377f,2.2815f,3.0423f,4.6814f,3.777f,0.9232f,0.4718f,-0.292f,0f,0f,0f,1f],start_interpolation: 0,interpolation_duration: 1}
$data merge entity $(bone_belt) {transformation: [-0.9912f,0.0698f,0.1129f,-0.035f,0.0953f,0.9662f,0.2394f,2.9602f,-0.0924f,0.248f,-0.9643f,-0.1801f,0f,0f,0f,1f],start_interpolation: 0,interpolation_duration: 1}
$data merge entity $(bone_torn_part) {transformation: [-0.9918f,-0.0336f,0.1234f,-0.1644f,-0.0043f,0.9732f,0.23f,2.6565f,-0.1278f,0.2275f,-0.9653f,-0.0705f,0f,0f,0f,1f],start_interpolation: 0,interpolation_duration: 1}
$data merge entity $(bone_lowerbody) {transformation: [-0.9918f,0.0051f,0.1278f,-0.088f,-0.0043f,0.9973f,-0.0733f,2.1802f,-0.1278f,-0.0733f,-0.9891f,0.1169f,0f,0f,0f,1f],start_interpolation: 0,interpolation_duration: 1}
$data merge entity $(bone_leftfoot) {transformation: [-0.9678f,-0.2294f,-0.1034f,0.526f,-0.2498f,0.9256f,0.2843f,0.2182f,0.0305f,0.301f,-0.9531f,-0.1785f,0f,0f,0f,1f],start_interpolation: 0,interpolation_duration: 1}
$data merge entity $(bone_leftlowerleg) {transformation: [-0.9678f,-0.2294f,-0.1034f,0.2873f,-0.2498f,0.9256f,0.2843f,1.2013f,0.0305f,0.301f,-0.9531f,0.3018f,0f,0f,0f,1f],start_interpolation: 0,interpolation_duration: 1}
$data merge entity $(bone_leftleg) {transformation: [-0.9874f,-0.067f,0.1435f,0.1914f,-0.1095f,0.9432f,-0.3135f,2.1552f,-0.1143f,-0.3253f,-0.9387f,0.023f,0f,0f,0f,1f],start_interpolation: 0,interpolation_duration: 1}
$data merge entity $(bone_rightfoot) {transformation: [-0.9024f,0.0057f,0.4309f,-0.421f,0.1473f,0.9438f,0.296f,0.2227f,-0.405f,0.3306f,-0.8525f,-0.2145f,0f,0f,0f,1f],start_interpolation: 0,interpolation_duration: 1}
$data merge entity $(bone_rightlowerleg) {transformation: [-0.9024f,0.0057f,0.4309f,-0.4809f,0.1473f,0.9438f,0.296f,1.2242f,-0.405f,0.3306f,-0.8525f,0.2832f,0f,0f,0f,1f],start_interpolation: 0,interpolation_duration: 1}
$data merge entity $(bone_rightleg) {transformation: [-0.9592f,0.1493f,0.2402f,-0.326f,0.0464f,0.9208f,-0.3872f,2.151f,-0.279f,-0.3602f,-0.8902f,-0.0206f,0f,0f,0f,1f],start_interpolation: 0,interpolation_duration: 1}
data modify entity @s data merge value {"cameras":{},"locators":{"lefthand":{"posx":0.12186260562985252,"posy":3.398600312099423,"posz":1.3699207108122842,"roty":153.64911962789026,"rotx":-27.31729835321638},"sword":{"posx":1.9367873177963975,"posy":4.8695556482822315,"posz":-1.3999839300483292,"roty":239.35748887297333,"rotx":-38.869238432712415},"righthand":{"posx":-0.5333304328065719,"posy":2.555482960360086,"posz":0.06331444798975991,"roty":239.35748887297333,"rotx":-38.869238432712415},"chest":{"posx":-0.5073957532202854,"posy":2.5631308302151834,"posz":0.09804953780124567,"roty":6.678308951861169,"rotx":13.851516037654656}}}