# This file was generated by Animated Java via MC-Build. It is not recommended to edit this file directly.
$data merge entity $(bone_nose) {transformation: [-0.9644f,0.0456f,0.2603f,-0.0065f,0.1149f,0.9594f,0.2576f,4.0202f,-0.238f,0.2783f,-0.9305f,0.2506f,0f,0f,0f,1f],start_interpolation: 0,interpolation_duration: 1}
$data merge entity $(bone_glowing_eye) {transformation: [-0.9644f,0.0456f,0.2603f,-0.1331f,0.1149f,0.9594f,0.2576f,4.0905f,-0.238f,0.2783f,-0.9305f,0.2722f,0f,0f,0f,1f],start_interpolation: 0,interpolation_duration: 1}
$data merge entity $(bone_head) {transformation: [-0.9644f,0.0456f,0.2603f,0.0366f,0.1149f,0.9594f,0.2576f,3.95f,-0.238f,0.2783f,-0.9305f,0.042f,0f,0f,0f,1f],start_interpolation: 0,interpolation_duration: 1}
$data merge entity $(bone_leftthumb2) {transformation: [-0.5342f,0.756f,0.3782f,-0.1846f,-0.762f,-0.2369f,-0.6027f,3.1396f,-0.3661f,-0.6102f,0.7026f,1.1046f,0f,0f,0f,1f],start_interpolation: 0,interpolation_duration: 1}
$data merge entity $(bone_leftthumb) {transformation: [-0.5342f,0.756f,0.3782f,0.0331f,-0.762f,-0.2369f,-0.6027f,3.03f,-0.3661f,-0.6102f,0.7026f,1.015f,0f,0f,0f,1f],start_interpolation: 0,interpolation_duration: 1}
$data merge entity $(bone_leftpointerfinger) {transformation: [0.0093f,0.9257f,0.3782f,-0.1388f,-0.7565f,0.2539f,-0.6027f,3.1628f,-0.6539f,-0.2805f,0.7026f,1.2882f,0f,0f,0f,1f],start_interpolation: 0,interpolation_duration: 1}
$data merge entity $(bone_leftmidfinger) {transformation: [-0.0661f,0.9234f,0.3782f,-0.0797f,-0.7747f,0.1914f,-0.6027f,3.0686f,-0.6289f,-0.3328f,0.7026f,1.398f,0f,0f,0f,1f],start_interpolation: 0,interpolation_duration: 1}
$data merge entity $(bone_leftringfinger) {transformation: [-0.0661f,0.9234f,0.3782f,-0.0206f,-0.7747f,0.1914f,-0.6027f,2.9745f,-0.6289f,-0.3328f,0.7026f,1.5078f,0f,0f,0f,1f],start_interpolation: 0,interpolation_duration: 1}
$data merge entity $(bone_invisibility) {transformation: [0.7861f,-0.3109f,0.5342f,-0.1681f,-0.2885f,0.5798f,0.762f,3.0129f,-0.5466f,-0.7531f,0.3661f,1.1309f,0f,0f,0f,1f],start_interpolation: 0,interpolation_duration: 1}
$data merge entity $(bone_swiftness) {transformation: [0.3782f,0.756f,0.5342f,-0.2274f,-0.6027f,-0.2369f,0.762f,2.8923f,0.7026f,-0.6102f,0.3661f,1.3262f,0f,0f,0f,1f],start_interpolation: 0,interpolation_duration: 1}
$data merge entity $(bone_suspicious_stew) {transformation: [0.845f,-0.0233f,0.5342f,-0.1326f,-0.4694f,0.4461f,0.762f,2.911f,-0.256f,-0.8947f,0.3661f,1.2912f,0f,0f,0f,1f],start_interpolation: 0,interpolation_duration: 1}
$data merge entity $(bone_log) {transformation: [-0.5342f,0.756f,0.3782f,-0.0705f,-0.762f,-0.2369f,-0.6027f,2.7817f,-0.3661f,-0.6102f,0.7026f,1.2136f,0f,0f,0f,1f],start_interpolation: 0,interpolation_duration: 1}
$data merge entity $(bone_planks) {transformation: [-0.5342f,0.756f,0.3782f,-0.1205f,-0.762f,-0.2369f,-0.6027f,2.7102f,-0.3661f,-0.6102f,0.7026f,1.1793f,0f,0f,0f,1f],start_interpolation: 0,interpolation_duration: 1}
$data merge entity $(bone_lefthand1) {transformation: [-0.5342f,0.756f,0.3782f,0.2403f,-0.762f,-0.2369f,-0.6027f,2.9318f,-0.3661f,-0.6102f,0.7026f,1.1306f,0f,0f,0f,1f],start_interpolation: 0,interpolation_duration: 1}
$data merge entity $(bone_leftforearm) {transformation: [-0.0526f,0.9119f,0.4071f,0.8844f,-0.8056f,0.2022f,-0.5569f,3.0167f,-0.5902f,-0.3572f,0.724f,0.815f,0f,0f,0f,1f],start_interpolation: 0,interpolation_duration: 1}
$data merge entity $(bone_leftelbow) {transformation: [-0.0526f,0.9119f,0.4071f,1.0554f,-0.8056f,0.2022f,-0.5569f,3.0546f,-0.5902f,-0.3572f,0.724f,0.7481f,0f,0f,0f,1f],start_interpolation: 0,interpolation_duration: 1}
$data merge entity $(bone_leftarm) {transformation: [-0.353f,0.0796f,0.9322f,0.8051f,-0.6954f,0.6443f,-0.3184f,3.3192f,-0.626f,-0.7606f,-0.1721f,0.1774f,0f,0f,0f,1f],start_interpolation: 0,interpolation_duration: 1}
$data merge entity $(bone_rightthumb2) {transformation: [0.2994f,-0.5614f,-0.7715f,-0.2052f,-0.033f,0.802f,-0.5964f,2.591f,0.9536f,0.204f,0.2216f,-0.0184f,0f,0f,0f,1f],start_interpolation: 0,interpolation_duration: 1}
$data merge entity $(bone_rightthumb) {transformation: [0.2994f,-0.5614f,-0.7715f,-0.4088f,-0.033f,0.802f,-0.5964f,2.7368f,0.9536f,0.204f,0.2216f,0.0506f,0f,0f,0f,1f],start_interpolation: 0,interpolation_duration: 1}
$data merge entity $(bone_rightpointerfinger) {transformation: [0.3834f,-0.5077f,-0.7715f,-0.228f,-0.1578f,0.787f,-0.5964f,2.442f,0.91f,0.3505f,0.2216f,0.0983f,0f,0f,0f,1f],start_interpolation: 0,interpolation_duration: 1}
$data merge entity $(bone_rightmidfinger) {transformation: [0.4052f,-0.4905f,-0.7715f,-0.3485f,-0.192f,0.7794f,-0.5964f,2.3488f,0.8938f,0.3898f,0.2216f,0.133f,0f,0f,0f,1f],start_interpolation: 0,interpolation_duration: 1}
$data merge entity $(bone_rightringfinger) {transformation: [0.399f,-0.4956f,-0.7715f,-0.4691f,-0.1822f,0.7817f,-0.5964f,2.2557f,0.8987f,0.3785f,0.2216f,0.1676f,0f,0f,0f,1f],start_interpolation: 0,interpolation_duration: 1}
$data merge entity $(bone_hugeasssword) {transformation: [1.1727f,-2.1989f,-3.0216f,-0.53f,-0.1291f,3.1412f,-2.336f,2.5298f,3.7348f,0.799f,0.868f,-0.0823f,0f,0f,0f,1f],start_interpolation: 0,interpolation_duration: 1}
$data merge entity $(bone_ice) {transformation: [0.2994f,-0.5614f,-0.7715f,-0.526f,-0.033f,0.802f,-0.5964f,2.5178f,0.9536f,0.204f,0.2216f,-0.1004f,0f,0f,0f,1f],start_interpolation: 0,interpolation_duration: 1}
$data merge entity $(bone_righthand1) {transformation: [0.2994f,-0.5614f,-0.7715f,-0.6156f,-0.033f,0.802f,-0.5964f,2.6914f,0.9536f,0.204f,0.2216f,0.1959f,0f,0f,0f,1f],start_interpolation: 0,interpolation_duration: 1}
$data merge entity $(bone_rightforearm) {transformation: [0.3112f,-0.7901f,-0.5281f,-1.1633f,0.4803f,0.6102f,-0.63f,3.0975f,0.82f,-0.0576f,0.5694f,0.1227f,0f,0f,0f,1f],start_interpolation: 0,interpolation_duration: 1}
$data merge entity $(bone_rightelbow) {transformation: [0.3112f,-0.7901f,-0.5281f,-1.3114f,0.4803f,0.6102f,-0.63f,3.2119f,0.82f,-0.0576f,0.5694f,0.1119f,0f,0f,0f,1f],start_interpolation: 0,interpolation_duration: 1}
$data merge entity $(bone_rightarm) {transformation: [-0.0671f,0.3876f,-0.9194f,-0.8828f,0.4836f,0.8186f,0.3098f,3.513f,0.8727f,-0.4239f,-0.2424f,-0.3181f,0f,0f,0f,1f],start_interpolation: 0,interpolation_duration: 1}
$data merge entity $(bone_chest1) {transformation: [-1.0448f,0.0494f,0.282f,0.0256f,0.1245f,1.0393f,0.2791f,3.3413f,-0.2578f,0.3015f,-1.0081f,-0.2173f,0f,0f,0f,1f],start_interpolation: 0,interpolation_duration: 1}
$data merge entity $(bone_chest1lid) {transformation: [-0.9644f,0.0456f,0.2603f,-0.4367f,0.1149f,0.9594f,0.2576f,2.6241f,-0.238f,0.2783f,-0.9305f,-0.1247f,0f,0f,0f,1f],start_interpolation: 0,interpolation_duration: 1}
$data merge entity $(bone_chest2) {transformation: [-0.9644f,0.0456f,0.2603f,-0.4438f,0.1149f,0.9594f,0.2576f,2.4742f,-0.238f,0.2783f,-0.9305f,-0.1682f,0f,0f,0f,1f],start_interpolation: 0,interpolation_duration: 1}
$data merge entity $(bone_chest1lid3) {transformation: [-0.9644f,0.0456f,0.2603f,-0.2096f,0.1149f,0.9594f,0.2576f,2.7819f,-0.238f,0.2783f,-0.9305f,-0.7059f,0f,0f,0f,1f],start_interpolation: 0,interpolation_duration: 1}
$data merge entity $(bone_chest3) {transformation: [-0.9644f,0.0456f,0.2603f,-0.2168f,0.1149f,0.9594f,0.2576f,2.632f,-0.238f,0.2783f,-0.9305f,-0.7494f,0f,0f,0f,1f],start_interpolation: 0,interpolation_duration: 1}
$data merge entity $(bone_hugeasssword2) {transformation: [-1.0195f,2.9057f,-2.4203f,-1.0407f,-1.0089f,2.2068f,3.0745f,4.6643f,3.6446f,1.4238f,0.174f,-0.4341f,0f,0f,0f,1f],start_interpolation: 0,interpolation_duration: 1}
$data merge entity $(bone_belt) {transformation: [-0.9644f,0.0456f,0.2603f,0.0043f,0.1149f,0.9594f,0.2576f,2.9218f,-0.238f,0.2783f,-0.9305f,-0.1988f,0f,0f,0f,1f],start_interpolation: 0,interpolation_duration: 1}
$data merge entity $(bone_torn_part) {transformation: [-0.9877f,-0.0364f,0.1523f,-0.1437f,-0.0068f,0.9817f,0.1904f,2.6127f,-0.1565f,0.187f,-0.9698f,-0.0792f,0f,0f,0f,1f],start_interpolation: 0,interpolation_duration: 1}
$data merge entity $(bone_lowerbody) {transformation: [-0.9877f,0.0111f,0.1562f,-0.0746f,-0.0068f,0.9935f,-0.1136f,2.1442f,-0.1565f,-0.1133f,-0.9812f,0.1293f,0f,0f,0f,1f],start_interpolation: 0,interpolation_duration: 1}
$data merge entity $(bone_leftfoot) {transformation: [-0.9658f,-0.2299f,-0.1199f,0.523f,-0.2574f,0.9057f,0.3367f,0.2296f,0.0312f,0.3561f,-0.9339f,-0.1808f,0f,0f,0f,1f],start_interpolation: 0,interpolation_duration: 1}
$data merge entity $(bone_leftlowerleg) {transformation: [-0.9658f,-0.2299f,-0.1199f,0.2864f,-0.2574f,0.9057f,0.3367f,1.1826f,0.0312f,0.3561f,-0.9339f,0.3576f,0f,0f,0f,1f],start_interpolation: 0,interpolation_duration: 1}
$data merge entity $(bone_leftleg) {transformation: [-0.9899f,-0.0557f,0.1304f,0.2018f,-0.099f,0.9298f,-0.3544f,2.1149f,-0.1015f,-0.3637f,-0.926f,0.046f,0f,0f,0f,1f],start_interpolation: 0,interpolation_duration: 1}
$data merge entity $(bone_rightfoot) {transformation: [-0.9f,-0.0067f,0.4359f,-0.4159f,0.1557f,0.929f,0.3357f,0.2304f,-0.4072f,0.37f,-0.835f,-0.2187f,0f,0f,0f,1f],start_interpolation: 0,interpolation_duration: 1}
$data merge entity $(bone_rightlowerleg) {transformation: [-0.9f,-0.0067f,0.4359f,-0.4903f,0.1557f,0.929f,0.3357f,1.2095f,-0.4072f,0.37f,-0.835f,0.3201f,0f,0f,0f,1f],start_interpolation: 0,interpolation_duration: 1}
$data merge entity $(bone_rightleg) {transformation: [-0.9496f,0.175f,0.2599f,-0.3109f,0.0482f,0.9012f,-0.4308f,2.1091f,-0.3096f,-0.3965f,-0.8642f,-0.0129f,0f,0f,0f,1f],start_interpolation: 0,interpolation_duration: 1}
data modify entity @s data merge value {"cameras":{},"locators":{"lefthand":{"posx":-0.08535454734474746,"posy":2.8810239494594243,"posz":1.2846022874971434,"roty":151.70723543486886,"rotx":-37.06404976871908},"sword":{"posx":2.367743464488028,"posy":4.710804934196053,"posz":-0.8349099282041208,"roty":253.97217537585345,"rotx":-36.61386142512505},"righthand":{"posx":-0.4770575972676681,"posy":2.511509572469317,"posz":-0.01768102457862686,"roty":253.97217537585345,"rotx":-36.61386142512505},"chest":{"posx":-0.510348264854411,"posy":2.527438503917937,"posz":-0.004138291354361223,"roty":15.628658677497214,"rotx":14.927505948723965}}}