# This file was generated by Animated Java via MC-Build. It is not recommended to edit this file directly.
$data merge entity $(bone_nose) {transformation: [-0.9233f,0.0138f,0.3838f,-0.0206f,0.123f,0.9573f,0.2615f,3.9994f,-0.3639f,0.2887f,-0.8856f,0.249f,0f,0f,0f,1f],start_interpolation: 0,interpolation_duration: 1}
$data merge entity $(bone_glowing_eye) {transformation: [-0.9233f,0.0138f,0.3838f,-0.1484f,0.123f,0.9573f,0.2615f,4.0705f,-0.3639f,0.2887f,-0.8856f,0.254f,0f,0f,0f,1f],start_interpolation: 0,interpolation_duration: 1}
$data merge entity $(bone_head) {transformation: [-0.9233f,0.0138f,0.3838f,0.0496f,0.123f,0.9573f,0.2615f,3.9302f,-0.3639f,0.2887f,-0.8856f,0.0476f,0f,0f,0f,1f],start_interpolation: 0,interpolation_duration: 1}
$data merge entity $(bone_leftthumb2) {transformation: [-0.2109f,0.893f,0.3977f,-0.301f,-0.7257f,0.1296f,-0.6757f,2.753f,-0.6549f,-0.4311f,0.6207f,0.9333f,0f,0f,0f,1f],start_interpolation: 0,interpolation_duration: 1}
$data merge entity $(bone_leftthumb) {transformation: [-0.2109f,0.893f,0.3977f,-0.048f,-0.7257f,0.1296f,-0.6757f,2.727f,-0.6549f,-0.4311f,0.6207f,0.8807f,0f,0f,0f,1f],start_interpolation: 0,interpolation_duration: 1}
$data merge entity $(bone_leftpointerfinger) {transformation: [0.3605f,0.8437f,0.3977f,-0.2993f,-0.5071f,0.5351f,-0.6757f,2.7322f,-0.7829f,0.0419f,0.6207f,1.1228f,0f,0f,0f,1f],start_interpolation: 0,interpolation_duration: 1}
$data merge entity $(bone_leftmidfinger) {transformation: [0.2894f,0.8707f,0.3977f,-0.2372f,-0.5496f,0.4913f,-0.6757f,2.6266f,-0.7837f,-0.0231f,0.6207f,1.2198f,0f,0f,0f,1f],start_interpolation: 0,interpolation_duration: 1}
$data merge entity $(bone_leftringfinger) {transformation: [0.2894f,0.8707f,0.3977f,-0.175f,-0.5496f,0.4913f,-0.6757f,2.521f,-0.7837f,-0.0231f,0.6207f,1.3168f,0f,0f,0f,1f],start_interpolation: 0,interpolation_duration: 1}
$data merge entity $(bone_invisibility) {transformation: [0.9242f,-0.3184f,0.2109f,-0.2536f,0.0702f,0.6844f,0.7257f,2.6314f,-0.3754f,-0.656f,0.6549f,0.9335f,0f,0f,0f,1f],start_interpolation: 0,interpolation_duration: 1}
$data merge entity $(bone_swiftness) {transformation: [0.3977f,0.893f,0.2109f,-0.3109f,-0.6757f,0.1296f,0.7257f,2.4494f,0.6207f,-0.4311f,0.6549f,1.0742f,0f,0f,0f,1f],start_interpolation: 0,interpolation_duration: 1}
$data merge entity $(bone_suspicious_stew) {transformation: [0.9774f,0.0169f,0.2109f,-0.2209f,-0.1681f,0.6671f,0.7257f,2.4986f,-0.1284f,-0.7448f,0.6549f,1.0701f,0f,0f,0f,1f],start_interpolation: 0,interpolation_duration: 1}
$data merge entity $(bone_log) {transformation: [-0.2109f,0.893f,0.3977f,-0.1104f,-0.7257f,0.1296f,-0.6757f,2.4151f,-0.6549f,-0.4311f,0.6207f,0.9839f,0f,0f,0f,1f],start_interpolation: 0,interpolation_duration: 1}
$data merge entity $(bone_planks) {transformation: [-0.2109f,0.893f,0.3977f,-0.1302f,-0.7257f,0.1296f,-0.6757f,2.3471f,-0.6549f,-0.4311f,0.6207f,0.9225f,0f,0f,0f,1f],start_interpolation: 0,interpolation_duration: 1}
$data merge entity $(bone_lefthand1) {transformation: [-0.2109f,0.893f,0.3977f,0.1531f,-0.7257f,0.1296f,-0.6757f,2.6501f,-0.6549f,-0.4311f,0.6207f,1.0205f,0f,0f,0f,1f],start_interpolation: 0,interpolation_duration: 1}
$data merge entity $(bone_leftforearm) {transformation: [0.0909f,0.9138f,0.3959f,0.8055f,-0.6538f,0.3546f,-0.6684f,2.8642f,-0.7512f,-0.1981f,0.6297f,0.8132f,0f,0f,0f,1f],start_interpolation: 0,interpolation_duration: 1}
$data merge entity $(bone_leftelbow) {transformation: [0.0909f,0.9138f,0.3959f,0.9768f,-0.6538f,0.3546f,-0.6684f,2.9307f,-0.7512f,-0.1981f,0.6297f,0.776f,0f,0f,0f,1f],start_interpolation: 0,interpolation_duration: 1}
$data merge entity $(bone_leftarm) {transformation: [-0.1974f,0.1408f,0.9701f,0.8028f,-0.5692f,0.7893f,-0.2304f,3.2855f,-0.7982f,-0.5977f,-0.0756f,0.2412f,0f,0f,0f,1f],start_interpolation: 0,interpolation_duration: 1}
$data merge entity $(bone_rightthumb2) {transformation: [0.0217f,-0.5159f,-0.8564f,-0.2612f,-0.0346f,0.8557f,-0.5164f,2.52f,0.9992f,0.0408f,0.0007f,0.0603f,0f,0f,0f,1f],start_interpolation: 0,interpolation_duration: 1}
$data merge entity $(bone_rightthumb) {transformation: [0.0217f,-0.5159f,-0.8564f,-0.4609f,-0.0346f,0.8557f,-0.5164f,2.6857f,0.9992f,0.0408f,0.0007f,0.0704f,0f,0f,0f,1f],start_interpolation: 0,interpolation_duration: 1}
$data merge entity $(bone_rightpointerfinger) {transformation: [0.1104f,-0.5044f,-0.8564f,-0.3293f,-0.1817f,0.8369f,-0.5164f,2.377f,0.9771f,0.2126f,0.0007f,0.1663f,0f,0f,0f,1f],start_interpolation: 0,interpolation_duration: 1}
$data merge entity $(bone_rightmidfinger) {transformation: [0.1323f,-0.4991f,-0.8564f,-0.4632f,-0.2181f,0.8281f,-0.5164f,2.2963f,0.9669f,0.2551f,0.0007f,0.1665f,0f,0f,0f,1f],start_interpolation: 0,interpolation_duration: 1}
$data merge entity $(bone_rightringfinger) {transformation: [0.1251f,-0.501f,-0.8564f,-0.597f,-0.2061f,0.8312f,-0.5164f,2.2156f,0.9705f,0.2411f,0.0007f,0.1666f,0f,0f,0f,1f],start_interpolation: 0,interpolation_duration: 1}
$data merge entity $(bone_hugeasssword) {transformation: [0.085f,-2.0207f,-3.3541f,-0.5603f,-0.1355f,3.3514f,-2.0224f,2.4874f,3.9134f,0.16f,0.0028f,-0.0907f,0f,0f,0f,1f],start_interpolation: 0,interpolation_duration: 1}
$data merge entity $(bone_ice) {transformation: [0.0217f,-0.5159f,-0.8564f,-0.5526f,-0.0346f,0.8557f,-0.5164f,2.4745f,0.9992f,0.0408f,0.0007f,-0.1069f,0f,0f,0f,1f],start_interpolation: 0,interpolation_duration: 1}
$data merge entity $(bone_righthand1) {transformation: [0.0217f,-0.5159f,-0.8564f,-0.7029f,-0.0346f,0.8557f,-0.5164f,2.6637f,0.9992f,0.0408f,0.0007f,0.1531f,0f,0f,0f,1f],start_interpolation: 0,interpolation_duration: 1}
$data merge entity $(bone_rightforearm) {transformation: [0.1125f,-0.7092f,-0.696f,-1.1852f,0.4794f,0.6522f,-0.5871f,3.0993f,0.8703f,-0.2676f,0.4134f,-0.0658f,0f,0f,0f,1f],start_interpolation: 0,interpolation_duration: 1}
$data merge entity $(bone_rightelbow) {transformation: [0.1125f,-0.7092f,-0.696f,-1.3181f,0.4794f,0.6522f,-0.5871f,3.2216f,0.8703f,-0.2676f,0.4134f,-0.1159f,0f,0f,0f,1f],start_interpolation: 0,interpolation_duration: 1}
$data merge entity $(bone_rightarm) {transformation: [-0.2544f,0.4892f,-0.8342f,-0.8041f,0.5003f,0.8048f,0.3194f,3.5046f,0.8276f,-0.3361f,-0.4495f,-0.4393f,0f,0f,0f,1f],start_interpolation: 0,interpolation_duration: 1}
$data merge entity $(bone_chest1) {transformation: [-1.0002f,0.015f,0.4158f,0.0697f,0.1333f,1.0371f,0.2833f,3.3232f,-0.3942f,0.3127f,-0.9594f,-0.2152f,0f,0f,0f,1f],start_interpolation: 0,interpolation_duration: 1}
$data merge entity $(bone_chest1lid) {transformation: [-0.9233f,0.0138f,0.3838f,-0.4051f,0.123f,0.9573f,0.2615f,2.6086f,-0.3639f,0.2887f,-0.8856f,-0.1902f,0f,0f,0f,1f],start_interpolation: 0,interpolation_duration: 1}
$data merge entity $(bone_chest2) {transformation: [-0.9233f,0.0138f,0.3838f,-0.4073f,0.123f,0.9573f,0.2615f,2.459f,-0.3639f,0.2887f,-0.8856f,-0.2353f,0f,0f,0f,1f],start_interpolation: 0,interpolation_duration: 1}
$data merge entity $(bone_chest1lid3) {transformation: [-0.9233f,0.0138f,0.3838f,-0.1015f,0.123f,0.9573f,0.2615f,2.7685f,-0.3639f,0.2887f,-0.8856f,-0.7347f,0f,0f,0f,1f],start_interpolation: 0,interpolation_duration: 1}
$data merge entity $(bone_chest3) {transformation: [-0.9233f,0.0138f,0.3838f,-0.1037f,0.123f,0.9573f,0.2615f,2.6189f,-0.3639f,0.2887f,-0.8856f,-0.7799f,0f,0f,0f,1f],start_interpolation: 0,interpolation_duration: 1}
$data merge entity $(bone_hugeasssword2) {transformation: [-1.5034f,2.7027f,-2.4032f,-0.9501f,-1.0243f,2.1778f,3.09f,4.6549f,3.4686f,1.8146f,-0.1291f,-0.5631f,0f,0f,0f,1f],start_interpolation: 0,interpolation_duration: 1}
$data merge entity $(bone_belt) {transformation: [-0.9233f,0.0138f,0.3838f,0.0436f,0.123f,0.9573f,0.2615f,2.9037f,-0.3639f,0.2887f,-0.8856f,-0.2026f,0f,0f,0f,1f],start_interpolation: 0,interpolation_duration: 1}
$data merge entity $(bone_torn_part) {transformation: [-0.9804f,-0.0427f,0.1922f,-0.1194f,-0.0096f,0.9853f,0.1703f,2.5915f,-0.1966f,0.1651f,-0.9665f,-0.0851f,0f,0f,0f,1f],start_interpolation: 0,interpolation_duration: 1}
$data merge entity $(bone_lowerbody) {transformation: [-0.9804f,0.017f,0.1961f,-0.0596f,-0.0096f,0.991f,-0.1339f,2.1274f,-0.1966f,-0.1331f,-0.9714f,0.1357f,0f,0f,0f,1f],start_interpolation: 0,interpolation_duration: 1}
$data merge entity $(bone_leftfoot) {transformation: [-0.9668f,-0.232f,-0.1074f,0.5208f,-0.2555f,0.8938f,0.3685f,0.2376f,0.0105f,0.3837f,-0.9234f,-0.1831f,0f,0f,0f,1f],start_interpolation: 0,interpolation_duration: 1}
$data merge entity $(bone_leftlowerleg) {transformation: [-0.9668f,-0.232f,-0.1074f,0.2799f,-0.2555f,0.8938f,0.3685f,1.1726f,0.0105f,0.3837f,-0.9234f,0.3844f,0f,0f,0f,1f],start_interpolation: 0,interpolation_duration: 1}
$data merge entity $(bone_leftleg) {transformation: [-0.9897f,-0.0348f,0.1391f,0.2148f,-0.0843f,0.9262f,-0.3674f,2.0976f,-0.1161f,-0.3754f,-0.9196f,0.0635f,0f,0f,0f,1f],start_interpolation: 0,interpolation_duration: 1}
$data merge entity $(bone_rightfoot) {transformation: [-0.8986f,-0.0101f,0.4387f,-0.4194f,0.1611f,0.9223f,0.3512f,0.2348f,-0.4082f,0.3863f,-0.8272f,-0.2296f,0f,0f,0f,1f],start_interpolation: 0,interpolation_duration: 1}
$data merge entity $(bone_rightlowerleg) {transformation: [-0.8986f,-0.0101f,0.4387f,-0.498f,0.1611f,0.9223f,0.3512f,1.204f,-0.4082f,0.3863f,-0.8272f,0.326f,0f,0f,0f,1f],start_interpolation: 0,interpolation_duration: 1}
$data merge entity $(bone_rightleg) {transformation: [-0.9383f,0.2014f,0.281f,-0.2932f,0.0551f,0.8895f,-0.4537f,2.0884f,-0.3413f,-0.4102f,-0.8457f,-0.0156f,0f,0f,0f,1f],start_interpolation: 0,interpolation_duration: 1}
data modify entity @s data merge value {"cameras":{},"locators":{"lefthand":{"posx":-0.1666158538993488,"posy":2.4835926894042784,"posz":1.0692904301866275,"roty":147.35262832880906,"rotx":-42.50526822262811},"sword":{"posx":2.628715774616224,"posy":4.370099582568635,"posz":-0.016520521601053176,"roty":269.9523070716469,"rotx":-31.089005679588592},"righthand":{"posx":-0.5291334382331652,"posy":2.4659888480205385,"posz":-0.013891931636434818,"roty":269.9523070716469,"rotx":-31.089005679588592},"chest":{"posx":-0.4948283099121887,"posy":2.5117717648261526,"posz":-0.0811924476277664,"roty":23.433531085718755,"rotx":15.160269885269232}}}