# This file was generated by Animated Java via MC-Build. It is not recommended to edit this file directly.
$data merge entity $(bone_nose) {transformation: [-0.7969f,0.0012f,0.6042f,0.0232f,0.1458f,0.9708f,0.1903f,4.1206f,-0.5863f,0.2398f,-0.7738f,0.281f,0f,0f,0f,1f],start_interpolation: 0,interpolation_duration: 1}
$data merge entity $(bone_glowing_eye) {transformation: [-0.7969f,0.0012f,0.6042f,-0.0974f,0.1458f,0.9708f,0.1903f,4.1979f,-0.5863f,0.2398f,-0.7738f,0.2509f,0f,0f,0f,1f],start_interpolation: 0,interpolation_duration: 1}
$data merge entity $(bone_head) {transformation: [-0.7969f,0.0012f,0.6042f,0.1362f,0.1458f,0.9708f,0.1903f,4.0364f,-0.5863f,0.2398f,-0.7738f,0.1065f,0f,0f,0f,1f],start_interpolation: 0,interpolation_duration: 1}
$data merge entity $(bone_leftthumb2) {transformation: [0.6424f,0.601f,0.4754f,-0.1701f,-0.2216f,0.7396f,-0.6355f,2.4485f,-0.7336f,0.3029f,0.6083f,0.4804f,0f,0f,0f,1f],start_interpolation: 0,interpolation_duration: 1}
$data merge entity $(bone_leftthumb) {transformation: [0.6424f,0.601f,0.4754f,0.0179f,-0.2216f,0.7396f,-0.6355f,2.5756f,-0.7336f,0.3029f,0.6083f,0.6067f,0f,0f,0f,1f],start_interpolation: 0,interpolation_duration: 1}
$data merge entity $(bone_leftpointerfinger) {transformation: [0.8773f,0.0659f,0.4754f,-0.2273f,0.2907f,0.7153f,-0.6355f,2.3274f,-0.3819f,0.6957f,0.6083f,0.616f,0f,0f,0f,1f],start_interpolation: 0,interpolation_duration: 1}
$data merge entity $(bone_leftmidfinger) {transformation: [0.8681f,0.143f,0.4754f,-0.153f,0.2264f,0.7381f,-0.6355f,2.2281f,-0.4418f,0.6593f,0.6083f,0.7111f,0f,0f,0f,1f],start_interpolation: 0,interpolation_duration: 1}
$data merge entity $(bone_leftringfinger) {transformation: [0.8681f,0.143f,0.4754f,-0.0787f,0.2264f,0.7381f,-0.6355f,2.1288f,-0.4418f,0.6593f,0.6083f,0.8061f,0f,0f,0f,1f],start_interpolation: 0,interpolation_duration: 1}
$data merge entity $(bone_invisibility) {transformation: [0.6402f,-0.4212f,-0.6424f,-0.0559f,0.6814f,0.6976f,0.2216f,2.3866f,0.3548f,-0.5796f,0.7336f,0.4926f,0f,0f,0f,1f],start_interpolation: 0,interpolation_duration: 1}
$data merge entity $(bone_swiftness) {transformation: [0.4754f,0.601f,-0.6424f,-0.0147f,-0.6355f,0.7396f,0.2216f,2.1557f,0.6083f,0.3029f,0.7336f,0.5274f,0f,0f,0f,1f],start_interpolation: 0,interpolation_duration: 1}
$data merge entity $(bone_suspicious_stew) {transformation: [0.7456f,-0.1769f,-0.6424f,0.005f,0.4017f,0.8885f,0.2216f,2.2328f,0.5316f,-0.4233f,0.7336f,0.5925f,0f,0f,0f,1f],start_interpolation: 0,interpolation_duration: 1}
$data merge entity $(bone_log) {transformation: [0.6424f,0.601f,0.4754f,0.1627f,-0.2216f,0.7396f,-0.6355f,2.2746f,-0.7336f,0.3029f,0.6083f,0.5901f,0f,0f,0f,1f],start_interpolation: 0,interpolation_duration: 1}
$data merge entity $(bone_planks) {transformation: [0.6424f,0.601f,0.4754f,0.2229f,-0.2216f,0.7396f,-0.6355f,2.2539f,-0.7336f,0.3029f,0.6083f,0.5213f,0f,0f,0f,1f],start_interpolation: 0,interpolation_duration: 1}
$data merge entity $(bone_lefthand1) {transformation: [0.6424f,0.601f,0.4754f,0.1375f,-0.2216f,0.7396f,-0.6355f,2.5348f,-0.7336f,0.3029f,0.6083f,0.8302f,0f,0f,0f,1f],start_interpolation: 0,interpolation_duration: 1}
$data merge entity $(bone_leftforearm) {transformation: [0.3168f,0.9042f,0.2863f,0.7669f,-0.4083f,0.4025f,-0.8193f,2.8096f,-0.8561f,0.1426f,0.4967f,0.8701f,0f,0f,0f,1f],start_interpolation: 0,interpolation_duration: 1}
$data merge entity $(bone_leftelbow) {transformation: [0.3168f,0.9042f,0.2863f,0.9364f,-0.4083f,0.4025f,-0.8193f,2.885f,-0.8561f,0.1426f,0.4967f,0.8969f,0f,0f,0f,1f],start_interpolation: 0,interpolation_duration: 1}
$data merge entity $(bone_leftarm) {transformation: [0.0244f,0.1427f,0.9895f,0.8097f,-0.3127f,0.9412f,-0.128f,3.3828f,-0.9495f,-0.3063f,0.0676f,0.4538f,0f,0f,0f,1f],start_interpolation: 0,interpolation_duration: 1}
$data merge entity $(bone_rightthumb2) {transformation: [-0.9435f,0.051f,-0.3275f,-1.0854f,0.045f,0.9987f,0.0258f,2.4398f,0.3283f,0.0096f,-0.9445f,-0.6378f,0f,0f,0f,1f],start_interpolation: 0,interpolation_duration: 1}
$data merge entity $(bone_rightthumb) {transformation: [-0.9435f,0.051f,-0.3275f,-1.1009f,0.045f,0.9987f,0.0258f,2.687f,0.3283f,0.0096f,-0.9445f,-0.7162f,0f,0f,0f,1f],start_interpolation: 0,interpolation_duration: 1}
$data merge entity $(bone_rightpointerfinger) {transformation: [-0.9286f,-0.1747f,-0.3275f,-1.2362f,-0.1937f,0.9807f,0.0258f,2.3654f,0.3166f,0.0874f,-0.9445f,-0.7277f,0f,0f,0f,1f],start_interpolation: 0,interpolation_duration: 1}
$data merge entity $(bone_rightmidfinger) {transformation: [-0.9201f,-0.2151f,-0.3275f,-1.2874f,-0.2363f,0.9713f,0.0258f,2.3694f,0.3125f,0.1011f,-0.9445f,-0.8753f,0f,0f,0f,1f],start_interpolation: 0,interpolation_duration: 1}
$data merge entity $(bone_rightringfinger) {transformation: [-0.9245f,-0.195f,-0.3275f,-1.3385f,-0.215f,0.9763f,0.0258f,2.3735f,0.3147f,0.0943f,-0.9445f,-1.0228f,0f,0f,0f,1f],start_interpolation: 0,interpolation_duration: 1}
$data merge entity $(bone_hugeasssword) {transformation: [-3.6953f,0.1996f,-1.2826f,-1.0213f,0.1762f,3.9114f,0.1011f,2.5599f,1.286f,0.0377f,-3.6993f,-0.9458f,0f,0f,0f,1f],start_interpolation: 0,interpolation_duration: 1}
$data merge entity $(bone_ice) {transformation: [-0.9435f,0.051f,-0.3275f,-1.0073f,0.045f,0.9987f,0.0258f,2.5436f,0.3283f,0.0096f,-0.9445f,-0.951f,0f,0f,0f,1f],start_interpolation: 0,interpolation_duration: 1}
$data merge entity $(bone_righthand1) {transformation: [-0.9435f,0.051f,-0.3275f,-1.2407f,0.045f,0.9987f,0.0258f,2.8053f,0.3283f,0.0096f,-0.9445f,-0.8961f,0f,0f,0f,1f],start_interpolation: 0,interpolation_duration: 1}
$data merge entity $(bone_rightforearm) {transformation: [-0.8187f,0.2367f,-0.5231f,-1.0348f,0.292f,0.9561f,-0.0244f,3.4542f,0.4944f,-0.1727f,-0.8519f,-1.0262f,0f,0f,0f,1f],start_interpolation: 0,interpolation_duration: 1}
$data merge entity $(bone_rightelbow) {transformation: [-0.8187f,0.2367f,-0.5231f,-0.9904f,0.292f,0.9561f,-0.0244f,3.6334f,0.4944f,-0.1727f,-0.8519f,-1.0586f,0f,0f,0f,1f],start_interpolation: 0,interpolation_duration: 1}
$data merge entity $(bone_rightarm) {transformation: [-0.8301f,0.5106f,0.224f,-0.5358f,0.4975f,0.4968f,0.7112f,3.6631f,0.2519f,0.7018f,-0.6664f,-0.6118f,0f,0f,0f,1f],start_interpolation: 0,interpolation_duration: 1}
$data merge entity $(bone_chest1) {transformation: [-0.8633f,0.0013f,0.6545f,0.1829f,0.158f,1.0517f,0.2062f,3.4148f,-0.6352f,0.2597f,-0.8383f,-0.1155f,0f,0f,0f,1f],start_interpolation: 0,interpolation_duration: 1}
$data merge entity $(bone_chest1lid) {transformation: [-0.7969f,0.0012f,0.6042f,-0.3264f,0.1458f,0.9708f,0.1903f,2.7266f,-0.5863f,0.2398f,-0.7738f,-0.1768f,0f,0f,0f,1f],start_interpolation: 0,interpolation_duration: 1}
$data merge entity $(bone_chest2) {transformation: [-0.7969f,0.0012f,0.6042f,-0.3266f,0.1458f,0.9708f,0.1903f,2.5749f,-0.5863f,0.2398f,-0.7738f,-0.2142f,0f,0f,0f,1f],start_interpolation: 0,interpolation_duration: 1}
$data merge entity $(bone_chest1lid3) {transformation: [-0.7969f,0.0012f,0.6042f,0.1104f,0.1458f,0.9708f,0.1903f,2.8394f,-0.5863f,0.2398f,-0.7738f,-0.6358f,0f,0f,0f,1f],start_interpolation: 0,interpolation_duration: 1}
$data merge entity $(bone_chest3) {transformation: [-0.7969f,0.0012f,0.6042f,0.1102f,0.1458f,0.9708f,0.1903f,2.6877f,-0.5863f,0.2398f,-0.7738f,-0.6733f,0f,0f,0f,1f],start_interpolation: 0,interpolation_duration: 1}
$data merge entity $(bone_hugeasssword2) {transformation: [-2.3663f,2.3043f,-2.105f,-0.6374f,-0.7455f,2.1478f,3.1893f,4.7713f,3.0307f,2.3275f,-0.859f,-0.7647f,0f,0f,0f,1f],start_interpolation: 0,interpolation_duration: 1}
$data merge entity $(bone_belt) {transformation: [-0.7969f,0.0012f,0.6042f,0.1288f,0.1458f,0.9708f,0.1903f,2.9985f,-0.5863f,0.2398f,-0.7738f,-0.091f,0f,0f,0f,1f],start_interpolation: 0,interpolation_duration: 1}
$data merge entity $(bone_torn_part) {transformation: [-0.9211f,-0.1082f,0.374f,-0.0486f,-0.0088f,0.9661f,0.2579f,2.7006f,-0.3892f,0.2342f,-0.8909f,-0.0811f,0f,0f,0f,1f],start_interpolation: 0,interpolation_duration: 1}
$data merge entity $(bone_lowerbody) {transformation: [-0.9211f,0.0093f,0.3892f,-0.0179f,-0.0088f,0.999f,-0.0446f,2.22f,-0.3892f,-0.0445f,-0.9201f,0.108f,0f,0f,0f,1f],start_interpolation: 0,interpolation_duration: 1}
$data merge entity $(bone_leftfoot) {transformation: [-0.9606f,-0.2462f,0.1289f,0.5572f,-0.1986f,0.9326f,0.3014f,0.2262f,-0.1944f,0.2639f,-0.9448f,-0.1923f,0f,0f,0f,1f],start_interpolation: 0,interpolation_duration: 1}
$data merge entity $(bone_leftlowerleg) {transformation: [-0.9606f,-0.2462f,0.1289f,0.2643f,-0.1986f,0.9326f,0.3014f,1.2145f,-0.1944f,0.2639f,-0.9448f,0.2457f,0f,0f,0f,1f],start_interpolation: 0,interpolation_duration: 1}
$data merge entity $(bone_leftleg) {transformation: [-0.9411f,0.0368f,0.336f,0.2628f,-0.0361f,0.9775f,-0.2081f,2.212f,-0.3361f,-0.2079f,-0.9186f,0.073f,0f,0f,0f,1f],start_interpolation: 0,interpolation_duration: 1}
$data merge entity $(bone_rightfoot) {transformation: [-0.9078f,0.0088f,0.4194f,-0.4198f,0.1099f,0.9699f,0.2175f,0.2113f,-0.4048f,0.2435f,-0.8814f,-0.2786f,0f,0f,0f,1f],start_interpolation: 0,interpolation_duration: 1}
$data merge entity $(bone_rightlowerleg) {transformation: [-0.9078f,0.0088f,0.4194f,-0.4744f,0.1099f,0.9699f,0.2175f,1.2538f,-0.4048f,0.2435f,-0.8814f,0.1269f,0f,0f,0f,1f],start_interpolation: 0,interpolation_duration: 1}
$data merge entity $(bone_rightleg) {transformation: [-0.8977f,0.242f,0.3682f,-0.2241f,0.0983f,0.9246f,-0.368f,2.1894f,-0.4295f,-0.2941f,-0.8538f,-0.1006f,0f,0f,0f,1f],start_interpolation: 0,interpolation_duration: 1}
data modify entity @s data merge value {"cameras":{},"locators":{"lefthand":{"posx":0.04806185242153589,"posy":2.247565355108913,"posz":0.62566310609694,"roty":141.99255279954002,"rotx":-39.459205707289016},"sword":{"posx":0.11607536953248476,"posy":2.4366087155155944,"posz":2.577223240459425,"roty":340.87819186877806,"rotx":1.4797846680890823},"righthand":{"posx":-1.0914639780407656,"posy":2.531835613380001,"posz":-0.9056544220468963,"roty":340.87819186877806,"rotx":1.4797846680890823},"chest":{"posx":-0.44582094967504116,"posy":2.6407462128943275,"posz":-0.08917276754475581,"roty":37.98185885095353,"rotx":10.972286737822003}}}