# This file was generated by Animated Java via MC-Build. It is not recommended to edit this file directly.
$data merge entity $(bone_nose) {transformation: [-0.7499f,-0.0382f,0.6605f,0.0193f,0.153f,0.9612f,0.2294f,4.0987f,-0.6437f,0.2731f,-0.7149f,0.3365f,0f,0f,0f,1f],start_interpolation: 0,interpolation_duration: 1}
$data merge entity $(bone_glowing_eye) {transformation: [-0.7499f,-0.0382f,0.6605f,-0.1001f,0.153f,0.9612f,0.2294f,4.1749f,-0.6437f,0.2731f,-0.7149f,0.2995f,0f,0f,0f,1f],start_interpolation: 0,interpolation_duration: 1}
$data merge entity $(bone_head) {transformation: [-0.7499f,-0.0382f,0.6605f,0.1477f,0.153f,0.9612f,0.2294f,4.023f,-0.6437f,0.2731f,-0.7149f,0.1689f,0f,0f,0f,1f],start_interpolation: 0,interpolation_duration: 1}
$data merge entity $(bone_leftthumb2) {transformation: [0.776f,0.4966f,0.3888f,-0.0613f,-0.1564f,0.7488f,-0.6441f,2.4096f,-0.611f,0.439f,0.6587f,0.4367f,0f,0f,0f,1f],start_interpolation: 0,interpolation_duration: 1}
$data merge entity $(bone_leftthumb) {transformation: [0.776f,0.4966f,0.3888f,0.0937f,-0.1564f,0.7488f,-0.6441f,2.5382f,-0.611f,0.439f,0.6587f,0.6007f,0f,0f,0f,1f],start_interpolation: 0,interpolation_duration: 1}
$data merge entity $(bone_leftpointerfinger) {transformation: [0.9125f,-0.1269f,0.3888f,-0.1359f,0.3677f,0.6707f,-0.6441f,2.2794f,-0.1791f,0.7307f,0.6587f,0.5543f,0f,0f,0f,1f],start_interpolation: 0,interpolation_duration: 1}
$data merge entity $(bone_leftmidfinger) {transformation: [0.9203f,-0.0423f,0.3888f,-0.0752f,0.3044f,0.7018f,-0.6441f,2.1788f,-0.2456f,0.7111f,0.6587f,0.6573f,0f,0f,0f,1f],start_interpolation: 0,interpolation_duration: 1}
$data merge entity $(bone_leftringfinger) {transformation: [0.9203f,-0.0423f,0.3888f,-0.0144f,0.3044f,0.7018f,-0.6441f,2.0782f,-0.2456f,0.7111f,0.6587f,0.7602f,0f,0f,0f,1f],start_interpolation: 0,interpolation_duration: 1}
$data merge entity $(bone_invisibility) {transformation: [0.5286f,-0.3441f,-0.776f,0.0517f,0.6898f,0.7069f,0.1564f,2.3521f,0.4948f,-0.618f,0.611f,0.4672f,0f,0f,0f,1f],start_interpolation: 0,interpolation_duration: 1}
$data merge entity $(bone_swiftness) {transformation: [0.3888f,0.4966f,-0.776f,0.0978f,-0.6441f,0.7488f,0.1564f,2.1218f,0.6587f,0.439f,0.611f,0.4994f,0f,0f,0f,1f],start_interpolation: 0,interpolation_duration: 1}
$data merge entity $(bone_suspicious_stew) {transformation: [0.6144f,-0.1425f,-0.776f,0.1014f,0.4064f,0.9002f,0.1564f,2.1963f,0.6763f,-0.4115f,0.611f,0.5701f,0f,0f,0f,1f],start_interpolation: 0,interpolation_duration: 1}
$data merge entity $(bone_log) {transformation: [0.776f,0.4966f,0.3888f,0.2544f,-0.1564f,0.7488f,-0.6441f,2.245f,-0.611f,0.439f,0.6587f,0.5986f,0f,0f,0f,1f],start_interpolation: 0,interpolation_duration: 1}
$data merge entity $(bone_planks) {transformation: [0.776f,0.4966f,0.3888f,0.3272f,-0.1564f,0.7488f,-0.6441f,2.2303f,-0.611f,0.439f,0.6587f,0.5413f,0f,0f,0f,1f],start_interpolation: 0,interpolation_duration: 1}
$data merge entity $(bone_lefthand1) {transformation: [0.776f,0.4966f,0.3888f,0.1724f,-0.1564f,0.7488f,-0.6441f,2.4914f,-0.611f,0.439f,0.6587f,0.8405f,0f,0f,0f,1f],start_interpolation: 0,interpolation_duration: 1}
$data merge entity $(bone_leftforearm) {transformation: [0.3844f,0.8828f,0.27f,0.786f,-0.3623f,0.4133f,-0.8355f,2.7762f,-0.8491f,0.2233f,0.4787f,0.9356f,0f,0f,0f,1f],start_interpolation: 0,interpolation_duration: 1}
$data merge entity $(bone_leftelbow) {transformation: [0.3844f,0.8828f,0.27f,0.9515f,-0.3623f,0.4133f,-0.8355f,2.8536f,-0.8491f,0.2233f,0.4787f,0.9775f,0f,0f,0f,1f],start_interpolation: 0,interpolation_duration: 1}
$data merge entity $(bone_leftarm) {transformation: [0.0858f,0.0948f,0.9918f,0.8079f,-0.2674f,0.9611f,-0.0688f,3.369f,-0.9598f,-0.2593f,0.1078f,0.5463f,0f,0f,0f,1f],start_interpolation: 0,interpolation_duration: 1}
$data merge entity $(bone_rightthumb2) {transformation: [-0.78f,0.6247f,-0.0373f,-1.0291f,0.6243f,0.7808f,0.0232f,2.5932f,0.0436f,-0.0053f,-0.999f,-0.9072f,0f,0f,0f,1f],start_interpolation: 0,interpolation_duration: 1}
$data merge entity $(bone_rightthumb) {transformation: [-0.78f,0.6247f,-0.0373f,-0.8791f,0.6243f,0.7808f,0.0232f,2.7866f,0.0436f,-0.0053f,-0.999f,-0.9938f,0f,0f,0f,1f],start_interpolation: 0,interpolation_duration: 1}
$data merge entity $(bone_rightpointerfinger) {transformation: [-0.926f,0.3757f,-0.0373f,-1.1712f,0.375f,0.9267f,0.0232f,2.5998f,0.0433f,0.0074f,-0.999f,-1.0342f,0f,0f,0f,1f],start_interpolation: 0,interpolation_duration: 1}
$data merge entity $(bone_rightmidfinger) {transformation: [-0.9415f,0.3349f,-0.0373f,-1.177f,0.3342f,0.9422f,0.0232f,2.6034f,0.0429f,0.0093f,-0.999f,-1.1903f,0f,0f,0f,1f],start_interpolation: 0,interpolation_duration: 1}
$data merge entity $(bone_rightringfinger) {transformation: [-0.932f,0.3605f,-0.0373f,-1.1828f,0.3599f,0.9327f,0.0232f,2.607f,0.0432f,0.0081f,-0.999f,-1.3464f,0f,0f,0f,1f],start_interpolation: 0,interpolation_duration: 1}
$data merge entity $(bone_hugeasssword) {transformation: [-3.0548f,2.4468f,-0.1462f,-0.8423f,2.4452f,3.0583f,0.0907f,2.5958f,0.1708f,-0.0206f,-3.9129f,-1.1873f,0f,0f,0f,1f],start_interpolation: 0,interpolation_duration: 1}
$data merge entity $(bone_ice) {transformation: [-0.78f,0.6247f,-0.0373f,-0.8399f,0.6243f,0.7808f,0.0232f,2.5739f,0.0436f,-0.0053f,-0.999f,-1.1879f,0f,0f,0f,1f],start_interpolation: 0,interpolation_duration: 1}
$data merge entity $(bone_righthand1) {transformation: [-0.78f,0.6247f,-0.0373f,-0.8799f,0.6243f,0.7808f,0.0232f,2.9259f,0.0436f,-0.0053f,-0.999f,-1.2095f,0f,0f,0f,1f],start_interpolation: 0,interpolation_duration: 1}
$data merge entity $(bone_rightforearm) {transformation: [-0.9628f,0.1568f,-0.22f,-0.6609f,0.1574f,0.9874f,0.0148f,3.6102f,0.2196f,-0.0203f,-0.9754f,-1.2275f,0f,0f,0f,1f],start_interpolation: 0,interpolation_duration: 1}
$data merge entity $(bone_rightelbow) {transformation: [-0.9628f,0.1568f,-0.22f,-0.6315f,0.1574f,0.9874f,0.0148f,3.7954f,0.2196f,-0.0203f,-0.9754f,-1.2313f,0f,0f,0f,1f],start_interpolation: 0,interpolation_duration: 1}
$data merge entity $(bone_rightarm) {transformation: [-0.904f,0.1181f,0.4108f,-0.4096f,0.427f,0.2933f,0.8554f,3.6937f,-0.0195f,0.9487f,-0.3156f,-0.6108f,0f,0f,0f,1f],start_interpolation: 0,interpolation_duration: 1}
$data merge entity $(bone_chest1) {transformation: [-0.8123f,-0.0414f,0.7155f,0.225f,0.1658f,1.0413f,0.2485f,3.4109f,-0.6973f,0.2958f,-0.7745f,-0.0703f,0f,0f,0f,1f],start_interpolation: 0,interpolation_duration: 1}
$data merge entity $(bone_chest1lid) {transformation: [-0.7499f,-0.0382f,0.6605f,-0.2634f,0.153f,0.9612f,0.2294f,2.7164f,-0.6437f,0.2731f,-0.7149f,-0.1969f,0f,0f,0f,1f],start_interpolation: 0,interpolation_duration: 1}
$data merge entity $(bone_chest2) {transformation: [-0.7499f,-0.0382f,0.6605f,-0.2574f,0.153f,0.9612f,0.2294f,2.5662f,-0.6437f,0.2731f,-0.7149f,-0.2396f,0f,0f,0f,1f],start_interpolation: 0,interpolation_duration: 1}
$data merge entity $(bone_chest1lid3) {transformation: [-0.7499f,-0.0382f,0.6605f,0.2066f,0.153f,0.9612f,0.2294f,2.8538f,-0.6437f,0.2731f,-0.7149f,-0.6147f,0f,0f,0f,1f],start_interpolation: 0,interpolation_duration: 1}
$data merge entity $(bone_chest3) {transformation: [-0.7499f,-0.0382f,0.6605f,0.2126f,0.153f,0.9612f,0.2294f,2.7036f,-0.6437f,0.2731f,-0.7149f,-0.6574f,0f,0f,0f,1f],start_interpolation: 0,interpolation_duration: 1}
$data merge entity $(bone_hugeasssword2) {transformation: [-2.5869f,2.0641f,-2.0946f,-0.5683f,-0.8984f,2.1016f,3.1806f,4.7755f,2.8002f,2.5813f,-0.9146f,-0.7359f,0f,0f,0f,1f],start_interpolation: 0,interpolation_duration: 1}
$data merge entity $(bone_belt) {transformation: [-0.7499f,-0.0382f,0.6605f,0.1778f,0.153f,0.9612f,0.2294f,2.9931f,-0.6437f,0.2731f,-0.7149f,-0.0649f,0f,0f,0f,1f],start_interpolation: 0,interpolation_duration: 1}
$data merge entity $(bone_torn_part) {transformation: [-0.8986f,-0.1257f,0.4204f,-0.029f,-0.0009f,0.9586f,0.2847f,2.6967f,-0.4387f,0.2555f,-0.8615f,-0.0779f,0f,0f,0f,1f],start_interpolation: 0,interpolation_duration: 1}
$data merge entity $(bone_lowerbody) {transformation: [-0.8986f,0.0065f,0.4387f,-0.0061f,-0.0009f,0.9999f,-0.0167f,2.2109f,-0.4387f,-0.0154f,-0.8985f,0.0988f,0f,0f,0f,1f],start_interpolation: 0,interpolation_duration: 1}
$data merge entity $(bone_leftfoot) {transformation: [-0.9608f,-0.237f,0.1437f,0.5593f,-0.181f,0.9291f,0.3225f,0.2305f,-0.2099f,0.2839f,-0.9356f,-0.177f,0f,0f,0f,1f],start_interpolation: 0,interpolation_duration: 1}
$data merge entity $(bone_leftlowerleg) {transformation: [-0.9608f,-0.237f,0.1437f,0.2743f,-0.181f,0.9291f,0.3225f,1.2117f,-0.2099f,0.2839f,-0.9356f,0.2818f,0f,0f,0f,1f],start_interpolation: 0,interpolation_duration: 1}
$data merge entity $(bone_leftleg) {transformation: [-0.9319f,0.0351f,0.361f,0.273f,-0.0512f,0.9726f,-0.2266f,2.1986f,-0.359f,-0.2297f,-0.9046f,0.0885f,0f,0f,0f,1f],start_interpolation: 0,interpolation_duration: 1}
$data merge entity $(bone_rightfoot) {transformation: [-0.9064f,0.0373f,0.4208f,-0.4172f,0.1374f,0.9679f,0.2103f,0.2091f,-0.3995f,0.2485f,-0.8824f,-0.2734f,0f,0f,0f,1f],start_interpolation: 0,interpolation_duration: 1}
$data merge entity $(bone_rightlowerleg) {transformation: [-0.9064f,0.0373f,0.4208f,-0.4405f,0.1374f,0.9679f,0.2103f,1.2506f,-0.3995f,0.2485f,-0.8824f,0.1378f,0f,0f,0f,1f],start_interpolation: 0,interpolation_duration: 1}
$data merge entity $(bone_rightleg) {transformation: [-0.8809f,0.2307f,0.4134f,-0.1971f,0.0572f,0.9187f,-0.3908f,2.1843f,-0.4699f,-0.3206f,-0.8224f,-0.109f,0f,0f,0f,1f],start_interpolation: 0,interpolation_duration: 1}
data modify entity @s data merge value {"cameras":{},"locators":{"lefthand":{"posx":0.13680283685111005,"posy":2.21124194771386,"posz":0.6113036177054815,"roty":149.44812232838717,"rotx":-40.09832929109759},"sword":{"posx":-0.7845563974248977,"posy":2.5344765340867306,"posz":2.515817009195552,"roty":357.85999491661414,"rotx":1.3265454072599001},"righthand":{"posx":-0.9222160948205553,"posy":2.6198440641558753,"posz":-1.1681236041318173,"roty":357.85999491661414,"rotx":1.3265454072599001},"chest":{"posx":-0.38761121131589427,"posy":2.62529797921778,"posz":-0.12238580605691408,"roty":42.73334895024857,"rotx":13.260821361910672}}}