# This file was generated by Animated Java via MC-Build. It is not recommended to edit this file directly.
$data merge entity $(bone_nose) {transformation: [-0.7979f,-0.0982f,0.5947f,-0.0316f,0.101f,0.9509f,0.2926f,4.0577f,-0.5943f,0.2935f,-0.7488f,0.3078f,0f,0f,0f,1f],start_interpolation: 0,interpolation_duration: 1}
$data merge entity $(bone_glowing_eye) {transformation: [-0.7979f,-0.0982f,0.5947f,-0.1588f,0.101f,0.9509f,0.2926f,4.1245f,-0.5943f,0.2935f,-0.7488f,0.2795f,0f,0f,0f,1f],start_interpolation: 0,interpolation_duration: 1}
$data merge entity $(bone_head) {transformation: [-0.7979f,-0.0982f,0.5947f,0.0919f,0.101f,0.9509f,0.2926f,3.9951f,-0.5943f,0.2935f,-0.7488f,0.1314f,0f,0f,0f,1f],start_interpolation: 0,interpolation_duration: 1}
$data merge entity $(bone_leftthumb2) {transformation: [0.585f,0.7363f,0.34f,0.1679f,-0.3066f,0.5889f,-0.7478f,2.604f,-0.7508f,0.3333f,0.5703f,0.3996f,0f,0f,0f,1f],start_interpolation: 0,interpolation_duration: 1}
$data merge entity $(bone_leftthumb) {transformation: [0.585f,0.7363f,0.34f,0.3775f,-0.3066f,0.5889f,-0.7478f,2.6845f,-0.7508f,0.3333f,0.5703f,0.5301f,0f,0f,0f,1f],start_interpolation: 0,interpolation_duration: 1}
$data merge entity $(bone_leftpointerfinger) {transformation: [0.9281f,0.1521f,0.34f,0.0878f,0.1687f,0.6421f,-0.7478f,2.4898f,-0.332f,0.7514f,0.5703f,0.5296f,0f,0f,0f,1f],start_interpolation: 0,interpolation_duration: 1}
$data merge entity $(bone_leftmidfinger) {transformation: [0.9092f,0.2405f,0.34f,0.1409f,0.1063f,0.6553f,-0.7478f,2.3729f,-0.4026f,0.716f,0.5703f,0.6187f,0f,0f,0f,1f],start_interpolation: 0,interpolation_duration: 1}
$data merge entity $(bone_leftringfinger) {transformation: [0.9092f,0.2405f,0.34f,0.1941f,0.1063f,0.6553f,-0.7478f,2.2561f,-0.4026f,0.716f,0.5703f,0.7078f,0f,0f,0f,1f],start_interpolation: 0,interpolation_duration: 1}
$data merge entity $(bone_invisibility) {transformation: [0.7631f,-0.2745f,-0.585f,0.2674f,0.5214f,0.7963f,0.3066f,2.5201f,0.3817f,-0.539f,0.7508f,0.4074f,0f,0f,0f,1f],start_interpolation: 0,interpolation_duration: 1}
$data merge entity $(bone_swiftness) {transformation: [0.34f,0.7363f,-0.585f,0.2619f,-0.7478f,0.5889f,0.3066f,2.2842f,0.5703f,0.3333f,0.7508f,0.4301f,0f,0f,0f,1f],start_interpolation: 0,interpolation_duration: 1}
$data merge entity $(bone_suspicious_stew) {transformation: [0.811f,0.0031f,-0.585f,0.2967f,0.2176f,0.9266f,0.3066f,2.3523f,0.5431f,-0.376f,0.7508f,0.4987f,0f,0f,0f,1f],start_interpolation: 0,interpolation_duration: 1}
$data merge entity $(bone_log) {transformation: [0.585f,0.7363f,0.34f,0.4595f,-0.3066f,0.5889f,-0.7478f,2.3621f,-0.7508f,0.3333f,0.5703f,0.4967f,0f,0f,0f,1f],start_interpolation: 0,interpolation_duration: 1}
$data merge entity $(bone_planks) {transformation: [0.585f,0.7363f,0.34f,0.5143f,-0.3066f,0.5889f,-0.7478f,2.3333f,-0.7508f,0.3333f,0.5703f,0.4263f,0f,0f,0f,1f],start_interpolation: 0,interpolation_duration: 1}
$data merge entity $(bone_lefthand1) {transformation: [0.585f,0.7363f,0.34f,0.4867f,-0.3066f,0.5889f,-0.7478f,2.6093f,-0.7508f,0.3333f,0.5703f,0.7499f,0f,0f,0f,1f],start_interpolation: 0,interpolation_duration: 1}
$data merge entity $(bone_leftforearm) {transformation: [0.3747f,0.9028f,0.211f,1.1285f,-0.4017f,0.3633f,-0.8406f,2.8568f,-0.8356f,0.2302f,0.4988f,0.8522f,0f,0f,0f,1f],start_interpolation: 0,interpolation_duration: 1}
$data merge entity $(bone_leftelbow) {transformation: [0.3747f,0.9028f,0.211f,1.2978f,-0.4017f,0.3633f,-0.8406f,2.9249f,-0.8356f,0.2302f,0.4988f,0.8953f,0f,0f,0f,1f],start_interpolation: 0,interpolation_duration: 1}
$data merge entity $(bone_leftarm) {transformation: [-0.0233f,-0.2911f,0.9564f,0.8526f,-0.2998f,0.9147f,0.2711f,3.3865f,-0.9537f,-0.2804f,-0.1086f,0.4647f,0f,0f,0f,1f],start_interpolation: 0,interpolation_duration: 1}
$data merge entity $(bone_rightthumb2) {transformation: [-0.7913f,0.4662f,0.3956f,-0.8839f,0.2224f,0.8222f,-0.524f,2.5591f,-0.5696f,-0.3266f,-0.7543f,-0.4967f,0f,0f,0f,1f],start_interpolation: 0,interpolation_duration: 1}
$data merge entity $(bone_rightthumb) {transformation: [-0.7913f,0.4662f,0.3956f,-0.7357f,0.2224f,0.8222f,-0.524f,2.7159f,-0.5696f,-0.3266f,-0.7543f,-0.6412f,0f,0f,0f,1f],start_interpolation: 0,interpolation_duration: 1}
$data merge entity $(bone_rightpointerfinger) {transformation: [-0.9014f,0.176f,0.3956f,-0.9567f,-0.0641f,0.8493f,-0.524f,2.4459f,-0.4282f,-0.4977f,-0.7543f,-0.6317f,0f,0f,0f,1f],start_interpolation: 0,interpolation_duration: 1}
$data merge entity $(bone_rightmidfinger) {transformation: [-0.9082f,0.1365f,0.3956f,-0.8949f,-0.1011f,0.8457f,-0.524f,2.364f,-0.4061f,-0.5159f,-0.7543f,-0.7496f,0f,0f,0f,1f],start_interpolation: 0,interpolation_duration: 1}
$data merge entity $(bone_rightringfinger) {transformation: [-0.9032f,0.1663f,0.3956f,-0.8331f,-0.0733f,0.8486f,-0.524f,2.2822f,-0.4229f,-0.5023f,-0.7543f,-0.8674f,0f,0f,0f,1f],start_interpolation: 0,interpolation_duration: 1}
$data merge entity $(bone_hugeasssword) {transformation: [-3.0992f,1.826f,1.5495f,-0.5962f,0.8711f,3.2202f,-2.0523f,2.4801f,-2.2307f,-1.2793f,-2.9542f,-0.6528f,0f,0f,0f,1f],start_interpolation: 0,interpolation_duration: 1}
$data merge entity $(bone_ice) {transformation: [-0.7913f,0.4662f,0.3956f,-0.5911f,0.2224f,0.8222f,-0.524f,2.4638f,-0.5696f,-0.3266f,-0.7543f,-0.6388f,0f,0f,0f,1f],start_interpolation: 0,interpolation_duration: 1}
$data merge entity $(bone_righthand1) {transformation: [-0.7913f,0.4662f,0.3956f,-0.66f,0.2224f,0.8222f,-0.524f,2.7086f,-0.5696f,-0.3266f,-0.7543f,-0.8865f,0f,0f,0f,1f],start_interpolation: 0,interpolation_duration: 1}
$data merge entity $(bone_rightforearm) {transformation: [-0.948f,-0.1979f,-0.2495f,-0.6758f,-0.0903f,0.9183f,-0.3854f,3.3696f,0.3053f,-0.3428f,-0.8884f,-1.1635f,0f,0f,0f,1f],start_interpolation: 0,interpolation_duration: 1}
$data merge entity $(bone_rightelbow) {transformation: [-0.948f,-0.1979f,-0.2495f,-0.7129f,-0.0903f,0.9183f,-0.3854f,3.5417f,0.3053f,-0.3428f,-0.8884f,-1.2277f,0f,0f,0f,1f],start_interpolation: 0,interpolation_duration: 1}
$data merge entity $(bone_rightarm) {transformation: [-0.9929f,0.0319f,0.1149f,-0.4579f,0.1154f,0.4978f,0.8596f,3.6405f,-0.0298f,0.8667f,-0.4979f,-0.597f,0f,0f,0f,1f],start_interpolation: 0,interpolation_duration: 1}
$data merge entity $(bone_chest1) {transformation: [-0.8644f,-0.1064f,0.6443f,0.2031f,0.1094f,1.0301f,0.3169f,3.3949f,-0.6438f,0.318f,-0.8112f,-0.1239f,0f,0f,0f,1f],start_interpolation: 0,interpolation_duration: 1}
$data merge entity $(bone_chest1lid) {transformation: [-0.7979f,-0.0982f,0.5947f,-0.235f,0.101f,0.9509f,0.2926f,2.665f,-0.5943f,0.2935f,-0.7488f,-0.2344f,0f,0f,0f,1f],start_interpolation: 0,interpolation_duration: 1}
$data merge entity $(bone_chest2) {transformation: [-0.7979f,-0.0982f,0.5947f,-0.2196f,0.101f,0.9509f,0.2926f,2.5164f,-0.5943f,0.2935f,-0.7488f,-0.2802f,0f,0f,0f,1f],start_interpolation: 0,interpolation_duration: 1}
$data merge entity $(bone_chest1lid3) {transformation: [-0.7979f,-0.0982f,0.5947f,0.1959f,0.101f,0.9509f,0.2926f,2.8461f,-0.5943f,0.2935f,-0.7488f,-0.6769f,0f,0f,0f,1f],start_interpolation: 0,interpolation_duration: 1}
$data merge entity $(bone_chest3) {transformation: [-0.7979f,-0.0982f,0.5947f,0.2113f,0.101f,0.9509f,0.2926f,2.6975f,-0.5943f,0.2935f,-0.7488f,-0.7228f,0f,0f,0f,1f],start_interpolation: 0,interpolation_duration: 1}
$data merge entity $(bone_hugeasssword2) {transformation: [-2.3294f,2.0442f,-2.3949f,-0.7364f,-1.1459f,2.2244f,3.0131f,4.7002f,2.9328f,2.4927f,-0.7249f,-0.7139f,0f,0f,0f,1f],start_interpolation: 0,interpolation_duration: 1}
$data merge entity $(bone_belt) {transformation: [-0.7979f,-0.0982f,0.5947f,0.1899f,0.101f,0.9509f,0.2926f,2.9746f,-0.5943f,0.2935f,-0.7488f,-0.1238f,0f,0f,0f,1f],start_interpolation: 0,interpolation_duration: 1}
$data merge entity $(bone_torn_part) {transformation: [-0.8886f,-0.0961f,0.4484f,-0.0296f,-0.0063f,0.9803f,0.1975f,2.6606f,-0.4586f,0.1727f,-0.8717f,-0.0922f,0f,0f,0f,1f],start_interpolation: 0,interpolation_duration: 1}
$data merge entity $(bone_lowerbody) {transformation: [-0.8886f,0.0432f,0.4566f,-0.0281f,-0.0063f,0.9943f,-0.1064f,2.1907f,-0.4586f,-0.0974f,-0.8833f,0.1243f,0f,0f,0f,1f],start_interpolation: 0,interpolation_duration: 1}
$data merge entity $(bone_leftfoot) {transformation: [-0.9488f,-0.2669f,0.1689f,0.5664f,-0.1926f,0.9126f,0.3606f,0.2383f,-0.2504f,0.3096f,-0.9173f,-0.1806f,0f,0f,0f,1f],start_interpolation: 0,interpolation_duration: 1}
$data merge entity $(bone_leftlowerleg) {transformation: [-0.9488f,-0.2669f,0.1689f,0.2443f,-0.1926f,0.9126f,0.3606f,1.1954f,-0.2504f,0.3096f,-0.9173f,0.3038f,0f,0f,0f,1f],start_interpolation: 0,interpolation_duration: 1}
$data merge entity $(bone_leftleg) {transformation: [-0.9221f,0.0516f,0.3834f,0.256f,-0.0437f,0.9708f,-0.2358f,2.176f,-0.3844f,-0.2342f,-0.893f,0.1073f,0f,0f,0f,1f],start_interpolation: 0,interpolation_duration: 1}
$data merge entity $(bone_rightfoot) {transformation: [-0.9058f,-0.0098f,0.4236f,-0.4122f,0.1078f,0.9615f,0.2526f,0.2185f,-0.4098f,0.2745f,-0.8699f,-0.2777f,0f,0f,0f,1f],start_interpolation: 0,interpolation_duration: 1}
$data merge entity $(bone_rightlowerleg) {transformation: [-0.9058f,-0.0098f,0.4236f,-0.4882f,0.1078f,0.9615f,0.2526f,1.2463f,-0.4098f,0.2745f,-0.8699f,0.1604f,0f,0f,0f,1f],start_interpolation: 0,interpolation_duration: 1}
$data merge entity $(bone_rightleg) {transformation: [-0.8325f,0.2711f,0.4832f,-0.2085f,0.0456f,0.9027f,-0.4278f,2.1564f,-0.5522f,-0.3341f,-0.7639f,-0.0879f,0f,0f,0f,1f],start_interpolation: 0,interpolation_duration: 1}
data modify entity @s data merge value {"cameras":{},"locators":{"lefthand":{"posx":0.34180268932743724,"posy":2.356491963464444,"posz":0.5321774506070507,"roty":149.1990822639876,"rotx":-48.402289420452696},"sword":{"posx":-2.1376058487013454,"posy":4.412234955990988,"posz":2.106016638064498,"roty":27.67725308554563,"rotx":-31.600347032426658},"righthand":{"posx":-0.6787659650744782,"posy":2.480017904725542,"posz":-0.6753462851691134,"roty":27.67725308554563,"rotx":-31.600347032426658},"chest":{"posx":-0.346672589752071,"posy":2.562997791459522,"posz":-0.1542861042986153,"roty":38.458326280874275,"rotx":17.011558453204326}}}