# This file was generated by Animated Java via MC-Build. It is not recommended to edit this file directly.
$data merge entity $(bone_nose) {transformation: [-0.9947f,-0.0958f,-0.0371f,-0.1147f,-0.1018f,0.9664f,0.2359f,4.0162f,0.0132f,0.2385f,-0.9711f,0.3044f,0f,0f,0f,1f],start_interpolation: 0,interpolation_duration: 1}
$data merge entity $(bone_glowing_eye) {transformation: [-0.9947f,-0.0958f,-0.0371f,-0.2443f,-0.1018f,0.9664f,0.2359f,4.0607f,0.0132f,0.2385f,-0.9711f,0.356f,0f,0f,0f,1f],start_interpolation: 0,interpolation_duration: 1}
$data merge entity $(bone_head) {transformation: [-0.9947f,-0.0958f,-0.0371f,-0.1099f,-0.1018f,0.9664f,0.2359f,3.9411f,0.0132f,0.2385f,-0.9711f,0.0931f,0f,0f,0f,1f],start_interpolation: 0,interpolation_duration: 1}
$data merge entity $(bone_leftthumb2) {transformation: [-0.7667f,0.0958f,0.6348f,0.7176f,-0.3403f,0.7777f,-0.5285f,2.6715f,-0.5444f,-0.6212f,-0.5637f,-0.1041f,0f,0f,0f,1f],start_interpolation: 0,interpolation_duration: 1}
$data merge entity $(bone_leftthumb) {transformation: [-0.7667f,0.0958f,0.6348f,0.7954f,-0.3403f,0.7777f,-0.5285f,2.817f,-0.5444f,-0.6212f,-0.5637f,-0.3046f,0f,0f,0f,1f],start_interpolation: 0,interpolation_duration: 1}
$data merge entity $(bone_leftpointerfinger) {transformation: [-0.4641f,0.6178f,0.6348f,0.8775f,0.3224f,0.7853f,-0.5285f,2.5743f,-0.825f,-0.0406f,-0.5637f,-0.0676f,0f,0f,0f,1f],start_interpolation: 0,interpolation_duration: 1}
$data merge entity $(bone_leftmidfinger) {transformation: [-0.5261f,0.5659f,0.6348f,0.9767f,0.2387f,0.8147f,-0.5285f,2.4917f,-0.8162f,-0.1265f,-0.5637f,-0.1557f,0f,0f,0f,1f],start_interpolation: 0,interpolation_duration: 1}
$data merge entity $(bone_leftringfinger) {transformation: [-0.5261f,0.5659f,0.6348f,1.0759f,0.2387f,0.8147f,-0.5285f,2.4091f,-0.8162f,-0.1265f,-0.5637f,-0.2438f,0f,0f,0f,1f],start_interpolation: 0,interpolation_duration: 1}
$data merge entity $(bone_invisibility) {transformation: [0.1508f,-0.624f,0.7667f,0.7244f,0.7287f,0.5943f,0.3403f,2.6121f,-0.668f,0.5074f,0.5444f,-0.22f,0f,0f,0f,1f],start_interpolation: 0,interpolation_duration: 1}
$data merge entity $(bone_swiftness) {transformation: [0.6348f,0.0958f,0.7667f,0.7905f,-0.5285f,0.7777f,0.3403f,2.3899f,-0.5637f,-0.6212f,0.5444f,-0.27f,0f,0f,0f,1f],start_interpolation: 0,interpolation_duration: 1}
$data merge entity $(bone_suspicious_stew) {transformation: [0.3551f,-0.5348f,0.7667f,0.839f,0.4815f,0.8077f,0.3403f,2.4765f,-0.8013f,0.2483f,0.5444f,-0.2966f,0f,0f,0f,1f],start_interpolation: 0,interpolation_duration: 1}
$data merge entity $(bone_log) {transformation: [-0.7667f,0.0958f,0.6348f,0.8088f,-0.3403f,0.7777f,-0.5285f,2.5171f,-0.5444f,-0.6212f,-0.5637f,-0.4517f,0f,0f,0f,1f],start_interpolation: 0,interpolation_duration: 1}
$data merge entity $(bone_planks) {transformation: [-0.7667f,0.0958f,0.6348f,0.7369f,-0.3403f,0.7777f,-0.5285f,2.4852f,-0.5444f,-0.6212f,-0.5637f,-0.5028f,0f,0f,0f,1f],start_interpolation: 0,interpolation_duration: 1}
$data merge entity $(bone_lefthand1) {transformation: [-0.7667f,0.0958f,0.6348f,1.0046f,-0.3403f,0.7777f,-0.5285f,2.8131f,-0.5444f,-0.6212f,-0.5637f,-0.4533f,0f,0f,0f,1f],start_interpolation: 0,interpolation_duration: 1}
$data merge entity $(bone_leftforearm) {transformation: [-0.5925f,0.475f,0.6506f,1.2853f,0.1964f,0.8684f,-0.4552f,3.4597f,-0.7813f,-0.142f,-0.6078f,-0.6169f,0f,0f,0f,1f],start_interpolation: 0,interpolation_duration: 1}
$data merge entity $(bone_leftelbow) {transformation: [-0.5925f,0.475f,0.6506f,1.3744f,0.1964f,0.8684f,-0.4552f,3.6225f,-0.7813f,-0.142f,-0.6078f,-0.6435f,0f,0f,0f,1f],start_interpolation: 0,interpolation_duration: 1}
$data merge entity $(bone_leftarm) {transformation: [-0.8554f,-0.4953f,0.1514f,0.7533f,-0.0338f,0.3452f,0.9379f,3.6097f,-0.5168f,0.7972f,-0.312f,-0.1668f,0f,0f,0f,1f],start_interpolation: 0,interpolation_duration: 1}
$data merge entity $(bone_rightthumb2) {transformation: [-0.9475f,-0.3136f,0.0626f,-0.7397f,-0.3098f,0.8515f,-0.423f,2.3673f,0.0794f,-0.4201f,-0.904f,0.1114f,0f,0f,0f,1f],start_interpolation: 0,interpolation_duration: 1}
$data merge entity $(bone_rightthumb) {transformation: [-0.9475f,-0.3136f,0.0626f,-0.8113f,-0.3098f,0.8515f,-0.423f,2.54f,0.0794f,-0.4201f,-0.904f,-0.0689f,0f,0f,0f,1f],start_interpolation: 0,interpolation_duration: 1}
$data merge entity $(bone_rightpointerfinger) {transformation: [-0.7151f,-0.6962f,0.0626f,-0.8091f,-0.6509f,0.6305f,-0.423f,2.2069f,0.255f,-0.3432f,-0.904f,0.0353f,0f,0f,0f,1f],start_interpolation: 0,interpolation_duration: 1}
$data merge entity $(bone_rightmidfinger) {transformation: [-0.684f,-0.7268f,0.0626f,-0.7993f,-0.6777f,0.6015f,-0.423f,2.1408f,0.2697f,-0.3317f,-0.904f,-0.106f,0f,0f,0f,1f],start_interpolation: 0,interpolation_duration: 1}
$data merge entity $(bone_rightringfinger) {transformation: [-0.7163f,-0.695f,0.0626f,-0.7895f,-0.6497f,0.6316f,-0.423f,2.0747f,0.2544f,-0.3436f,-0.904f,-0.2472f,0f,0f,0f,1f],start_interpolation: 0,interpolation_duration: 1}
$data merge entity $(bone_hugeasssword) {transformation: [-3.7109f,-1.2285f,0.2452f,-0.6123f,-1.2135f,3.3352f,-1.6566f,2.4027f,0.3108f,-1.6456f,-3.5406f,-0.1983f,0f,0f,0f,1f],start_interpolation: 0,interpolation_duration: 1}
$data merge entity $(bone_ice) {transformation: [-0.9475f,-0.3136f,0.0626f,-0.5926f,-0.3098f,0.8515f,-0.423f,2.3942f,0.0794f,-0.4201f,-0.904f,-0.193f,0f,0f,0f,1f],start_interpolation: 0,interpolation_duration: 1}
$data merge entity $(bone_righthand1) {transformation: [-0.9475f,-0.3136f,0.0626f,-0.9059f,-0.3098f,0.8515f,-0.423f,2.5164f,0.0794f,-0.4201f,-0.904f,-0.3064f,0f,0f,0f,1f],start_interpolation: 0,interpolation_duration: 1}
$data merge entity $(bone_rightforearm) {transformation: [-0.3705f,-0.7108f,-0.5979f,-1.3619f,-0.3236f,0.7021f,-0.6343f,3.053f,0.8707f,-0.0415f,-0.4901f,-0.4424f,0f,0f,0f,1f],start_interpolation: 0,interpolation_duration: 1}
$data merge entity $(bone_rightelbow) {transformation: [-0.3705f,-0.7108f,-0.5979f,-1.4951f,-0.3236f,0.7021f,-0.6343f,3.1846f,0.8707f,-0.0415f,-0.4901f,-0.4502f,0f,0f,0f,1f],start_interpolation: 0,interpolation_duration: 1}
$data merge entity $(bone_rightarm) {transformation: [-0.7155f,0.461f,-0.5249f,-0.9137f,-0.2048f,0.5799f,0.7885f,3.4366f,0.6679f,0.6717f,-0.3206f,-0.1456f,0f,0f,0f,1f],start_interpolation: 0,interpolation_duration: 1}
$data merge entity $(bone_chest1) {transformation: [-1.0776f,-0.1038f,-0.0401f,-0.0523f,-0.1103f,1.047f,0.2556f,3.3255f,0.0143f,0.2583f,-1.052f,-0.1428f,0f,0f,0f,1f],start_interpolation: 0,interpolation_duration: 1}
$data merge entity $(bone_chest1lid) {transformation: [-0.9947f,-0.0958f,-0.0371f,-0.312f,-0.1018f,0.9664f,0.2359f,2.5379f,0.0132f,0.2385f,-0.9711f,0.0788f,0f,0f,0f,1f],start_interpolation: 0,interpolation_duration: 1}
$data merge entity $(bone_chest2) {transformation: [-0.9947f,-0.0958f,-0.0371f,-0.297f,-0.1018f,0.9664f,0.2359f,2.3869f,0.0132f,0.2385f,-0.9711f,0.0415f,0f,0f,0f,1f],start_interpolation: 0,interpolation_duration: 1}
$data merge entity $(bone_chest1lid3) {transformation: [-0.9947f,-0.0958f,-0.0371f,-0.2735f,-0.1018f,0.9664f,0.2359f,2.6954f,0.0132f,0.2385f,-0.9711f,-0.5442f,0f,0f,0f,1f],start_interpolation: 0,interpolation_duration: 1}
$data merge entity $(bone_chest3) {transformation: [-0.9947f,-0.0958f,-0.0371f,-0.2586f,-0.1018f,0.9664f,0.2359f,2.5444f,0.0132f,0.2385f,-0.9711f,-0.5814f,0f,0f,0f,1f],start_interpolation: 0,interpolation_duration: 1}
$data merge entity $(bone_hugeasssword2) {transformation: [0.1451f,2.619f,-2.9086f,-1.3988f,-0.9241f,2.8513f,2.5212f,4.3839f,3.8033f,0.5928f,0.7236f,-0.1071f,0f,0f,0f,1f],start_interpolation: 0,interpolation_duration: 1}
$data merge entity $(bone_belt) {transformation: [-0.9947f,-0.0958f,-0.0371f,0.0226f,-0.1018f,0.9664f,0.2359f,2.913f,0.0132f,0.2385f,-0.9711f,-0.1111f,0f,0f,0f,1f],start_interpolation: 0,interpolation_duration: 1}
$data merge entity $(bone_torn_part) {transformation: [-0.9662f,-0.2574f,-0.0097f,0.003f,-0.243f,0.8985f,0.3656f,2.6026f,-0.0855f,0.3556f,-0.9307f,-0.0438f,0f,0f,0f,1f],start_interpolation: 0,interpolation_duration: 1}
$data merge entity $(bone_lowerbody) {transformation: [-0.9662f,-0.2484f,0.0682f,0.209f,-0.243f,0.9668f,0.0785f,2.1433f,-0.0855f,0.0593f,-0.9946f,0.0755f,0f,0f,0f,1f],start_interpolation: 0,interpolation_duration: 1}
$data merge entity $(bone_leftfoot) {transformation: [-0.9915f,-0.0765f,-0.1056f,0.5112f,-0.1072f,0.9393f,0.3258f,0.2592f,0.0742f,0.3344f,-0.9395f,-0.2169f,0f,0f,0f,1f],start_interpolation: 0,interpolation_duration: 1}
$data merge entity $(bone_leftlowerleg) {transformation: [-0.9915f,-0.0765f,-0.1056f,0.4425f,-0.1072f,0.9393f,0.3258f,1.2512f,0.0742f,0.3344f,-0.9395f,0.2984f,0f,0f,0f,1f],start_interpolation: 0,interpolation_duration: 1}
$data merge entity $(bone_leftleg) {transformation: [-0.9954f,-0.0031f,0.0962f,0.419f,-0.0367f,0.9365f,-0.3488f,2.1918f,-0.089f,-0.3507f,-0.9323f,-0.003f,0f,0f,0f,1f],start_interpolation: 0,interpolation_duration: 1}
$data merge entity $(bone_rightfoot) {transformation: [-0.9095f,0.1648f,0.3816f,-0.4623f,0.2969f,0.9f,0.3191f,0.1983f,-0.2908f,0.4035f,-0.8675f,-0.2684f,0f,0f,0f,1f],start_interpolation: 0,interpolation_duration: 1}
$data merge entity $(bone_rightlowerleg) {transformation: [-0.9095f,0.1648f,0.3816f,-0.3382f,0.2969f,0.9f,0.3191f,1.1478f,-0.2908f,0.4035f,-0.8675f,0.3126f,0f,0f,0f,1f],start_interpolation: 0,interpolation_duration: 1}
$data merge entity $(bone_rightleg) {transformation: [-0.9521f,0.2353f,0.1951f,-0.0855f,0.1265f,0.8845f,-0.4492f,2.0301f,-0.2783f,-0.403f,-0.8719f,-0.0174f,0f,0f,0f,1f],start_interpolation: 0,interpolation_duration: 1}
data modify entity @s data merge value {"cameras":{},"locators":{"lefthand":{"posx":0.8632929578344358,"posy":2.4964581117581695,"posz":-0.34334627892560066,"roty":48.39510280485766,"rotx":-31.903327248837872},"sword":{"posx":-0.9083019343207253,"posy":3.9181685680320606,"posz":3.1686074764617977,"roty":3.96091095694311,"rotx":-25.021883364389282},"righthand":{"posx":-0.677490763472347,"posy":2.3584874051031273,"posz":-0.16482575722029416,"roty":3.96091095694311,"rotx":-25.021883364389282},"chest":{"posx":-0.3312818589167375,"posy":2.4374824591469024,"posz":0.21598687028148614,"roty":357.8146193588423,"rotx":13.647152479093297}}}