# This file was generated by Animated Java via MC-Build. It is not recommended to edit this file directly.
$data merge entity $(bone_nose) {transformation: [-0.9846f,0.0439f,0.169f,0.0771f,0.1159f,0.8886f,0.4439f,3.5168f,-0.1307f,0.4567f,-0.88f,0.5794f,0f,0f,0f,1f],start_interpolation: 0,interpolation_duration: 1}
$data merge entity $(bone_glowing_eye) {transformation: [-0.9846f,0.0439f,0.169f,-0.0489f,0.1159f,0.8886f,0.4439f,3.576f,-0.1307f,0.4567f,-0.88f,0.6247f,0f,0f,0f,1f],start_interpolation: 0,interpolation_duration: 1}
$data merge entity $(bone_head) {transformation: [-0.9846f,0.0439f,0.169f,0.1034f,0.1159f,0.8886f,0.4439f,3.4902f,-0.1307f,0.4567f,-0.88f,0.3583f,0f,0f,0f,1f],start_interpolation: 0,interpolation_duration: 1}
$data merge entity $(bone_leftthumb2) {transformation: [-0.9321f,0.3507f,-0.091f,0.6178f,0.3612f,0.8803f,-0.3075f,1.8698f,-0.0277f,-0.3195f,-0.9472f,0.1834f,0f,0f,0f,1f],start_interpolation: 0,interpolation_duration: 1}
$data merge entity $(bone_leftthumb) {transformation: [-0.9321f,0.3507f,-0.091f,0.696f,0.3612f,0.8803f,-0.3075f,2.0594f,-0.0277f,-0.3195f,-0.9472f,0.0241f,0f,0f,0f,1f],start_interpolation: 0,interpolation_duration: 1}
$data merge entity $(bone_leftpointerfinger) {transformation: [-0.3273f,0.9405f,-0.091f,0.6787f,0.9075f,0.286f,-0.3075f,1.7166f,-0.2632f,-0.1833f,-0.9472f,0.0876f,0f,0f,0f,1f],start_interpolation: 0,interpolation_duration: 1}
$data merge entity $(bone_leftmidfinger) {transformation: [-0.4324f,0.8971f,-0.091f,0.6644f,0.869f,0.3877f,-0.3075f,1.6685f,-0.2406f,-0.2121f,-0.9472f,-0.0604f,0f,0f,0f,1f],start_interpolation: 0,interpolation_duration: 1}
$data merge entity $(bone_leftringfinger) {transformation: [-0.4324f,0.8971f,-0.091f,0.6502f,0.869f,0.3877f,-0.3075f,1.6205f,-0.2406f,-0.2121f,-0.9472f,-0.2084f,0f,0f,0f,1f],start_interpolation: 0,interpolation_duration: 1}
$data merge entity $(bone_invisibility) {transformation: [0.3414f,0.1213f,0.9321f,0.5451f,0.8502f,0.3831f,-0.3612f,1.8902f,-0.4008f,0.9157f,0.0277f,0.0771f,0f,0f,0f,1f],start_interpolation: 0,interpolation_duration: 1}
$data merge entity $(bone_swiftness) {transformation: [-0.091f,0.3507f,0.9321f,0.432f,-0.3075f,0.8803f,-0.3612f,1.7322f,-0.9472f,-0.3195f,0.0277f,-0.0587f,0f,0f,0f,1f],start_interpolation: 0,interpolation_duration: 1}
$data merge entity $(bone_suspicious_stew) {transformation: [0.2793f,0.2307f,0.9321f,0.5116f,0.6679f,0.6507f,-0.3612f,1.7913f,-0.6899f,0.7234f,0.0277f,-0.0855f,0f,0f,0f,1f],start_interpolation: 0,interpolation_duration: 1}
$data merge entity $(bone_log) {transformation: [-0.9321f,0.3507f,-0.091f,0.4638f,0.3612f,0.8803f,-0.3075f,1.9208f,-0.0277f,-0.3195f,-0.9472f,-0.1725f,0f,0f,0f,1f],start_interpolation: 0,interpolation_duration: 1}
$data merge entity $(bone_planks) {transformation: [-0.9321f,0.3507f,-0.091f,0.3764f,0.3612f,0.8803f,-0.3075f,1.9547f,-0.0277f,-0.3195f,-0.9472f,-0.1751f,0f,0f,0f,1f],start_interpolation: 0,interpolation_duration: 1}
$data merge entity $(bone_lefthand1) {transformation: [-0.9321f,0.3507f,-0.091f,0.7873f,0.3612f,0.8803f,-0.3075f,2.0602f,-0.0277f,-0.3195f,-0.9472f,-0.2158f,0f,0f,0f,1f],start_interpolation: 0,interpolation_duration: 1}
$data merge entity $(bone_leftforearm) {transformation: [0.0203f,0.794f,0.6076f,1.3577f,0.4988f,0.5187f,-0.6944f,2.4838f,-0.8665f,0.3171f,-0.3855f,-0.0931f,0f,0f,0f,1f],start_interpolation: 0,interpolation_duration: 1}
$data merge entity $(bone_leftelbow) {transformation: [0.0203f,0.794f,0.6076f,1.5066f,0.4988f,0.5187f,-0.6944f,2.581f,-0.8665f,0.3171f,-0.3855f,-0.0336f,0f,0f,0f,1f],start_interpolation: 0,interpolation_duration: 1}
$data merge entity $(bone_leftarm) {transformation: [-0.3548f,-0.3999f,0.8451f,0.9527f,0.466f,0.708f,0.5307f,3.0229f,-0.8105f,0.5821f,-0.0648f,0.1272f,0f,0f,0f,1f],start_interpolation: 0,interpolation_duration: 1}
$data merge entity $(bone_rightthumb2) {transformation: [-0.874f,0.0334f,-0.4848f,-0.7567f,0.0938f,0.9905f,-0.1009f,2.3049f,0.4768f,-0.1337f,-0.8688f,-0.0568f,0f,0f,0f,1f],start_interpolation: 0,interpolation_duration: 1}
$data merge entity $(bone_rightthumb) {transformation: [-0.874f,0.0334f,-0.4848f,-0.7899f,0.0938f,0.9905f,-0.1009f,2.5392f,0.4768f,-0.1337f,-0.8688f,-0.1638f,0f,0f,0f,1f],start_interpolation: 0,interpolation_duration: 1}
$data merge entity $(bone_rightpointerfinger) {transformation: [-0.7468f,-0.4553f,-0.4848f,-0.9192f,-0.4693f,0.8772f,-0.1009f,2.2197f,0.4713f,0.1522f,-0.8688f,-0.1085f,0f,0f,0f,1f],start_interpolation: 0,interpolation_duration: 1}
$data merge entity $(bone_rightmidfinger) {transformation: [-0.7262f,-0.4874f,-0.4848f,-0.995f,-0.5071f,0.8559f,-0.1009f,2.2039f,0.4642f,0.1726f,-0.8688f,-0.2442f,0f,0f,0f,1f],start_interpolation: 0,interpolation_duration: 1}
$data merge entity $(bone_rightringfinger) {transformation: [-0.7542f,-0.4428f,-0.4848f,-1.0707f,-0.4547f,0.8849f,-0.1009f,2.1882f,0.4737f,0.1444f,-0.8688f,-0.38f,0f,0f,0f,1f],start_interpolation: 0,interpolation_duration: 1}
$data merge entity $(bone_hugeasssword) {transformation: [-3.423f,0.1308f,-1.8989f,-0.7484f,0.3675f,3.8793f,-0.3951f,2.3818f,1.8676f,-0.5235f,-3.4027f,-0.3845f,0f,0f,0f,1f],start_interpolation: 0,interpolation_duration: 1}
$data merge entity $(bone_ice) {transformation: [-0.874f,0.0334f,-0.4848f,-0.7353f,0.0938f,0.9905f,-0.1009f,2.3648f,0.4768f,-0.1337f,-0.8688f,-0.3898f,0f,0f,0f,1f],start_interpolation: 0,interpolation_duration: 1}
$data merge entity $(bone_righthand1) {transformation: [-0.874f,0.0334f,-0.4848f,-0.9606f,0.0938f,0.9905f,-0.1009f,2.6328f,0.4768f,-0.1337f,-0.8688f,-0.3312f,0f,0f,0f,1f],start_interpolation: 0,interpolation_duration: 1}
$data merge entity $(bone_rightforearm) {transformation: [-0.5841f,-0.4766f,-0.657f,-1.2176f,-0.1265f,0.853f,-0.5064f,3.2675f,0.8017f,-0.2127f,-0.5586f,-0.5285f,0f,0f,0f,1f],start_interpolation: 0,interpolation_duration: 1}
$data merge entity $(bone_rightelbow) {transformation: [-0.5841f,-0.4766f,-0.657f,-1.307f,-0.1265f,0.853f,-0.5064f,3.4275f,0.8017f,-0.2127f,-0.5586f,-0.5684f,0f,0f,0f,1f],start_interpolation: 0,interpolation_duration: 1}
$data merge entity $(bone_rightarm) {transformation: [-0.8519f,0.5107f,0.1159f,-0.7411f,0.1657f,0.053f,0.9847f,3.2182f,0.4967f,0.8582f,-0.1298f,-0.0924f,0f,0f,0f,1f],start_interpolation: 0,interpolation_duration: 1}
$data merge entity $(bone_chest1) {transformation: [-1.0667f,0.0476f,0.1831f,0.086f,0.1255f,0.9626f,0.4809f,2.9433f,-0.1416f,0.4947f,-0.9533f,-0.0138f,0f,0f,0f,1f],start_interpolation: 0,interpolation_duration: 1}
$data merge entity $(bone_chest1lid) {transformation: [-0.9846f,0.0439f,0.169f,-0.3463f,0.1159f,0.8886f,0.4439f,2.2019f,-0.1307f,0.4567f,-0.88f,-0.0261f,0f,0f,0f,1f],start_interpolation: 0,interpolation_duration: 1}
$data merge entity $(bone_chest2) {transformation: [-0.9846f,0.0439f,0.169f,-0.3532f,0.1159f,0.8886f,0.4439f,2.063f,-0.1307f,0.4567f,-0.88f,-0.0975f,0f,0f,0f,1f],start_interpolation: 0,interpolation_duration: 1}
$data merge entity $(bone_chest1lid3) {transformation: [-0.9846f,0.0439f,0.169f,-0.1765f,0.1159f,0.8886f,0.4439f,2.479f,-0.1307f,0.4567f,-0.88f,-0.5817f,0f,0f,0f,1f],start_interpolation: 0,interpolation_duration: 1}
$data merge entity $(bone_chest3) {transformation: [-0.9846f,0.0439f,0.169f,-0.1834f,0.1159f,0.8886f,0.4439f,2.3401f,-0.1307f,0.4567f,-0.88f,-0.653f,0f,0f,0f,1f],start_interpolation: 0,interpolation_duration: 1}
$data merge entity $(bone_hugeasssword2) {transformation: [-0.6621f,2.9596f,-2.4785f,-1.0313f,-1.7386f,2.0166f,2.8725f,4.2346f,3.4466f,1.5857f,0.9728f,0.1219f,0f,0f,0f,1f],start_interpolation: 0,interpolation_duration: 1}
$data merge entity $(bone_belt) {transformation: [-0.9846f,0.0439f,0.169f,0.0779f,0.1159f,0.8886f,0.4439f,2.5275f,-0.1307f,0.4567f,-0.88f,-0.0763f,0f,0f,0f,1f],start_interpolation: 0,interpolation_duration: 1}
$data merge entity $(bone_torn_part) {transformation: [-0.967f,0.1993f,0.1587f,-0.181f,0.2412f,0.9171f,0.3175f,2.239f,-0.0823f,0.3453f,-0.9349f,-0.0459f,0f,0f,0f,1f],start_interpolation: 0,interpolation_duration: 1}
$data merge entity $(bone_lowerbody) {transformation: [-0.967f,0.2378f,0.0914f,-0.2156f,0.2412f,0.9701f,0.0271f,1.738f,-0.0823f,0.0482f,-0.9954f,0.0786f,0f,0f,0f,1f],start_interpolation: 0,interpolation_duration: 1}
$data merge entity $(bone_leftfoot) {transformation: [-0.9339f,-0.1695f,-0.3148f,0.4697f,-0.3299f,0.7478f,0.5761f,0.2422f,0.1378f,0.6419f,-0.7543f,-0.1289f,0f,0f,0f,1f],start_interpolation: 0,interpolation_duration: 1}
$data merge entity $(bone_leftlowerleg) {transformation: [-0.9339f,-0.1695f,-0.3148f,0.33f,-0.3299f,0.7478f,0.5761f,0.9833f,0.1378f,0.6419f,-0.7543f,0.6991f,0f,0f,0f,1f],start_interpolation: 0,interpolation_duration: 1}
$data merge entity $(bone_leftleg) {transformation: [-0.9745f,-0.2239f,-0.0104f,0.0943f,-0.1496f,0.6843f,-0.7136f,1.6124f,0.1669f,-0.6939f,-0.7005f,0.1043f,0f,0f,0f,1f],start_interpolation: 0,interpolation_duration: 1}
$data merge entity $(bone_rightfoot) {transformation: [-0.9683f,-0.0827f,0.2356f,-0.4917f,0.0809f,0.7887f,0.6094f,0.3201f,-0.2362f,0.6091f,-0.7571f,-0.1826f,0f,0f,0f,1f],start_interpolation: 0,interpolation_duration: 1}
$data merge entity $(bone_rightlowerleg) {transformation: [-0.9683f,-0.0827f,0.2356f,-0.6197f,0.0809f,0.7887f,0.6094f,1.1015f,-0.2362f,0.6091f,-0.7571f,0.6095f,0f,0f,0f,1f],start_interpolation: 0,interpolation_duration: 1}
$data merge entity $(bone_rightleg) {transformation: [-0.98f,0.1828f,0.0787f,-0.4336f,0.0824f,0.7325f,-0.6758f,1.7728f,-0.1812f,-0.6558f,-0.7329f,0.0428f,0f,0f,0f,1f],start_interpolation: 0,interpolation_duration: 1}
data modify entity @s data merge value {"cameras":{},"locators":{"lefthand":{"posx":0.5251784760671887,"posy":1.822955032853438,"posz":-0.13012129767006167,"roty":354.5099961423727,"rotx":-17.908549998387386},"sword":{"posx":0.9776350471173996,"posy":2.7317545916721295,"posz":2.874103497287158,"roty":330.83529915879467,"rotx":-5.790239051364075},"righthand":{"posx":-0.8101955335496976,"posy":2.3597344903010837,"posz":-0.32947561192918995,"roty":330.83529915879467,"rotx":-5.790239051364075},"chest":{"posx":-0.40627343596108145,"posy":2.0805868088888064,"posz":0.0787539468074191,"roty":10.873786876987822,"rotx":26.352358357838934}}}