# This file was generated by Animated Java via MC-Build. It is not recommended to edit this file directly.
$data merge entity $(bone_nose) {transformation: [-0.9941f,-0.0876f,0.064f,-0.2083f,-0.0274f,0.7733f,0.6334f,3.1562f,-0.105f,0.6279f,-0.7712f,0.788f,0f,0f,0f,1f],start_interpolation: 0,interpolation_duration: 1}
$data merge entity $(bone_glowing_eye) {transformation: [-0.9941f,-0.0876f,0.064f,-0.3408f,-0.0274f,0.7733f,0.6334f,3.1831f,-0.105f,0.6279f,-0.7712f,0.8443f,0f,0f,0f,1f],start_interpolation: 0,interpolation_duration: 1}
$data merge entity $(bone_head) {transformation: [-0.9941f,-0.0876f,0.064f,-0.1855f,-0.0274f,0.7733f,0.6334f,3.1794f,-0.105f,0.6279f,-0.7712f,0.5661f,0f,0f,0f,1f],start_interpolation: 0,interpolation_duration: 1}
$data merge entity $(bone_leftthumb2) {transformation: [-0.9978f,0.0497f,0.0437f,0.8023f,0.0566f,0.9828f,0.1757f,1.8662f,-0.0342f,0.1778f,-0.9835f,0.0495f,0f,0f,0f,1f],start_interpolation: 0,interpolation_duration: 1}
$data merge entity $(bone_leftthumb) {transformation: [-0.9978f,0.0497f,0.0437f,0.8182f,0.0566f,0.9828f,0.1757f,2.1223f,-0.0342f,0.1778f,-0.9835f,0.009f,0f,0f,0f,1f],start_interpolation: 0,interpolation_duration: 1}
$data merge entity $(bone_leftpointerfinger) {transformation: [-0.5721f,0.819f,0.0437f,0.9131f,0.8115f,0.5574f,0.1757f,1.8018f,0.1195f,0.1359f,-0.9835f,-0.0916f,0f,0f,0f,1f],start_interpolation: 0,interpolation_duration: 1}
$data merge entity $(bone_leftmidfinger) {transformation: [-0.6652f,0.7454f,0.0437f,0.9199f,0.7396f,0.6497f,0.1757f,1.8293f,0.1026f,0.1491f,-0.9835f,-0.2453f,0f,0f,0f,1f],start_interpolation: 0,interpolation_duration: 1}
$data merge entity $(bone_leftringfinger) {transformation: [-0.6652f,0.7454f,0.0437f,0.9268f,0.7396f,0.6497f,0.1757f,1.8567f,0.1026f,0.1491f,-0.9835f,-0.399f,0f,0f,0f,1f],start_interpolation: 0,interpolation_duration: 1}
$data merge entity $(bone_invisibility) {transformation: [0.0533f,-0.0392f,0.9978f,0.7301f,0.9944f,-0.0893f,-0.0566f,1.9145f,0.0914f,0.9952f,0.0342f,-0.0479f,0f,0f,0f,1f],start_interpolation: 0,interpolation_duration: 1}
$data merge entity $(bone_swiftness) {transformation: [0.0437f,0.0497f,0.9978f,0.6796f,0.1757f,0.9828f,-0.0566f,1.8173f,-0.9835f,0.1778f,0.0342f,-0.2581f,0f,0f,0f,1f],start_interpolation: 0,interpolation_duration: 1}
$data merge entity $(bone_suspicious_stew) {transformation: [0.0635f,-0.0186f,0.9978f,0.736f,0.965f,0.2562f,-0.0566f,1.9013f,-0.2545f,0.9665f,0.0342f,-0.2406f,0f,0f,0f,1f],start_interpolation: 0,interpolation_duration: 1}
$data merge entity $(bone_log) {transformation: [-0.9978f,0.0497f,0.0437f,0.6507f,0.0566f,0.9828f,0.1757f,2.0377f,-0.0342f,0.1778f,-0.9835f,-0.2677f,0f,0f,0f,1f],start_interpolation: 0,interpolation_duration: 1}
$data merge entity $(bone_planks) {transformation: [-0.9978f,0.0497f,0.0437f,0.5571f,0.0566f,0.9828f,0.1757f,2.043f,-0.0342f,0.1778f,-0.9835f,-0.2709f,0f,0f,0f,1f],start_interpolation: 0,interpolation_duration: 1}
$data merge entity $(bone_lefthand1) {transformation: [-0.9978f,0.0497f,0.0437f,0.9112f,0.0566f,0.9828f,0.1757f,2.2638f,-0.0342f,0.1778f,-0.9835f,-0.184f,0f,0f,0f,1f],start_interpolation: 0,interpolation_duration: 1}
$data merge entity $(bone_leftforearm) {transformation: [-0.3907f,0.6122f,0.6874f,1.3097f,0.4829f,0.7721f,-0.4132f,2.8668f,-0.7837f,0.1706f,-0.5973f,-0.1314f,0f,0f,0f,1f],start_interpolation: 0,interpolation_duration: 1}
$data merge entity $(bone_leftelbow) {transformation: [-0.3907f,0.6122f,0.6874f,1.4245f,0.4829f,0.7721f,-0.4132f,3.0116f,-0.7837f,0.1706f,-0.5973f,-0.0994f,0f,0f,0f,1f],start_interpolation: 0,interpolation_duration: 1}
$data merge entity $(bone_leftarm) {transformation: [-0.7398f,-0.6257f,0.2475f,0.7048f,0.222f,0.1203f,0.9676f,2.9139f,-0.6352f,0.7707f,0.0499f,0.2469f,0f,0f,0f,1f],start_interpolation: 0,interpolation_duration: 1}
$data merge entity $(bone_rightthumb2) {transformation: [-0.7574f,-0.4206f,-0.4994f,-0.6822f,-0.4755f,0.8795f,-0.0196f,1.9754f,0.4474f,0.2226f,-0.8662f,-0.1036f,0f,0f,0f,1f],start_interpolation: 0,interpolation_duration: 1}
$data merge entity $(bone_rightthumb) {transformation: [-0.7574f,-0.4206f,-0.4994f,-0.828f,-0.4755f,0.8795f,-0.0196f,2.1894f,0.4474f,0.2226f,-0.8662f,-0.123f,0f,0f,0f,1f],start_interpolation: 0,interpolation_duration: 1}
$data merge entity $(bone_rightpointerfinger) {transformation: [-0.3475f,-0.7936f,-0.4994f,-0.7962f,-0.9113f,0.4113f,-0.0196f,1.8479f,0.221f,0.4483f,-0.8662f,-0.1877f,0f,0f,0f,1f],start_interpolation: 0,interpolation_duration: 1}
$data merge entity $(bone_rightmidfinger) {transformation: [-0.3126f,-0.808f,-0.4994f,-0.8742f,-0.9283f,0.3712f,-0.0196f,1.8449f,0.2012f,0.4575f,-0.8662f,-0.3231f,0f,0f,0f,1f],start_interpolation: 0,interpolation_duration: 1}
$data merge entity $(bone_rightringfinger) {transformation: [-0.3664f,-0.7851f,-0.4994f,-0.9523f,-0.9012f,0.433f,-0.0196f,1.8418f,0.2316f,0.4429f,-0.8662f,-0.4584f,0f,0f,0f,1f],start_interpolation: 0,interpolation_duration: 1}
$data merge entity $(bone_hugeasssword) {transformation: [-2.9666f,-1.6474f,-1.9559f,-0.7507f,-1.8623f,3.4447f,-0.0767f,2.1501f,1.7525f,0.8719f,-3.3925f,-0.3832f,0f,0f,0f,1f],start_interpolation: 0,interpolation_duration: 1}
$data merge entity $(bone_ice) {transformation: [-0.7574f,-0.4206f,-0.4994f,-0.7323f,-0.4755f,0.8795f,-0.0196f,2.1438f,0.4474f,0.2226f,-0.8662f,-0.3936f,0f,0f,0f,1f],start_interpolation: 0,interpolation_duration: 1}
$data merge entity $(bone_righthand1) {transformation: [-0.7574f,-0.4206f,-0.4994f,-1.0424f,-0.4755f,0.8795f,-0.0196f,2.2442f,0.4474f,0.2226f,-0.8662f,-0.2532f,0f,0f,0f,1f],start_interpolation: 0,interpolation_duration: 1}
$data merge entity $(bone_rightforearm) {transformation: [-0.3313f,-0.7764f,-0.5361f,-1.5461f,-0.4245f,0.6301f,-0.6502f,2.742f,0.8426f,0.0121f,-0.5384f,-0.286f,0f,0f,0f,1f],start_interpolation: 0,interpolation_duration: 1}
$data merge entity $(bone_rightelbow) {transformation: [-0.3313f,-0.7764f,-0.5361f,-1.6917f,-0.4245f,0.6301f,-0.6502f,2.8601f,0.8426f,0.0121f,-0.5384f,-0.2837f,0f,0f,0f,1f],start_interpolation: 0,interpolation_duration: 1}
$data merge entity $(bone_rightarm) {transformation: [-0.7358f,0.6074f,-0.2995f,-1.0124f,-0.2333f,0.1878f,0.9541f,2.8587f,0.6357f,0.7719f,0.0036f,0.0633f,0f,0f,0f,1f],start_interpolation: 0,interpolation_duration: 1}
$data merge entity $(bone_chest1) {transformation: [-1.0769f,-0.0949f,0.0693f,-0.125f,-0.0297f,0.8378f,0.6862f,2.7233f,-0.1138f,0.6803f,-0.8354f,0.0905f,0f,0f,0f,1f],start_interpolation: 0,interpolation_duration: 1}
$data merge entity $(bone_chest1lid) {transformation: [-0.9941f,-0.0876f,0.064f,-0.4296f,-0.0274f,0.7733f,0.6334f,1.9375f,-0.105f,0.6279f,-0.7712f,-0.0727f,0f,0f,0f,1f],start_interpolation: 0,interpolation_duration: 1}
$data merge entity $(bone_chest2) {transformation: [-0.9941f,-0.0876f,0.064f,-0.4159f,-0.0274f,0.7733f,0.6334f,1.8167f,-0.105f,0.6279f,-0.7712f,-0.1708f,0f,0f,0f,1f],start_interpolation: 0,interpolation_duration: 1}
$data merge entity $(bone_chest1lid3) {transformation: [-0.9941f,-0.0876f,0.064f,-0.3265f,-0.0274f,0.7733f,0.6334f,2.345f,-0.105f,0.6279f,-0.7712f,-0.5602f,0f,0f,0f,1f],start_interpolation: 0,interpolation_duration: 1}
$data merge entity $(bone_chest3) {transformation: [-0.9941f,-0.0876f,0.064f,-0.3128f,-0.0274f,0.7733f,0.6334f,2.2242f,-0.105f,0.6279f,-0.7712f,-0.6583f,0f,0f,0f,1f],start_interpolation: 0,interpolation_duration: 1}
$data merge entity $(bone_hugeasssword2) {transformation: [-0.2507f,2.6387f,-2.8835f,-1.4346f,-2.4809f,2.1253f,2.1606f,3.7546f,3.0203f,1.9648f,1.5354f,0.4854f,0f,0f,0f,1f],start_interpolation: 0,interpolation_duration: 1}
$data merge entity $(bone_belt) {transformation: [-0.9941f,-0.0876f,0.064f,-0.0667f,-0.0274f,0.7733f,0.6334f,2.3332f,-0.105f,0.6279f,-0.7712f,-0.0553f,0f,0f,0f,1f],start_interpolation: 0,interpolation_duration: 1}
$data merge entity $(bone_torn_part) {transformation: [-0.8822f,-0.3623f,0.3008f,0.0064f,-0.1896f,0.858f,0.4774f,1.9836f,-0.431f,0.3641f,-0.8256f,-0.056f,0f,0f,0f,1f],start_interpolation: 0,interpolation_duration: 1}
$data merge entity $(bone_lowerbody) {transformation: [-0.8822f,-0.2551f,0.3958f,0.1615f,-0.1896f,0.9618f,0.1973f,1.5047f,-0.431f,0.099f,-0.8969f,0.0639f,0f,0f,0f,1f],start_interpolation: 0,interpolation_duration: 1}
$data merge entity $(bone_leftfoot) {transformation: [-0.9513f,-0.056f,-0.303f,0.4757f,-0.272f,0.6148f,0.7404f,0.3848f,0.1448f,0.7867f,-0.6001f,-0.0869f,0f,0f,0f,1f],start_interpolation: 0,interpolation_duration: 1}
$data merge entity $(bone_leftlowerleg) {transformation: [-0.9513f,-0.056f,-0.303f,0.4602f,-0.272f,0.6148f,0.7404f,0.953f,0.1448f,0.7867f,-0.6001f,0.8781f,0f,0f,0f,1f],start_interpolation: 0,interpolation_duration: 1}
$data merge entity $(bone_leftleg) {transformation: [-0.9935f,-0.0956f,0.0619f,0.3628f,-0.1092f,0.647f,-0.7547f,1.5157f,0.0321f,-0.7565f,-0.6532f,0.2109f,0f,0f,0f,1f],start_interpolation: 0,interpolation_duration: 1}
$data merge entity $(bone_rightfoot) {transformation: [-0.9335f,0.0215f,0.3579f,-0.4508f,0.2663f,0.7101f,0.6518f,0.2955f,-0.2401f,0.7038f,-0.6686f,-0.2305f,0f,0f,0f,1f],start_interpolation: 0,interpolation_duration: 1}
$data merge entity $(bone_rightlowerleg) {transformation: [-0.9335f,0.0215f,0.3579f,-0.4819f,0.2663f,0.7101f,0.6518f,0.9831f,-0.2401f,0.7038f,-0.6686f,0.653f,0f,0f,0f,1f],start_interpolation: 0,interpolation_duration: 1}
$data merge entity $(bone_rightleg) {transformation: [-0.9357f,0.347f,-0.0631f,-0.1508f,0.2429f,0.5043f,-0.8287f,1.406f,-0.2558f,-0.7907f,-0.5562f,-0.0283f,0f,0f,0f,1f],start_interpolation: 0,interpolation_duration: 1}
data modify entity @s data merge value {"cameras":{},"locators":{"lefthand":{"posx":0.7396508580752791,"posy":1.952891117997682,"posz":-0.2630124173355385,"roty":2.541503622623196,"rotx":10.117297809242638},"sword":{"posx":1.0525160382660514,"posy":2.1580197944108375,"posz":2.8523551555059914,"roty":330.0352356039606,"rotx":-1.1224091191227101},"righthand":{"posx":-0.7889163140203965,"posy":2.0857872679385205,"posz":-0.3416338244487353,"roty":330.0352356039606,"rotx":-1.1224091191227101},"chest":{"posx":-0.4651935110977339,"posy":1.7893588867239527,"posz":0.005247712782199793,"roty":4.7453786640851945,"rotx":39.30325810003742}}}