# This file was generated by Animated Java via MC-Build. It is not recommended to edit this file directly.
$data merge entity $(bone_nose) {transformation: [-0.9992f,0.015f,-0.0383f,-0.1636f,-0.0107f,0.8036f,0.5951f,3.1033f,0.0397f,0.595f,-0.8027f,0.7303f,0f,0f,0f,1f],start_interpolation: 0,interpolation_duration: 1}
$data merge entity $(bone_glowing_eye) {transformation: [-0.9992f,0.015f,-0.0383f,-0.2861f,-0.0107f,0.8036f,0.5951f,3.1356f,0.0397f,0.595f,-0.8027f,0.8035f,0f,0f,0f,1f],start_interpolation: 0,interpolation_duration: 1}
$data merge entity $(bone_head) {transformation: [-0.9992f,0.015f,-0.0383f,-0.1726f,-0.0107f,0.8036f,0.5951f,3.1155f,0.0397f,0.595f,-0.8027f,0.5065f,0f,0f,0f,1f],start_interpolation: 0,interpolation_duration: 1}
$data merge entity $(bone_leftthumb2) {transformation: [-0.9902f,0.1331f,-0.0412f,0.6652f,0.1254f,0.9801f,0.1538f,1.8224f,0.0608f,0.1471f,-0.9872f,-0.0922f,0f,0f,0f,1f],start_interpolation: 0,interpolation_duration: 1}
$data merge entity $(bone_leftthumb) {transformation: [-0.9902f,0.1331f,-0.0412f,0.6943f,0.1254f,0.9801f,0.1538f,2.0759f,0.0608f,0.1471f,-0.9872f,-0.1405f,0f,0f,0f,1f],start_interpolation: 0,interpolation_duration: 1}
$data merge entity $(bone_leftpointerfinger) {transformation: [-0.4904f,0.8705f,-0.0412f,0.757f,0.8578f,0.4905f,0.1538f,1.7478f,0.1541f,0.0401f,-0.9872f,-0.2417f,0f,0f,0f,1f],start_interpolation: 0,interpolation_duration: 1}
$data merge entity $(bone_leftmidfinger) {transformation: [-0.5915f,0.8053f,-0.0412f,0.7506f,0.7926f,0.5901f,0.1538f,1.7718f,0.1481f,0.0584f,-0.9872f,-0.3959f,0f,0f,0f,1f],start_interpolation: 0,interpolation_duration: 1}
$data merge entity $(bone_leftringfinger) {transformation: [-0.5915f,0.8053f,-0.0412f,0.7442f,0.7926f,0.5901f,0.1538f,1.7959f,0.1481f,0.0584f,-0.9872f,-0.5502f,0f,0f,0f,1f],start_interpolation: 0,interpolation_duration: 1}
$data merge entity $(bone_invisibility) {transformation: [0.1291f,0.0526f,0.9902f,0.5872f,0.9898f,-0.0678f,-0.1254f,1.8737f,0.0605f,0.9963f,-0.0608f,-0.1833f,0f,0f,0f,1f],start_interpolation: 0,interpolation_duration: 1}
$data merge entity $(bone_swiftness) {transformation: [-0.0412f,0.1331f,0.9902f,0.5099f,0.1538f,0.9801f,-0.1254f,1.7763f,-0.9872f,0.1471f,-0.0608f,-0.3852f,0f,0f,0f,1f],start_interpolation: 0,interpolation_duration: 1}
$data merge entity $(bone_suspicious_stew) {transformation: [0.1033f,0.0936f,0.9902f,0.5733f,0.9533f,0.2748f,-0.1254f,1.8566f,-0.2839f,0.9569f,-0.0608f,-0.3753f,0f,0f,0f,1f],start_interpolation: 0,interpolation_duration: 1}
$data merge entity $(bone_log) {transformation: [-0.9902f,0.1331f,-0.0412f,0.4951f,0.1254f,0.9801f,0.1538f,1.9981f,0.0608f,0.1471f,-0.9872f,-0.3975f,0f,0f,0f,1f],start_interpolation: 0,interpolation_duration: 1}
$data merge entity $(bone_planks) {transformation: [-0.9902f,0.1331f,-0.0412f,0.4023f,0.1254f,0.9801f,0.1538f,2.0098f,0.0608f,0.1471f,-0.9872f,-0.3918f,0f,0f,0f,1f],start_interpolation: 0,interpolation_duration: 1}
$data merge entity $(bone_lefthand1) {transformation: [-0.9902f,0.1331f,-0.0412f,0.7773f,0.1254f,0.9801f,0.1538f,2.2069f,0.0608f,0.1471f,-0.9872f,-0.3451f,0f,0f,0f,1f],start_interpolation: 0,interpolation_duration: 1}
$data merge entity $(bone_leftforearm) {transformation: [-0.4798f,0.6707f,0.5657f,1.2105f,0.4701f,0.7409f,-0.4797f,2.7862f,-0.7408f,0.0358f,-0.6707f,-0.3819f,0f,0f,0f,1f],start_interpolation: 0,interpolation_duration: 1}
$data merge entity $(bone_leftelbow) {transformation: [-0.4798f,0.6707f,0.5657f,1.3362f,0.4701f,0.7409f,-0.4797f,2.9251f,-0.7408f,0.0358f,-0.6707f,-0.3752f,0f,0f,0f,1f],start_interpolation: 0,interpolation_duration: 1}
$data merge entity $(bone_leftarm) {transformation: [-0.8205f,-0.5164f,0.2452f,0.6603f,0.2188f,0.1126f,0.9693f,2.8251f,-0.5281f,0.8489f,0.0206f,0.0761f,0f,0f,0f,1f],start_interpolation: 0,interpolation_duration: 1}
$data merge entity $(bone_rightthumb2) {transformation: [-0.7272f,-0.398f,-0.5593f,-0.7603f,-0.4912f,0.8708f,0.0189f,1.8978f,0.4795f,0.2885f,-0.8288f,0.022f,0f,0f,0f,1f],start_interpolation: 0,interpolation_duration: 1}
$data merge entity $(bone_rightthumb) {transformation: [-0.7272f,-0.398f,-0.5593f,-0.9057f,-0.4912f,0.8708f,0.0189f,2.113f,0.4795f,0.2885f,-0.8288f,0.0219f,0f,0f,0f,1f],start_interpolation: 0,interpolation_duration: 1}
$data merge entity $(bone_rightpointerfinger) {transformation: [-0.3188f,-0.7652f,-0.5593f,-0.8809f,-0.9277f,0.3727f,0.0189f,1.7744f,0.194f,0.5249f,-0.8288f,-0.0592f,0f,0f,0f,1f],start_interpolation: 0,interpolation_duration: 1}
$data merge entity $(bone_rightmidfinger) {transformation: [-0.2852f,-0.7784f,-0.5593f,-0.9683f,-0.9431f,0.3319f,0.0189f,1.7773f,0.1709f,0.5329f,-0.8288f,-0.1887f,0f,0f,0f,1f],start_interpolation: 0,interpolation_duration: 1}
$data merge entity $(bone_rightringfinger) {transformation: [-0.339f,-0.7565f,-0.5593f,-1.0556f,-0.9175f,0.3972f,0.0189f,1.7803f,0.2079f,0.5196f,-0.8288f,-0.3182f,0f,0f,0f,1f],start_interpolation: 0,interpolation_duration: 1}
$data merge entity $(bone_hugeasssword) {transformation: [-2.8481f,-1.5589f,-2.1906f,-0.8472f,-1.9239f,3.4108f,0.074f,2.0844f,1.8782f,1.1299f,-3.246f,-0.2445f,0f,0f,0f,1f],start_interpolation: 0,interpolation_duration: 1}
$data merge entity $(bone_ice) {transformation: [-0.7272f,-0.398f,-0.5593f,-0.8296f,-0.4912f,0.8708f,0.0189f,2.0785f,0.4795f,0.2885f,-0.8288f,-0.2565f,0f,0f,0f,1f],start_interpolation: 0,interpolation_duration: 1}
$data merge entity $(bone_righthand1) {transformation: [-0.7272f,-0.398f,-0.5593f,-1.1284f,-0.4912f,0.8708f,0.0189f,2.174f,0.4795f,0.2885f,-0.8288f,-0.0904f,0f,0f,0f,1f],start_interpolation: 0,interpolation_duration: 1}
$data merge entity $(bone_rightforearm) {transformation: [-0.1785f,-0.7956f,-0.5789f,-1.6556f,-0.3217f,0.6032f,-0.7298f,2.6448f,0.9299f,0.056f,-0.3636f,-0.1007f,0f,0f,0f,1f],start_interpolation: 0,interpolation_duration: 1}
$data merge entity $(bone_rightelbow) {transformation: [-0.1785f,-0.7956f,-0.5789f,-1.8047f,-0.3217f,0.6032f,-0.7298f,2.7579f,0.9299f,0.056f,-0.3636f,-0.0902f,0f,0f,0f,1f],start_interpolation: 0,interpolation_duration: 1}
$data merge entity $(bone_rightarm) {transformation: [-0.6231f,0.7258f,-0.2914f,-1.0715f,-0.1575f,0.2485f,0.9557f,2.7806f,0.7661f,0.6414f,-0.0405f,0.1443f,0f,0f,0f,1f],start_interpolation: 0,interpolation_duration: 1}
$data merge entity $(bone_chest1) {transformation: [-1.0824f,0.0163f,-0.0414f,-0.1879f,-0.0116f,0.8705f,0.6447f,2.6365f,0.043f,0.6446f,-0.8696f,0.0503f,0f,0f,0f,1f],start_interpolation: 0,interpolation_duration: 1}
$data merge entity $(bone_chest1lid) {transformation: [-0.9992f,0.015f,-0.0383f,-0.5243f,-0.0107f,0.8036f,0.5951f,1.8507f,0.0397f,0.595f,-0.8027f,-0.0287f,0f,0f,0f,1f],start_interpolation: 0,interpolation_duration: 1}
$data merge entity $(bone_chest2) {transformation: [-0.9992f,0.015f,-0.0383f,-0.5266f,-0.0107f,0.8036f,0.5951f,1.7252f,0.0397f,0.595f,-0.8027f,-0.1217f,0f,0f,0f,1f],start_interpolation: 0,interpolation_duration: 1}
$data merge entity $(bone_chest1lid3) {transformation: [-0.9992f,0.015f,-0.0383f,-0.4864f,-0.0107f,0.8036f,0.5951f,2.2326f,0.0397f,0.595f,-0.8027f,-0.5454f,0f,0f,0f,1f],start_interpolation: 0,interpolation_duration: 1}
$data merge entity $(bone_chest3) {transformation: [-0.9992f,0.015f,-0.0383f,-0.4887f,-0.0107f,0.8036f,0.5951f,2.1071f,0.0397f,0.595f,-0.8027f,-0.6384f,0f,0f,0f,1f],start_interpolation: 0,interpolation_duration: 1}
$data merge entity $(bone_hugeasssword2) {transformation: [0.1498f,2.9249f,-2.6005f,-1.4116f,-2.3308f,2.1573f,2.2921f,3.7133f,3.1441f,1.4599f,1.8232f,0.5769f,0f,0f,0f,1f],start_interpolation: 0,interpolation_duration: 1}
$data merge entity $(bone_belt) {transformation: [-0.9992f,0.015f,-0.0383f,-0.1568f,-0.0107f,0.8036f,0.5951f,2.2388f,0.0397f,0.595f,-0.8027f,-0.0829f,0f,0f,0f,1f],start_interpolation: 0,interpolation_duration: 1}
$data merge entity $(bone_torn_part) {transformation: [-0.9182f,-0.3697f,0.1424f,-0.0605f,-0.2933f,0.8759f,0.3832f,1.8808f,-0.2664f,0.3101f,-0.9126f,-0.0627f,0f,0f,0f,1f],start_interpolation: 0,interpolation_duration: 1}
$data merge entity $(bone_lowerbody) {transformation: [-0.9182f,-0.3098f,0.247f,0.1457f,-0.2933f,0.9506f,0.1021f,1.431f,-0.2664f,0.0213f,-0.9636f,0.0884f,0f,0f,0f,1f],start_interpolation: 0,interpolation_duration: 1}
$data merge entity $(bone_leftfoot) {transformation: [-0.9089f,0.0877f,-0.4076f,0.4653f,-0.2779f,0.6015f,0.749f,0.4373f,0.3109f,0.7941f,-0.5223f,-0.0923f,0f,0f,0f,1f],start_interpolation: 0,interpolation_duration: 1}
$data merge entity $(bone_leftlowerleg) {transformation: [-0.9089f,0.0877f,-0.4076f,0.6253f,-0.2779f,0.6015f,0.749f,0.9894f,0.3109f,0.7941f,-0.5223f,0.8689f,0f,0f,0f,1f],start_interpolation: 0,interpolation_duration: 1}
$data merge entity $(bone_leftleg) {transformation: [-0.9597f,-0.2805f,-0.0171f,0.3643f,-0.1529f,0.5721f,-0.8058f,1.4697f,0.2358f,-0.7707f,-0.5919f,0.1934f,0f,0f,0f,1f],start_interpolation: 0,interpolation_duration: 1}
$data merge entity $(bone_rightfoot) {transformation: [-0.8963f,0.0908f,0.4341f,-0.4196f,0.4005f,0.5861f,0.7044f,0.3485f,-0.1905f,0.8052f,-0.5616f,-0.2036f,0f,0f,0f,1f],start_interpolation: 0,interpolation_duration: 1}
$data merge entity $(bone_rightlowerleg) {transformation: [-0.8963f,0.0908f,0.4341f,-0.3856f,0.4005f,0.5861f,0.7044f,0.8905f,-0.1905f,0.8052f,-0.5616f,0.776f,0f,0f,0f,1f],start_interpolation: 0,interpolation_duration: 1}
$data merge entity $(bone_rightleg) {transformation: [-0.9488f,0.2152f,-0.2314f,-0.1943f,0.3103f,0.4969f,-0.8104f,1.2934f,-0.0595f,-0.8407f,-0.5382f,0.0307f,0f,0f,0f,1f],start_interpolation: 0,interpolation_duration: 1}
data modify entity @s data merge value {"cameras":{},"locators":{"lefthand":{"posx":0.5782119596681272,"posy":1.9073392229664698,"posz":-0.39929776515316273,"roty":357.61310096796194,"rotx":8.847113027905774},"sword":{"posx":1.1795552116164147,"posy":1.9488066211252346,"posz":2.85292894055726,"roty":325.98611694804083,"rotx":1.083257397033666},"righthand":{"posx":-0.8828406451534725,"posy":2.0185198480891615,"posz":-0.20310110608244664,"roty":325.98611694804083,"rotx":1.083257397033666},"chest":{"posx":-0.5504740375651069,"posy":1.70717694273978,"posz":0.060796753940833836,"roty":357.2715241548483,"rotx":36.51995369091942}}}