# This file was generated by Animated Java via MC-Build. It is not recommended to edit this file directly.
$data merge entity $(bone_nose) {transformation: [-0.9882f,0.1057f,-0.1107f,-0.0129f,0.0259f,0.8283f,0.5597f,3.019f,0.1508f,0.5502f,-0.8213f,0.6684f,0f,0f,0f,1f],start_interpolation: 0,interpolation_duration: 1}
$data merge entity $(bone_glowing_eye) {transformation: [-0.9882f,0.1057f,-0.1107f,-0.1254f,0.0259f,0.8283f,0.5597f,3.0588f,0.1508f,0.5502f,-0.8213f,0.7531f,0f,0f,0f,1f],start_interpolation: 0,interpolation_duration: 1}
$data merge entity $(bone_head) {transformation: [-0.9882f,0.1057f,-0.1107f,-0.0467f,0.0259f,0.8283f,0.5597f,3.0216f,0.1508f,0.5502f,-0.8213f,0.4466f,0f,0f,0f,1f],start_interpolation: 0,interpolation_duration: 1}
$data merge entity $(bone_leftthumb2) {transformation: [-0.9063f,0.4139f,-0.0857f,0.4791f,0.4115f,0.9103f,0.0451f,1.6604f,0.0967f,0.0056f,-0.9953f,-0.1703f,0f,0f,0f,1f],start_interpolation: 0,interpolation_duration: 1}
$data merge entity $(bone_leftthumb) {transformation: [-0.9063f,0.4139f,-0.0857f,0.5733f,0.4115f,0.9103f,0.0451f,1.8875f,0.0967f,0.0056f,-0.9953f,-0.254f,0f,0f,0f,1f],start_interpolation: 0,interpolation_duration: 1}
$data merge entity $(bone_leftpointerfinger) {transformation: [-0.1985f,0.9763f,-0.0857f,0.5326f,0.9782f,0.2028f,0.0451f,1.5459f,0.0614f,-0.0749f,-0.9953f,-0.3131f,0f,0f,0f,1f],start_interpolation: 0,interpolation_duration: 1}
$data merge entity $(bone_leftmidfinger) {transformation: [-0.3166f,0.9447f,-0.0857f,0.5192f,0.9459f,0.3212f,0.0451f,1.553f,0.0702f,-0.0668f,-0.9953f,-0.4686f,0f,0f,0f,1f],start_interpolation: 0,interpolation_duration: 1}
$data merge entity $(bone_leftringfinger) {transformation: [-0.3166f,0.9447f,-0.0857f,0.5058f,0.9459f,0.3212f,0.0451f,1.56f,0.0702f,-0.0668f,-0.9953f,-0.6241f,0f,0f,0f,1f],start_interpolation: 0,interpolation_duration: 1}
$data merge entity $(bone_invisibility) {transformation: [0.4049f,0.1214f,0.9063f,0.4106f,0.9108f,0.0344f,-0.4115f,1.7212f,-0.0811f,0.992f,-0.0967f,-0.2632f,0f,0f,0f,1f],start_interpolation: 0,interpolation_duration: 1}
$data merge entity $(bone_swiftness) {transformation: [-0.0857f,0.4139f,0.9063f,0.2913f,0.0451f,0.9103f,-0.4115f,1.6279f,-0.9953f,0.0056f,-0.0967f,-0.4456f,0f,0f,0f,1f],start_interpolation: 0,interpolation_duration: 1}
$data merge entity $(bone_suspicious_stew) {transformation: [0.3389f,0.2526f,0.9063f,0.3751f,0.8441f,0.3438f,-0.4115f,1.687f,-0.4155f,0.9044f,-0.0967f,-0.4501f,0f,0f,0f,1f],start_interpolation: 0,interpolation_duration: 1}
$data merge entity $(bone_log) {transformation: [-0.9063f,0.4139f,-0.0857f,0.3379f,0.4115f,0.9103f,0.0451f,1.8415f,0.0967f,0.0056f,-0.9953f,-0.487f,0f,0f,0f,1f],start_interpolation: 0,interpolation_duration: 1}
$data merge entity $(bone_planks) {transformation: [-0.9063f,0.4139f,-0.0857f,0.2529f,0.4115f,0.9103f,0.0451f,1.8801f,0.0967f,0.0056f,-0.9953f,-0.4779f,0f,0f,0f,1f],start_interpolation: 0,interpolation_duration: 1}
$data merge entity $(bone_lefthand1) {transformation: [-0.9063f,0.4139f,-0.0857f,0.6706f,0.4115f,0.9103f,0.0451f,1.9648f,0.0967f,0.0056f,-0.9953f,-0.4787f,0f,0f,0f,1f],start_interpolation: 0,interpolation_duration: 1}
$data merge entity $(bone_leftforearm) {transformation: [-0.2896f,0.8419f,0.4553f,1.2449f,0.5714f,0.5337f,-0.6234f,2.4045f,-0.7678f,0.0796f,-0.6357f,-0.4953f,0f,0f,0f,1f],start_interpolation: 0,interpolation_duration: 1}
$data merge entity $(bone_leftelbow) {transformation: [-0.2896f,0.8419f,0.4553f,1.4028f,0.5714f,0.5337f,-0.6234f,2.5045f,-0.7678f,0.0796f,-0.6357f,-0.4804f,0f,0f,0f,1f],start_interpolation: 0,interpolation_duration: 1}
$data merge entity $(bone_leftarm) {transformation: [-0.6786f,-0.4448f,0.5844f,0.7492f,0.4532f,0.3726f,0.8098f,2.6885f,-0.578f,0.8144f,-0.0512f,-0.0674f,0f,0f,0f,1f],start_interpolation: 0,interpolation_duration: 1}
$data merge entity $(bone_rightthumb2) {transformation: [-0.7823f,-0.1625f,-0.6013f,-0.8222f,-0.2224f,0.9746f,0.026f,1.8348f,0.5818f,0.1541f,-0.7986f,0.2159f,0f,0f,0f,1f],start_interpolation: 0,interpolation_duration: 1}
$data merge entity $(bone_rightthumb) {transformation: [-0.7823f,-0.1625f,-0.6013f,-0.9135f,-0.2224f,0.9746f,0.026f,2.0761f,0.5818f,0.1541f,-0.7986f,0.1854f,0f,0f,0f,1f],start_interpolation: 0,interpolation_duration: 1}
$data merge entity $(bone_rightpointerfinger) {transformation: [-0.4882f,-0.6325f,-0.6013f,-0.9739f,-0.8031f,0.5952f,0.026f,1.7332f,0.3414f,0.4957f,-0.7986f,0.1611f,0f,0f,0f,1f],start_interpolation: 0,interpolation_duration: 1}
$data merge entity $(bone_rightmidfinger) {transformation: [-0.4602f,-0.6532f,-0.6013f,-1.0679f,-0.8283f,0.5596f,0.026f,1.7372f,0.3195f,0.5101f,-0.7986f,0.0363f,0f,0f,0f,1f],start_interpolation: 0,interpolation_duration: 1}
$data merge entity $(bone_rightringfinger) {transformation: [-0.5071f,-0.6174f,-0.6013f,-1.1618f,-0.7848f,0.6192f,0.026f,1.7413f,0.3563f,0.4851f,-0.7986f,-0.0885f,0f,0f,0f,1f],start_interpolation: 0,interpolation_duration: 1}
$data merge entity $(bone_hugeasssword) {transformation: [-3.0641f,-0.6363f,-2.3552f,-0.8837f,-0.8712f,3.8172f,0.102f,1.9939f,2.2788f,0.6037f,-3.1278f,-0.0745f,0f,0f,0f,1f],start_interpolation: 0,interpolation_duration: 1}
$data merge entity $(bone_ice) {transformation: [-0.7823f,-0.1625f,-0.6013f,-0.8689f,-0.2224f,0.9746f,0.026f,1.9821f,0.5818f,0.1541f,-0.7986f,-0.086f,0f,0f,0f,1f],start_interpolation: 0,interpolation_duration: 1}
$data merge entity $(bone_righthand1) {transformation: [-0.7823f,-0.1625f,-0.6013f,-1.1239f,-0.2224f,0.9746f,0.026f,2.171f,0.5818f,0.1541f,-0.7986f,0.073f,0f,0f,0f,1f],start_interpolation: 0,interpolation_duration: 1}
$data merge entity $(bone_rightforearm) {transformation: [-0.1733f,-0.726f,-0.6655f,-1.5888f,-0.1184f,0.6862f,-0.7177f,2.6918f,0.9777f,-0.0456f,-0.2049f,-0.0151f,0f,0f,0f,1f],start_interpolation: 0,interpolation_duration: 1}
$data merge entity $(bone_rightelbow) {transformation: [-0.1733f,-0.726f,-0.6655f,-1.7249f,-0.1184f,0.6862f,-0.7177f,2.8205f,0.9777f,-0.0456f,-0.2049f,-0.0237f,0f,0f,0f,1f],start_interpolation: 0,interpolation_duration: 1}
$data merge entity $(bone_rightarm) {transformation: [-0.6086f,0.7926f,-0.0374f,-0.981f,0.0977f,0.1217f,0.9878f,2.6893f,0.7874f,0.5975f,-0.1515f,0.2044f,0f,0f,0f,1f],start_interpolation: 0,interpolation_duration: 1}
$data merge entity $(bone_chest1) {transformation: [-1.0706f,0.1145f,-0.1199f,-0.1274f,0.0281f,0.8973f,0.6063f,2.5235f,0.1634f,0.5961f,-0.8897f,0.0186f,0f,0f,0f,1f],start_interpolation: 0,interpolation_duration: 1}
$data merge entity $(bone_chest1lid) {transformation: [-0.9882f,0.1057f,-0.1107f,-0.4937f,0.0259f,0.8283f,0.5597f,1.7472f,0.1508f,0.5502f,-0.8213f,0.0155f,0f,0f,0f,1f],start_interpolation: 0,interpolation_duration: 1}
$data merge entity $(bone_chest2) {transformation: [-0.9882f,0.1057f,-0.1107f,-0.5103f,0.0259f,0.8283f,0.5597f,1.6178f,0.1508f,0.5502f,-0.8213f,-0.0705f,0f,0f,0f,1f],start_interpolation: 0,interpolation_duration: 1}
$data merge entity $(bone_chest1lid3) {transformation: [-0.9882f,0.1057f,-0.1107f,-0.5029f,0.0259f,0.8283f,0.5597f,2.1041f,0.1508f,0.5502f,-0.8213f,-0.5201f,0f,0f,0f,1f],start_interpolation: 0,interpolation_duration: 1}
$data merge entity $(bone_chest3) {transformation: [-0.9882f,0.1057f,-0.1107f,-0.5194f,0.0259f,0.8283f,0.5597f,1.9747f,0.1508f,0.5502f,-0.8213f,-0.6061f,0f,0f,0f,1f],start_interpolation: 0,interpolation_duration: 1}
$data merge entity $(bone_hugeasssword2) {transformation: [0.4335f,3.1334f,-2.3096f,-1.2516f,-2.192f,2.1169f,2.4605f,3.6648f,3.2167f,1.0203f,1.9879f,0.6253f,0f,0f,0f,1f],start_interpolation: 0,interpolation_duration: 1}
$data merge entity $(bone_belt) {transformation: [-0.9882f,0.1057f,-0.1107f,-0.1234f,0.0259f,0.8283f,0.5597f,2.1194f,0.1508f,0.5502f,-0.8213f,-0.0979f,0f,0f,0f,1f],start_interpolation: 0,interpolation_duration: 1}
$data merge entity $(bone_torn_part) {transformation: [-0.9907f,-0.0732f,-0.1143f,-0.2482f,-0.1016f,0.9582f,0.2673f,1.7373f,0.09f,0.2764f,-0.9568f,-0.0424f,0f,0f,0f,1f],start_interpolation: 0,interpolation_duration: 1}
$data merge entity $(bone_lowerbody) {transformation: [-0.9907f,-0.1042f,-0.087f,-0.0884f,-0.1016f,0.9943f,-0.0332f,1.2664f,0.09f,-0.0241f,-0.9957f,0.1006f,0f,0f,0f,1f],start_interpolation: 0,interpolation_duration: 1}
$data merge entity $(bone_leftfoot) {transformation: [-0.811f,0.2132f,-0.5448f,0.386f,-0.2833f,0.6716f,0.6846f,0.3901f,0.5119f,0.7095f,-0.4843f,-0.0659f,0f,0f,0f,1f],start_interpolation: 0,interpolation_duration: 1}
$data merge entity $(bone_leftlowerleg) {transformation: [-0.811f,0.2132f,-0.5448f,0.7063f,-0.2833f,0.6716f,0.6846f,1.03f,0.5119f,0.7095f,-0.4843f,0.7957f,0f,0f,0f,1f],start_interpolation: 0,interpolation_duration: 1}
$data merge entity $(bone_leftleg) {transformation: [-0.8434f,-0.5372f,0.0111f,0.2249f,-0.2263f,0.3364f,-0.9142f,1.2783f,0.4873f,-0.7735f,-0.4053f,0.1307f,0f,0f,0f,1f],start_interpolation: 0,interpolation_duration: 1}
$data merge entity $(bone_rightfoot) {transformation: [-0.9305f,0.1594f,0.3297f,-0.4919f,0.3642f,0.4985f,0.7867f,0.4598f,-0.0389f,0.8521f,-0.5219f,-0.0572f,0f,0f,0f,1f],start_interpolation: 0,interpolation_duration: 1}
$data merge entity $(bone_rightlowerleg) {transformation: [-0.9305f,0.1594f,0.3297f,-0.3657f,0.3642f,0.4985f,0.7867f,0.892f,-0.0389f,0.8521f,-0.5219f,0.9683f,0f,0f,0f,1f],start_interpolation: 0,interpolation_duration: 1}
$data merge entity $(bone_rightleg) {transformation: [-0.9513f,-0.0259f,-0.307f,-0.4015f,0.2671f,0.4274f,-0.8637f,1.2087f,0.1536f,-0.9037f,-0.3997f,0.1631f,0f,0f,0f,1f],start_interpolation: 0,interpolation_duration: 1}
data modify entity @s data merge value {"cameras":{},"locators":{"lefthand":{"posx":0.3918475163526633,"posy":1.7311198866867126,"posz":-0.48096061293649794,"roty":355.078786423922,"rotx":2.58668682022053},"sword":{"posx":1.2870878007808597,"posy":1.8495744614009064,"posz":2.9233885799085693,"roty":323.0203282647996,"rotx":1.4926661421731453},"righthand":{"posx":-0.9303074070962926,"posy":1.9456301193648455,"posz":-0.021367446090283723,"roty":323.0203282647996,"rotx":1.4926661421731453},"chest":{"posx":-0.5139365262391976,"posy":1.6087813412665233,"posz":0.11413222459389627,"roty":352.3250516299279,"rotx":34.03299639349332}}}