# This file was generated by Animated Java via MC-Build. It is not recommended to edit this file directly.
$data merge entity $(bone_nose) {transformation: [-0.9939f,0.1099f,0.004f,0.1728f,0.0747f,0.6479f,0.7581f,2.7937f,0.0808f,0.7538f,-0.6522f,1.0255f,0f,0f,0f,1f],start_interpolation: 0,interpolation_duration: 1}
$data merge entity $(bone_glowing_eye) {transformation: [-0.9939f,0.1099f,0.004f,0.0559f,0.0747f,0.6479f,0.7581f,2.8205f,0.0808f,0.7538f,-0.6522f,1.1094f,0f,0f,0f,1f],start_interpolation: 0,interpolation_duration: 1}
$data merge entity $(bone_head) {transformation: [-0.9939f,0.1099f,0.004f,0.16f,0.0747f,0.6479f,0.7581f,2.8557f,0.0808f,0.7538f,-0.6522f,0.8103f,0f,0f,0f,1f],start_interpolation: 0,interpolation_duration: 1}
$data merge entity $(bone_leftthumb2) {transformation: [-0.8148f,0.576f,0.066f,0.4583f,0.5797f,0.809f,0.0975f,1.529f,0.0027f,0.1177f,-0.993f,0.0156f,0f,0f,0f,1f],start_interpolation: 0,interpolation_duration: 1}
$data merge entity $(bone_leftthumb) {transformation: [-0.8148f,0.576f,0.066f,0.6052f,0.5797f,0.809f,0.0975f,1.7357f,0.0027f,0.1177f,-0.993f,-0.0404f,0f,0f,0f,1f],start_interpolation: 0,interpolation_duration: 1}
$data merge entity $(bone_leftpointerfinger) {transformation: [0.0112f,0.9978f,0.066f,0.5084f,0.9951f,-0.0176f,0.0975f,1.4115f,0.0984f,0.0646f,-0.993f,-0.1258f,0f,0f,0f,1f],start_interpolation: 0,interpolation_duration: 1}
$data merge entity $(bone_leftmidfinger) {transformation: [-0.1143f,0.9912f,0.066f,0.5187f,0.9894f,0.1076f,0.0975f,1.4267f,0.0895f,0.0765f,-0.993f,-0.281f,0f,0f,0f,1f],start_interpolation: 0,interpolation_duration: 1}
$data merge entity $(bone_leftringfinger) {transformation: [-0.1143f,0.9912f,0.066f,0.529f,0.9894f,0.1076f,0.0975f,1.4419f,0.0895f,0.0765f,-0.993f,-0.4361f,0f,0f,0f,1f],start_interpolation: 0,interpolation_duration: 1}
$data merge entity $(bone_invisibility) {transformation: [0.5795f,-0.0156f,0.8148f,0.4166f,0.8144f,-0.0266f,-0.5797f,1.6056f,0.0307f,0.9995f,-0.0027f,-0.0814f,0f,0f,0f,1f],start_interpolation: 0,interpolation_duration: 1}
$data merge entity $(bone_swiftness) {transformation: [0.066f,0.576f,0.8148f,0.3085f,0.0975f,0.809f,-0.5797f,1.5445f,-0.993f,0.1177f,-0.0027f,-0.2834f,0f,0f,0f,1f],start_interpolation: 0,interpolation_duration: 1}
$data merge entity $(bone_suspicious_stew) {transformation: [0.5499f,0.1836f,0.8148f,0.4019f,0.7744f,0.2535f,-0.5797f,1.586f,-0.313f,0.9498f,-0.0027f,-0.2731f,0f,0f,0f,1f],start_interpolation: 0,interpolation_duration: 1}
$data merge entity $(bone_log) {transformation: [-0.8148f,0.576f,0.066f,0.4006f,0.5797f,0.809f,0.0975f,1.746f,0.0027f,0.1177f,-0.993f,-0.3047f,0f,0f,0f,1f],start_interpolation: 0,interpolation_duration: 1}
$data merge entity $(bone_planks) {transformation: [-0.8148f,0.576f,0.066f,0.3243f,0.5797f,0.809f,0.0975f,1.8003f,0.0027f,0.1177f,-0.993f,-0.3044f,0f,0f,0f,1f],start_interpolation: 0,interpolation_duration: 1}
$data merge entity $(bone_lefthand1) {transformation: [-0.8148f,0.576f,0.066f,0.7463f,0.5797f,0.809f,0.0975f,1.8003f,0.0027f,0.1177f,-0.993f,-0.2449f,0f,0f,0f,1f],start_interpolation: 0,interpolation_duration: 1}
$data merge entity $(bone_leftforearm) {transformation: [-0.0011f,0.8901f,0.4559f,1.3839f,0.6766f,0.3363f,-0.6551f,2.1092f,-0.7364f,0.3077f,-0.6025f,-0.099f,0f,0f,0f,1f],start_interpolation: 0,interpolation_duration: 1}
$data merge entity $(bone_leftelbow) {transformation: [-0.0011f,0.8901f,0.4559f,1.5508f,0.6766f,0.3363f,-0.6551f,2.1723f,-0.7364f,0.3077f,-0.6025f,-0.0413f,0f,0f,0f,1f],start_interpolation: 0,interpolation_duration: 1}
$data merge entity $(bone_leftarm) {transformation: [-0.4002f,-0.3709f,0.838f,0.9847f,0.6583f,0.5199f,0.5444f,2.561f,-0.6376f,0.7696f,0.0361f,0.2776f,0f,0f,0f,1f],start_interpolation: 0,interpolation_duration: 1}
$data merge entity $(bone_rightthumb2) {transformation: [-0.8387f,0.1033f,-0.5348f,-0.732f,-0.217f,0.8371f,0.5021f,1.943f,0.4996f,0.5371f,-0.6797f,0.0306f,0f,0f,0f,1f],start_interpolation: 0,interpolation_duration: 1}
$data merge entity $(bone_rightthumb) {transformation: [-0.8387f,0.1033f,-0.5348f,-0.7523f,-0.217f,0.8371f,0.5021f,2.1912f,0.4996f,0.5371f,-0.6797f,0.1042f,0f,0f,0f,1f],start_interpolation: 0,interpolation_duration: 1}
$data merge entity $(bone_rightpointerfinger) {transformation: [-0.6808f,-0.5006f,-0.5348f,-0.903f,-0.7325f,0.4598f,0.5021f,1.9163f,-0.0055f,0.7335f,-0.6797f,-0.0493f,0f,0f,0f,1f],start_interpolation: 0,interpolation_duration: 1}
$data merge entity $(bone_rightmidfinger) {transformation: [-0.6583f,-0.5298f,-0.5348f,-0.9866f,-0.7518f,0.4274f,0.5021f,1.9948f,-0.0374f,0.7326f,-0.6797f,-0.1554f,0f,0f,0f,1f],start_interpolation: 0,interpolation_duration: 1}
$data merge entity $(bone_rightringfinger) {transformation: [-0.6982f,-0.476f,-0.5348f,-1.0701f,-0.7156f,0.4856f,0.5021f,2.0732f,0.0207f,0.7332f,-0.6797f,-0.2616f,0f,0f,0f,1f],start_interpolation: 0,interpolation_duration: 1}
$data merge entity $(bone_hugeasssword) {transformation: [-3.2847f,0.4048f,-2.0945f,-0.7345f,-0.8499f,3.2788f,1.9665f,2.2146f,1.9566f,2.1038f,-2.662f,-0.1684f,0f,0f,0f,1f],start_interpolation: 0,interpolation_duration: 1}
$data merge entity $(bone_ice) {transformation: [-0.8387f,0.1033f,-0.5348f,-0.723f,-0.217f,0.8371f,0.5021f,2.2049f,0.4996f,0.5371f,-0.6797f,-0.1846f,0f,0f,0f,1f],start_interpolation: 0,interpolation_duration: 1}
$data merge entity $(bone_righthand1) {transformation: [-0.8387f,0.1033f,-0.5348f,-0.9235f,-0.217f,0.8371f,0.5021f,2.3756f,0.4996f,0.5371f,-0.6797f,0.0533f,0f,0f,0f,1f],start_interpolation: 0,interpolation_duration: 1}
$data merge entity $(bone_rightforearm) {transformation: [-0.3877f,-0.6288f,-0.674f,-1.2872f,-0.513f,0.7547f,-0.4089f,2.9623f,0.7658f,0.1872f,-0.6152f,0.1658f,0f,0f,0f,1f],start_interpolation: 0,interpolation_duration: 1}
$data merge entity $(bone_rightelbow) {transformation: [-0.3877f,-0.6288f,-0.674f,-1.4051f,-0.513f,0.7547f,-0.4089f,3.1038f,0.7658f,0.1872f,-0.6152f,0.2009f,0f,0f,0f,1f],start_interpolation: 0,interpolation_duration: 1}
$data merge entity $(bone_rightarm) {transformation: [-0.749f,0.6517f,0.12f,-0.7476f,-0.1487f,-0.3418f,0.9279f,2.7258f,0.6457f,0.6771f,0.3529f,0.4319f,0f,0f,0f,1f],start_interpolation: 0,interpolation_duration: 1}
$data merge entity $(bone_chest1) {transformation: [-1.0768f,0.1191f,0.0043f,0.0858f,0.0809f,0.7019f,0.8212f,2.4923f,0.0875f,0.8166f,-0.7065f,0.2623f,0f,0f,0f,1f],start_interpolation: 0,interpolation_duration: 1}
$data merge entity $(bone_chest1lid) {transformation: [-0.9939f,0.1099f,0.004f,-0.3303f,0.0747f,0.6479f,0.7581f,1.7784f,0.0808f,0.7538f,-0.6522f,0.0299f,0f,0f,0f,1f],start_interpolation: 0,interpolation_duration: 1}
$data merge entity $(bone_chest2) {transformation: [-0.9939f,0.1099f,0.004f,-0.3474f,0.0747f,0.6479f,0.7581f,1.6772f,0.0808f,0.7538f,-0.6522f,-0.0879f,0f,0f,0f,1f],start_interpolation: 0,interpolation_duration: 1}
$data merge entity $(bone_chest1lid3) {transformation: [-0.9939f,0.1099f,0.004f,-0.2656f,0.0747f,0.6479f,0.7581f,2.2594f,0.0808f,0.7538f,-0.6522f,-0.3929f,0f,0f,0f,1f],start_interpolation: 0,interpolation_duration: 1}
$data merge entity $(bone_chest3) {transformation: [-0.9939f,0.1099f,0.004f,-0.2828f,0.0747f,0.6479f,0.7581f,2.1581f,0.0808f,0.7538f,-0.6522f,-0.5107f,0f,0f,0f,1f],start_interpolation: 0,interpolation_duration: 1}
$data merge entity $(bone_hugeasssword2) {transformation: [-0.0155f,3.1611f,-2.3125f,-1.0102f,-2.9691f,1.4987f,2.0685f,3.5369f,2.5543f,1.7612f,2.3904f,1.0636f,0f,0f,0f,1f],start_interpolation: 0,interpolation_duration: 1}
$data merge entity $(bone_belt) {transformation: [-0.9939f,0.1099f,0.004f,0.0733f,0.0747f,0.6479f,0.7581f,2.1326f,0.0808f,0.7538f,-0.6522f,0.0448f,0f,0f,0f,1f],start_interpolation: 0,interpolation_duration: 1}
$data merge entity $(bone_torn_part) {transformation: [-0.9712f,0.1609f,0.1758f,-0.2068f,0.2167f,0.9033f,0.3702f,1.8314f,-0.0993f,0.3976f,-0.9122f,-0.0359f,0f,0f,0f,1f],start_interpolation: 0,interpolation_duration: 1}
$data merge entity $(bone_lowerbody) {transformation: [-0.9712f,0.2063f,0.1193f,-0.2295f,0.2167f,0.9728f,0.0814f,1.3237f,-0.0993f,0.1049f,-0.9895f,0.0617f,0f,0f,0f,1f],start_interpolation: 0,interpolation_duration: 1}
$data merge entity $(bone_leftfoot) {transformation: [-0.8815f,-0.0902f,-0.4635f,0.3968f,-0.4053f,0.6481f,0.6447f,0.2911f,0.2423f,0.7562f,-0.6079f,-0.0058f,0f,0f,0f,1f],start_interpolation: 0,interpolation_duration: 1}
$data merge entity $(bone_leftlowerleg) {transformation: [-0.8815f,-0.0902f,-0.4635f,0.3679f,-0.4053f,0.6481f,0.6447f,0.9111f,0.2423f,0.7562f,-0.6079f,0.9265f,0f,0f,0f,1f],start_interpolation: 0,interpolation_duration: 1}
$data merge entity $(bone_leftleg) {transformation: [-0.9456f,-0.2766f,0.1711f,0.1146f,-0.2739f,0.3933f,-0.8777f,1.222f,0.1755f,-0.8768f,-0.4477f,0.1615f,0f,0f,0f,1f],start_interpolation: 0,interpolation_duration: 1}
$data merge entity $(bone_rightfoot) {transformation: [-0.9391f,0.0362f,0.3417f,-0.497f,0.2836f,0.6429f,0.7115f,0.4264f,-0.1939f,0.7651f,-0.6141f,-0.0474f,0f,0f,0f,1f],start_interpolation: 0,interpolation_duration: 1}
$data merge entity $(bone_rightlowerleg) {transformation: [-0.9391f,0.0362f,0.3417f,-0.5093f,0.2836f,0.6429f,0.7115f,1.0303f,-0.1939f,0.7651f,-0.6141f,0.8957f,0f,0f,0f,1f],start_interpolation: 0,interpolation_duration: 1}
$data merge entity $(bone_rightleg) {transformation: [-0.9865f,0.0535f,-0.1548f,-0.4659f,0.1628f,0.4214f,-0.8922f,1.3635f,0.0175f,-0.9053f,-0.4244f,0.0913f,0f,0f,0f,1f],start_interpolation: 0,interpolation_duration: 1}
data modify entity @s data merge value {"cameras":{},"locators":{"lefthand":{"posx":0.4309990981647829,"posy":1.6269199873387017,"posz":-0.2986301188032432,"roty":3.8036151646979874,"rotx":5.594777502535029},"sword":{"posx":1.1771049917648244,"posy":0.3121793573385292,"posz":2.370654641902782,"roty":321.80342957236405,"rotx":30.138623181595566},"righthand":{"posx":-0.7948484467765266,"posy":2.1636503303900145,"posz":-0.13555985852863905,"roty":321.80342957236405,"rotx":30.138623181595566},"chest":{"posx":-0.3688071769658931,"posy":1.6217894283155336,"posz":0.08723976950066767,"roty":0.34731637336770405,"rotx":49.29396836001331}}}