# This file was generated by Animated Java via MC-Build. It is not recommended to edit this file directly.
$data merge entity $(bone_nose) {transformation: [-0.9947f,-0.0296f,0.0983f,-0.0467f,0.0285f,0.8402f,0.5416f,3.441f,-0.0986f,0.5415f,-0.8349f,0.7493f,0f,0f,0f,1f],start_interpolation: 0,interpolation_duration: 1}
$data merge entity $(bone_glowing_eye) {transformation: [-0.9947f,-0.0296f,0.0983f,-0.1764f,0.0285f,0.8402f,0.5416f,3.4826f,-0.0986f,0.5415f,-0.8349f,0.8028f,0f,0f,0f,1f],start_interpolation: 0,interpolation_duration: 1}
$data merge entity $(bone_head) {transformation: [-0.9947f,-0.0296f,0.0983f,-0.0246f,0.0285f,0.8402f,0.5416f,3.4387f,-0.0986f,0.5415f,-0.8349f,0.5261f,0f,0f,0f,1f],start_interpolation: 0,interpolation_duration: 1}
$data merge entity $(bone_leftthumb2) {transformation: [-0.9543f,0.0407f,0.296f,0.852f,-0.0101f,0.9857f,-0.1679f,1.9675f,-0.2986f,-0.1633f,-0.9403f,0.2141f,0f,0f,0f,1f],start_interpolation: 0,interpolation_duration: 1}
$data merge entity $(bone_leftthumb) {transformation: [-0.9543f,0.0407f,0.296f,0.8873f,-0.0101f,0.9857f,-0.1679f,2.1949f,-0.2986f,-0.1633f,-0.9403f,0.0937f,0f,0f,0f,1f],start_interpolation: 0,interpolation_duration: 1}
$data merge entity $(bone_leftpointerfinger) {transformation: [-0.4884f,0.8209f,0.296f,0.9922f,0.8194f,0.5481f,-0.1679f,1.8647f,-0.3001f,0.1605f,-0.9403f,0.1358f,0f,0f,0f,1f],start_interpolation: 0,interpolation_duration: 1}
$data merge entity $(bone_leftmidfinger) {transformation: [-0.5902f,0.751f,0.296f,1.0385f,0.7419f,0.6492f,-0.1679f,1.8385f,-0.3183f,0.1205f,-0.9403f,-0.0111f,0f,0f,0f,1f],start_interpolation: 0,interpolation_duration: 1}
$data merge entity $(bone_leftringfinger) {transformation: [-0.5902f,0.751f,0.296f,1.0847f,0.7419f,0.6492f,-0.1679f,1.8122f,-0.3183f,0.1205f,-0.9403f,-0.158f,0f,0f,0f,1f],start_interpolation: 0,interpolation_duration: 1}
$data merge entity $(bone_invisibility) {transformation: [0.0663f,-0.2914f,0.9543f,0.8085f,0.9674f,0.2532f,0.0101f,1.9759f,-0.2446f,0.9225f,0.2986f,0.0914f,0f,0f,0f,1f],start_interpolation: 0,interpolation_duration: 1}
$data merge entity $(bone_swiftness) {transformation: [0.296f,0.0407f,0.9543f,0.8088f,-0.1679f,0.9857f,0.0101f,1.8104f,-0.9403f,-0.1633f,0.2986f,-0.0784f,0f,0f,0f,1f],start_interpolation: 0,interpolation_duration: 1}
$data merge entity $(bone_suspicious_stew) {transformation: [0.162f,-0.2511f,0.9543f,0.8621f,0.8224f,0.5688f,0.0101f,1.8982f,-0.5454f,0.7832f,0.2986f,-0.0773f,0f,0f,0f,1f],start_interpolation: 0,interpolation_duration: 1}
$data merge entity $(bone_log) {transformation: [-0.9543f,0.0407f,0.296f,0.7916f,-0.0101f,0.9857f,-0.1679f,2.0126f,-0.2986f,-0.1633f,-0.9403f,-0.1698f,0f,0f,0f,1f],start_interpolation: 0,interpolation_duration: 1}
$data merge entity $(bone_planks) {transformation: [-0.9543f,0.0407f,0.296f,0.7021f,-0.0101f,0.9857f,-0.1679f,2.0116f,-0.2986f,-0.1633f,-0.9403f,-0.1978f,0f,0f,0f,1f],start_interpolation: 0,interpolation_duration: 1}
$data merge entity $(bone_lefthand1) {transformation: [-0.9543f,0.0407f,0.296f,1.0311f,-0.0101f,0.9857f,-0.1679f,2.2668f,-0.2986f,-0.1633f,-0.9403f,-0.1065f,0f,0f,0f,1f],start_interpolation: 0,interpolation_duration: 1}
$data merge entity $(bone_leftforearm) {transformation: [-0.3858f,0.609f,0.693f,1.426f,0.3832f,0.7891f,-0.4801f,2.8744f,-0.8392f,0.0803f,-0.5378f,-0.1224f,0f,0f,0f,1f],start_interpolation: 0,interpolation_duration: 1}
$data merge entity $(bone_leftelbow) {transformation: [-0.3858f,0.609f,0.693f,1.5402f,0.3832f,0.7891f,-0.4801f,3.0224f,-0.8392f,0.0803f,-0.5378f,-0.1074f,0f,0f,0f,1f],start_interpolation: 0,interpolation_duration: 1}
$data merge entity $(bone_leftarm) {transformation: [-0.7251f,-0.5929f,0.3502f,0.841f,0.1736f,0.3348f,0.9262f,3.0648f,-0.6664f,0.7324f,-0.1399f,0.2372f,0f,0f,0f,1f],start_interpolation: 0,interpolation_duration: 1}
$data merge entity $(bone_rightthumb2) {transformation: [-0.7257f,-0.1632f,-0.6684f,-0.7358f,-0.1623f,0.9846f,-0.0641f,2.0229f,0.6686f,0.062f,-0.741f,-0.0611f,0f,0f,0f,1f],start_interpolation: 0,interpolation_duration: 1}
$data merge entity $(bone_rightthumb) {transformation: [-0.7257f,-0.1632f,-0.6684f,-0.8329f,-0.1623f,0.9846f,-0.0641f,2.2589f,0.6686f,0.062f,-0.741f,-0.1092f,0f,0f,0f,1f],start_interpolation: 0,interpolation_duration: 1}
$data merge entity $(bone_rightpointerfinger) {transformation: [-0.3854f,-0.6362f,-0.6684f,-0.8901f,-0.8223f,0.5654f,-0.0641f,1.915f,0.4187f,0.5249f,-0.741f,-0.0912f,0f,0f,0f,1f],start_interpolation: 0,interpolation_duration: 1}
$data merge entity $(bone_rightmidfinger) {transformation: [-0.3572f,-0.6524f,-0.6684f,-0.9945f,-0.8462f,0.529f,-0.0641f,1.905f,0.3954f,0.5427f,-0.741f,-0.207f,0f,0f,0f,1f],start_interpolation: 0,interpolation_duration: 1}
$data merge entity $(bone_rightringfinger) {transformation: [-0.4111f,-0.6199f,-0.6684f,-1.099f,-0.7984f,0.5986f,-0.0641f,1.895f,0.4399f,0.5073f,-0.741f,-0.3228f,0f,0f,0f,1f],start_interpolation: 0,interpolation_duration: 1}
$data merge entity $(bone_hugeasssword) {transformation: [-2.8422f,-0.6391f,-2.618f,-0.8245f,-0.6359f,3.8565f,-0.2511f,2.1491f,2.6187f,0.2428f,-2.9023f,-0.3604f,0f,0f,0f,1f],start_interpolation: 0,interpolation_duration: 1}
$data merge entity $(bone_ice) {transformation: [-0.7257f,-0.1632f,-0.6684f,-0.8106f,-0.1623f,0.9846f,-0.0641f,2.1363f,0.6686f,0.062f,-0.741f,-0.3718f,0f,0f,0f,1f],start_interpolation: 0,interpolation_duration: 1}
$data merge entity $(bone_righthand1) {transformation: [-0.7257f,-0.1632f,-0.6684f,-1.0537f,-0.1623f,0.9846f,-0.0641f,2.3399f,0.6686f,0.062f,-0.741f,-0.2123f,0f,0f,0f,1f],start_interpolation: 0,interpolation_duration: 1}
$data merge entity $(bone_rightforearm) {transformation: [-0.4519f,-0.5779f,-0.6796f,-1.3975f,-0.2771f,0.815f,-0.5089f,2.9554f,0.848f,-0.0416f,-0.5284f,-0.2838f,0f,0f,0f,1f],start_interpolation: 0,interpolation_duration: 1}
$data merge entity $(bone_rightelbow) {transformation: [-0.4519f,-0.5779f,-0.6796f,-1.5058f,-0.2771f,0.815f,-0.5089f,3.1082f,0.848f,-0.0416f,-0.5284f,-0.2916f,0f,0f,0f,1f],start_interpolation: 0,interpolation_duration: 1}
$data merge entity $(bone_rightarm) {transformation: [-0.7781f,0.5904f,-0.2145f,-0.8677f,-0.0509f,0.2811f,0.9583f,3.1062f,0.6261f,0.7565f,-0.1887f,0.068f,0f,0f,0f,1f],start_interpolation: 0,interpolation_duration: 1}
$data merge entity $(bone_chest1) {transformation: [-1.0776f,-0.0321f,0.1065f,0.0006f,0.0309f,0.9102f,0.5867f,2.9314f,-0.1068f,0.5867f,-0.9045f,0.1021f,0f,0f,0f,1f],start_interpolation: 0,interpolation_duration: 1}
$data merge entity $(bone_chest1lid) {transformation: [-0.9947f,-0.0296f,0.0983f,-0.3573f,0.0285f,0.8402f,0.5416f,2.1549f,-0.0986f,0.5415f,-0.8349f,0.025f,0f,0f,0f,1f],start_interpolation: 0,interpolation_duration: 1}
$data merge entity $(bone_chest2) {transformation: [-0.9947f,-0.0296f,0.0983f,-0.3527f,0.0285f,0.8402f,0.5416f,2.0237f,-0.0986f,0.5415f,-0.8349f,-0.0596f,0f,0f,0f,1f],start_interpolation: 0,interpolation_duration: 1}
$data merge entity $(bone_chest1lid3) {transformation: [-0.9947f,-0.0296f,0.0983f,-0.2322f,0.0285f,0.8402f,0.5416f,2.5001f,-0.0986f,0.5415f,-0.8349f,-0.5037f,0f,0f,0f,1f],start_interpolation: 0,interpolation_duration: 1}
$data merge entity $(bone_chest3) {transformation: [-0.9947f,-0.0296f,0.0983f,-0.2275f,0.0285f,0.8402f,0.5416f,2.3688f,-0.0986f,0.5415f,-0.8349f,-0.5883f,0f,0f,0f,1f],start_interpolation: 0,interpolation_duration: 1}
$data merge entity $(bone_hugeasssword2) {transformation: [-0.385f,2.7941f,-2.7176f,-1.2333f,-2.1212f,2.1408f,2.5015f,4.0848f,3.2699f,1.7177f,1.3028f,0.3878f,0f,0f,0f,1f],start_interpolation: 0,interpolation_duration: 1}
$data merge entity $(bone_belt) {transformation: [-0.9947f,-0.0296f,0.0983f,0.0314f,0.0285f,0.8402f,0.5416f,2.5249f,-0.0986f,0.5415f,-0.8349f,-0.0012f,0f,0f,0f,1f],start_interpolation: 0,interpolation_duration: 1}
$data merge entity $(bone_torn_part) {transformation: [-0.8827f,-0.377f,0.2806f,0.0754f,-0.1953f,0.8374f,0.5105f,2.1905f,-0.4275f,0.3958f,-0.8128f,-0.049f,0f,0f,0f,1f],start_interpolation: 0,interpolation_duration: 1}
$data merge entity $(bone_lowerbody) {transformation: [-0.8827f,-0.2751f,0.381f,0.2423f,-0.1953f,0.9521f,0.2351f,1.7116f,-0.4275f,0.1331f,-0.8942f,0.0535f,0f,0f,0f,1f],start_interpolation: 0,interpolation_duration: 1}
$data merge entity $(bone_leftfoot) {transformation: [-0.9658f,-0.2545f,0.0487f,0.4981f,-0.1458f,0.689f,0.7099f,0.3727f,-0.2143f,0.6785f,-0.7026f,-0.1986f,0f,0f,0f,1f],start_interpolation: 0,interpolation_duration: 1}
$data merge entity $(bone_leftlowerleg) {transformation: [-0.9658f,-0.2545f,0.0487f,0.2082f,-0.1458f,0.689f,0.7099f,1.028f,-0.2143f,0.6785f,-0.7026f,0.6621f,0f,0f,0f,1f],start_interpolation: 0,interpolation_duration: 1}
$data merge entity $(bone_leftleg) {transformation: [-0.9493f,0.2483f,0.1929f,0.4095f,0.0732f,0.7711f,-0.6325f,1.739f,-0.3058f,-0.5863f,-0.7502f,0.1454f,0f,0f,0f,1f],start_interpolation: 0,interpolation_duration: 1}
$data merge entity $(bone_rightfoot) {transformation: [-0.9065f,0.1726f,0.3854f,-0.4849f,0.3715f,0.7597f,0.5337f,0.2502f,-0.2007f,0.627f,-0.7528f,-0.2789f,0f,0f,0f,1f],start_interpolation: 0,interpolation_duration: 1}
$data merge entity $(bone_rightlowerleg) {transformation: [-0.9065f,0.1726f,0.3854f,-0.3527f,0.3715f,0.7597f,0.5337f,1.011f,-0.2007f,0.627f,-0.7528f,0.5323f,0f,0f,0f,1f],start_interpolation: 0,interpolation_duration: 1}
$data merge entity $(bone_rightleg) {transformation: [-0.9535f,0.3009f,0.0173f,-0.048f,0.1924f,0.6518f,-0.7336f,1.6107f,-0.2321f,-0.6961f,-0.6794f,-0.0621f,0f,0f,0f,1f],start_interpolation: 0,interpolation_duration: 1}
data modify entity @s data merge value {"cameras":{},"locators":{"lefthand":{"posx":0.8732523729526507,"posy":1.9391569784228522,"posz":-0.11431784406277894,"roty":17.475773549381216,"rotx":-9.668246873579287},"sword":{"posx":1.5991574360726255,"posy":2.34306939822454,"posz":2.4339891808514653,"roty":317.9490720484224,"rotx":-3.6753111427559255},"righthand":{"posx":-0.8656168177062407,"posy":2.106692172167739,"posz":-0.2985316214317546,"roty":317.9490720484224,"rotx":-3.6753111427559255},"chest":{"posx":-0.4018777666416071,"posy":2.018705760049689,"posz":0.11855322926942152,"roty":6.714179637076427,"rotx":32.7917390517338}}}