# This file was generated by Animated Java via MC-Build. It is not recommended to edit this file directly.
$data merge entity $(bone_nose) {transformation: [-0.9552f,0.0277f,0.2947f,0.0396f,0.0897f,0.9759f,0.1992f,4.2884f,-0.282f,0.2167f,-0.9346f,0.227f,0f,0f,0f,1f],start_interpolation: 0,interpolation_duration: 1}
$data merge entity $(bone_glowing_eye) {transformation: [-0.9552f,0.0277f,0.2947f,-0.0882f,0.0897f,0.9759f,0.1992f,4.3587f,-0.282f,0.2167f,-0.9346f,0.239f,0f,0f,0f,1f],start_interpolation: 0,interpolation_duration: 1}
$data merge entity $(bone_head) {transformation: [-0.9552f,0.0277f,0.2947f,0.0914f,0.0897f,0.9759f,0.1992f,4.2052f,-0.282f,0.2167f,-0.9346f,0.0252f,0f,0f,0f,1f],start_interpolation: 0,interpolation_duration: 1}
$data merge entity $(bone_leftthumb2) {transformation: [-0.7923f,0.4205f,0.4421f,0.5797f,0.0499f,0.7668f,-0.64f,2.7884f,-0.6081f,-0.485f,-0.6285f,0.081f,0f,0f,0f,1f],start_interpolation: 0,interpolation_duration: 1}
$data merge entity $(bone_leftthumb) {transformation: [-0.7923f,0.4205f,0.4421f,0.7206f,0.0499f,0.7668f,-0.64f,2.9218f,-0.6081f,-0.485f,-0.6285f,-0.0917f,0f,0f,0f,1f],start_interpolation: 0,interpolation_duration: 1}
$data merge entity $(bone_leftpointerfinger) {transformation: [-0.0716f,0.8941f,0.4421f,0.69f,0.6733f,0.3703f,-0.64f,2.6347f,-0.7359f,0.2518f,-0.6285f,0.1045f,0f,0f,0f,1f],start_interpolation: 0,interpolation_duration: 1}
$data merge entity $(bone_leftmidfinger) {transformation: [-0.1876f,0.8771f,0.4421f,0.7591f,0.6192f,0.455f,-0.64f,2.5347f,-0.7625f,0.1537f,-0.6285f,0.0063f,0f,0f,0f,1f],start_interpolation: 0,interpolation_duration: 1}
$data merge entity $(bone_leftringfinger) {transformation: [-0.1876f,0.8771f,0.4421f,0.8281f,0.6192f,0.455f,-0.64f,2.4347f,-0.7625f,0.1537f,-0.6285f,-0.0919f,0f,0f,0f,1f],start_interpolation: 0,interpolation_duration: 1}
$data merge entity $(bone_invisibility) {transformation: [0.4575f,-0.4037f,0.7923f,0.5736f,0.7081f,0.7044f,-0.0499f,2.7479f,-0.5379f,0.5838f,0.6081f,-0.0429f,0f,0f,0f,1f],start_interpolation: 0,interpolation_duration: 1}
$data merge entity $(bone_swiftness) {transformation: [0.4421f,0.4205f,0.7923f,0.5583f,-0.64f,0.7668f,-0.0499f,2.5267f,-0.6285f,-0.485f,0.6081f,-0.1268f,0f,0f,0f,1f],start_interpolation: 0,interpolation_duration: 1}
$data merge entity $(bone_suspicious_stew) {transformation: [0.568f,-0.2229f,0.7923f,0.6368f,0.4245f,0.9041f,-0.0499f,2.592f,-0.7051f,0.3647f,0.6081f,-0.138f,0f,0f,0f,1f],start_interpolation: 0,interpolation_duration: 1}
$data merge entity $(bone_log) {transformation: [-0.7923f,0.4205f,0.4421f,0.6358f,0.0499f,0.7668f,-0.64f,2.6625f,-0.6081f,-0.485f,-0.6285f,-0.2851f,0f,0f,0f,1f],start_interpolation: 0,interpolation_duration: 1}
$data merge entity $(bone_planks) {transformation: [-0.7923f,0.4205f,0.4421f,0.5615f,0.0499f,0.7668f,-0.64f,2.6672f,-0.6081f,-0.485f,-0.6285f,-0.3421f,0f,0f,0f,1f],start_interpolation: 0,interpolation_duration: 1}
$data merge entity $(bone_lefthand1) {transformation: [-0.7923f,0.4205f,0.4421f,0.9252f,0.0499f,0.7668f,-0.64f,2.8617f,-0.6081f,-0.485f,-0.6285f,-0.2347f,0f,0f,0f,1f],start_interpolation: 0,interpolation_duration: 1}
$data merge entity $(bone_leftforearm) {transformation: [0.045f,0.7964f,0.6031f,1.4968f,0.3927f,0.541f,-0.7437f,3.2985f,-0.9185f,0.2703f,-0.2885f,-0.1342f,0f,0f,0f,1f],start_interpolation: 0,interpolation_duration: 1}
$data merge entity $(bone_leftelbow) {transformation: [0.045f,0.7964f,0.6031f,1.6461f,0.3927f,0.541f,-0.7437f,3.3999f,-0.9185f,0.2703f,-0.2885f,-0.0836f,0f,0f,0f,1f],start_interpolation: 0,interpolation_duration: 1}
$data merge entity $(bone_leftarm) {transformation: [-0.3806f,-0.6148f,0.6908f,0.9451f,0.3324f,0.6061f,0.7226f,3.7219f,-0.8629f,0.5046f,-0.0264f,0.0203f,0f,0f,0f,1f],start_interpolation: 0,interpolation_duration: 1}
$data merge entity $(bone_rightthumb2) {transformation: [-0.3624f,-0.3297f,-0.8718f,-0.5374f,0.3862f,0.7982f,-0.4624f,2.9643f,0.8483f,-0.5042f,-0.1619f,-0.3711f,0f,0f,0f,1f],start_interpolation: 0,interpolation_duration: 1}
$data merge entity $(bone_rightthumb) {transformation: [-0.3624f,-0.3297f,-0.8718f,-0.6927f,0.3862f,0.7982f,-0.4624f,3.1205f,0.8483f,-0.5042f,-0.1619f,-0.5086f,0f,0f,0f,1f],start_interpolation: 0,interpolation_duration: 1}
$data merge entity $(bone_rightpointerfinger) {transformation: [-0.0024f,-0.4899f,-0.8718f,-0.6651f,-0.3266f,0.8244f,-0.4624f,2.8792f,0.9452f,0.2836f,-0.1619f,-0.2579f,0f,0f,0f,1f],start_interpolation: 0,interpolation_duration: 1}
$data merge entity $(bone_rightmidfinger) {transformation: [0.019f,-0.4895f,-0.8718f,-0.8013f,-0.3622f,0.8093f,-0.4624f,2.8069f,0.9319f,0.3246f,-0.1619f,-0.2832f,0f,0f,0f,1f],start_interpolation: 0,interpolation_duration: 1}
$data merge entity $(bone_rightringfinger) {transformation: [-0.0237f,-0.4893f,-0.8718f,-0.9375f,-0.2904f,0.8378f,-0.4624f,2.7347f,0.9566f,0.2422f,-0.1619f,-0.3085f,0f,0f,0f,1f],start_interpolation: 0,interpolation_duration: 1}
$data merge entity $(bone_hugeasssword) {transformation: [-1.4193f,-1.2912f,-3.4145f,-0.7584f,1.5125f,3.1262f,-1.8109f,2.8737f,3.3224f,-1.9748f,-0.6343f,-0.6085f,0f,0f,0f,1f],start_interpolation: 0,interpolation_duration: 1}
$data merge entity $(bone_ice) {transformation: [-0.3624f,-0.3297f,-0.8718f,-0.7476f,0.3862f,0.7982f,-0.4624f,2.8552f,0.8483f,-0.5042f,-0.1619f,-0.6138f,0f,0f,0f,1f],start_interpolation: 0,interpolation_duration: 1}
$data merge entity $(bone_righthand1) {transformation: [-0.3624f,-0.3297f,-0.8718f,-0.9478f,0.3862f,0.7982f,-0.4624f,3.1369f,0.8483f,-0.5042f,-0.1619f,-0.5329f,0f,0f,0f,1f],start_interpolation: 0,interpolation_duration: 1}
$data merge entity $(bone_rightforearm) {transformation: [-0.6031f,-0.4637f,-0.649f,-1.1977f,0.0567f,0.7866f,-0.6148f,3.712f,0.7956f,-0.4076f,-0.4481f,-0.8743f,0f,0f,0f,1f],start_interpolation: 0,interpolation_duration: 1}
$data merge entity $(bone_rightelbow) {transformation: [-0.6031f,-0.4637f,-0.649f,-1.2847f,0.0567f,0.7866f,-0.6148f,3.8594f,0.7956f,-0.4076f,-0.4481f,-0.9508f,0f,0f,0f,1f],start_interpolation: 0,interpolation_duration: 1}
$data merge entity $(bone_rightarm) {transformation: [-0.8639f,0.5012f,0.0497f,-0.7196f,0.2511f,0.3431f,0.9051f,3.8334f,0.4366f,0.7944f,-0.4223f,-0.4514f,0f,0f,0f,1f],start_interpolation: 0,interpolation_duration: 1}
$data merge entity $(bone_chest1) {transformation: [-1.0348f,0.03f,0.3192f,0.0951f,0.0972f,1.0572f,0.2158f,3.5809f,-0.3055f,0.2347f,-1.0125f,-0.1941f,0f,0f,0f,1f],start_interpolation: 0,interpolation_duration: 1}
$data merge entity $(bone_chest1lid) {transformation: [-0.9552f,0.0277f,0.2947f,-0.3653f,0.0897f,0.9759f,0.1992f,2.8666f,-0.282f,0.2167f,-0.9346f,-0.0727f,0f,0f,0f,1f],start_interpolation: 0,interpolation_duration: 1}
$data merge entity $(bone_chest2) {transformation: [-0.9552f,0.0277f,0.2947f,-0.3696f,0.0897f,0.9759f,0.1992f,2.7142f,-0.282f,0.2167f,-0.9346f,-0.1066f,0f,0f,0f,1f],start_interpolation: 0,interpolation_duration: 1}
$data merge entity $(bone_chest1lid3) {transformation: [-0.9552f,0.0277f,0.2947f,-0.1168f,0.0897f,0.9759f,0.1992f,2.9886f,-0.282f,0.2167f,-0.9346f,-0.6538f,0f,0f,0f,1f],start_interpolation: 0,interpolation_duration: 1}
$data merge entity $(bone_chest3) {transformation: [-0.9552f,0.0277f,0.2947f,-0.1211f,0.0897f,0.9759f,0.1992f,2.8361f,-0.282f,0.2167f,-0.9346f,-0.6877f,0f,0f,0f,1f],start_interpolation: 0,interpolation_duration: 1}
$data merge entity $(bone_hugeasssword2) {transformation: [-1.1541f,2.8316f,-2.4476f,-0.9716f,-0.78f,2.3231f,3.0553f,4.8765f,3.6606f,1.3878f,-0.1206f,-0.5378f,0f,0f,0f,1f],start_interpolation: 0,interpolation_duration: 1}
$data merge entity $(bone_belt) {transformation: [-0.9552f,0.0277f,0.2947f,0.0761f,0.0897f,0.9759f,0.1992f,3.1632f,-0.282f,0.2167f,-0.9346f,-0.149f,0f,0f,0f,1f],start_interpolation: 0,interpolation_duration: 1}
$data merge entity $(bone_torn_part) {transformation: [-0.9646f,-0.1321f,0.2283f,-0.0484f,-0.0627f,0.9556f,0.2879f,2.8643f,-0.2561f,0.2634f,-0.9301f,-0.0714f,0f,0f,0f,1f],start_interpolation: 0,interpolation_duration: 1}
$data merge entity $(bone_lowerbody) {transformation: [-0.9646f,-0.0573f,0.2574f,0.0375f,-0.0627f,0.998f,-0.0128f,2.3849f,-0.2561f,-0.0285f,-0.9662f,0.1034f,0f,0f,0f,1f],start_interpolation: 0,interpolation_duration: 1}
$data merge entity $(bone_leftfoot) {transformation: [-0.9868f,-0.1614f,0.0139f,0.5188f,-0.1512f,0.9485f,0.2784f,0.3988f,-0.0581f,0.2726f,-0.9604f,-0.1782f,0f,0f,0f,1f],start_interpolation: 0,interpolation_duration: 1}
$data merge entity $(bone_leftlowerleg) {transformation: [-0.9868f,-0.1614f,0.0139f,0.3376f,-0.1512f,0.9485f,0.2784f,1.4083f,-0.0581f,0.2726f,-0.9604f,0.2718f,0f,0f,0f,1f],start_interpolation: 0,interpolation_duration: 1}
$data merge entity $(bone_leftleg) {transformation: [-0.9681f,-0.0013f,0.2506f,0.3092f,-0.069f,0.9627f,-0.2615f,2.3863f,-0.241f,-0.2705f,-0.9321f,0.0417f,0f,0f,0f,1f],start_interpolation: 0,interpolation_duration: 1}
$data merge entity $(bone_rightfoot) {transformation: [-0.9184f,0.1031f,0.3819f,-0.4718f,0.2147f,0.9408f,0.2622f,0.4095f,-0.3323f,0.3228f,-0.8862f,-0.2709f,0f,0f,0f,1f],start_interpolation: 0,interpolation_duration: 1}
$data merge entity $(bone_rightlowerleg) {transformation: [-0.9184f,0.1031f,0.3819f,-0.4161f,0.2147f,0.9408f,0.2622f,1.4129f,-0.3323f,0.3228f,-0.8862f,0.2234f,0f,0f,0f,1f],start_interpolation: 0,interpolation_duration: 1}
$data merge entity $(bone_rightleg) {transformation: [-0.9455f,0.1973f,0.2591f,-0.2025f,0.0814f,0.9135f,-0.3985f,2.3361f,-0.3153f,-0.3557f,-0.8798f,-0.0635f,0f,0f,0f,1f],start_interpolation: 0,interpolation_duration: 1}
data modify entity @s data merge value {"cameras":{},"locators":{"lefthand":{"posx":0.6703128376041705,"posy":2.6079314916359464,"posz":-0.18040402784046583,"roty":35.12221881177291,"rotx":-39.78867771207136},"sword":{"posx":2.451929942984821,"posy":4.591112932131293,"posz":0.07325466522122603,"roty":280.52312119650475,"rotx":-27.539367775480997},"righthand":{"posx":-0.7627599773642256,"posy":2.8861679290384723,"posz":-0.5238948155916264,"roty":280.52312119650475,"rotx":-27.539367775480997},"chest":{"posx":-0.4429175727417434,"posy":2.7773370608419707,"posz":0.05096563753612873,"roty":17.49919618241853,"rotx":11.487543582215562}}}