# This file was generated by Animated Java via MC-Build. It is not recommended to edit this file directly.
$data merge entity $(bone_nose) {transformation: [-0.9961f,0.0295f,0.0837f,-0.1318f,0.0475f,0.974f,0.2215f,3.943f,-0.075f,0.2246f,-0.9716f,0.1464f,0f,0f,0f,1f],start_interpolation: 0,interpolation_duration: 1}
$data merge entity $(bone_glowing_eye) {transformation: [-0.9961f,0.0295f,0.0837f,-0.2572f,0.0475f,0.974f,0.2215f,4.0072f,-0.075f,0.2246f,-0.9716f,0.1861f,0f,0f,0f,1f],start_interpolation: 0,interpolation_duration: 1}
$data merge entity $(bone_head) {transformation: [-0.9961f,0.0295f,0.0837f,-0.1198f,0.0475f,0.974f,0.2215f,3.8642f,-0.075f,0.2246f,-0.9716f,-0.0632f,0f,0f,0f,1f],start_interpolation: 0,interpolation_duration: 1}
$data merge entity $(bone_leftthumb2) {transformation: [0.6815f,0.4424f,0.583f,0.4992f,-0.399f,0.8924f,-0.2109f,2.2947f,-0.6135f,-0.0888f,0.7847f,0.3899f,0f,0f,0f,1f],start_interpolation: 0,interpolation_duration: 1}
$data merge entity $(bone_leftthumb) {transformation: [0.6815f,0.4424f,0.583f,0.6576f,-0.399f,0.8924f,-0.2109f,2.4955f,-0.6135f,-0.0888f,0.7847f,0.4351f,0f,0f,0f,1f],start_interpolation: 0,interpolation_duration: 1}
$data merge entity $(bone_leftpointerfinger) {transformation: [0.7678f,0.2658f,0.583f,0.4652f,-0.173f,0.9621f,-0.2109f,2.2365f,-0.6169f,0.0611f,0.7847f,0.5682f,0f,0f,0f,1f],start_interpolation: 0,interpolation_duration: 1}
$data merge entity $(bone_leftmidfinger) {transformation: [0.759f,0.29f,0.583f,0.5563f,-0.2033f,0.9561f,-0.2109f,2.2035f,-0.6185f,0.0416f,0.7847f,0.6908f,0f,0f,0f,1f],start_interpolation: 0,interpolation_duration: 1}
$data merge entity $(bone_leftringfinger) {transformation: [0.759f,0.29f,0.583f,0.6473f,-0.2033f,0.9561f,-0.2109f,2.1705f,-0.6185f,0.0416f,0.7847f,0.8134f,0f,0f,0f,1f],start_interpolation: 0,interpolation_duration: 1}
$data merge entity $(bone_invisibility) {transformation: [0.4916f,-0.5422f,-0.6815f,0.6231f,0.8706f,0.2879f,0.399f,2.2658f,-0.0201f,-0.7894f,0.6135f,0.4189f,0f,0f,0f,1f],start_interpolation: 0,interpolation_duration: 1}
$data merge entity $(bone_swiftness) {transformation: [0.583f,0.4424f,-0.6815f,0.708f,-0.2109f,0.8924f,0.399f,2.0847f,0.7847f,-0.0888f,0.6135f,0.5461f,0f,0f,0f,1f],start_interpolation: 0,interpolation_duration: 1}
$data merge entity $(bone_suspicious_stew) {transformation: [0.6474f,-0.3413f,-0.6815f,0.7117f,0.7196f,0.5683f,0.399f,2.1845f,0.2511f,-0.7487f,0.6135f,0.5702f,0f,0f,0f,1f],start_interpolation: 0,interpolation_duration: 1}
$data merge entity $(bone_log) {transformation: [0.6815f,0.4424f,0.583f,0.8582f,-0.399f,0.8924f,-0.2109f,2.2487f,-0.6135f,-0.0888f,0.7847f,0.5383f,0f,0f,0f,1f],start_interpolation: 0,interpolation_duration: 1}
$data merge entity $(bone_planks) {transformation: [0.6815f,0.4424f,0.583f,0.9221f,-0.399f,0.8924f,-0.2109f,2.2113f,-0.6135f,-0.0888f,0.7847f,0.4808f,0f,0f,0f,1f],start_interpolation: 0,interpolation_duration: 1}
$data merge entity $(bone_lefthand1) {transformation: [0.6815f,0.4424f,0.583f,0.7802f,-0.399f,0.8924f,-0.2109f,2.5782f,-0.6135f,-0.0888f,0.7847f,0.645f,0f,0f,0f,1f],start_interpolation: 0,interpolation_duration: 1}
$data merge entity $(bone_leftforearm) {transformation: [-0.0193f,0.7228f,0.6908f,1.2414f,-0.6492f,0.5164f,-0.5585f,2.913f,-0.7604f,-0.4592f,0.4593f,0.2746f,0f,0f,0f,1f],start_interpolation: 0,interpolation_duration: 1}
$data merge entity $(bone_leftelbow) {transformation: [-0.0193f,0.7228f,0.6908f,1.3769f,-0.6492f,0.5164f,-0.5585f,3.0098f,-0.7604f,-0.4592f,0.4593f,0.1885f,0f,0f,0f,1f],start_interpolation: 0,interpolation_duration: 1}
$data merge entity $(bone_leftarm) {transformation: [-0.3931f,-0.5153f,0.7615f,0.7563f,-0.6299f,0.7543f,0.1852f,3.2704f,-0.6699f,-0.4069f,-0.6211f,-0.1006f,0f,0f,0f,1f],start_interpolation: 0,interpolation_duration: 1}
$data merge entity $(bone_rightthumb2) {transformation: [0.3808f,0.0502f,-0.9233f,-1.3335f,0.9247f,-0.0162f,0.3804f,3.0841f,0.0041f,-0.9986f,-0.0526f,1.479f,0f,0f,0f,1f],start_interpolation: 0,interpolation_duration: 1}
$data merge entity $(bone_rightthumb) {transformation: [0.3808f,0.0502f,-0.9233f,-1.4001f,0.9247f,-0.0162f,0.3804f,3.1127f,0.0041f,-0.9986f,-0.0526f,1.2296f,0f,0f,0f,1f],start_interpolation: 0,interpolation_duration: 1}
$data merge entity $(bone_rightpointerfinger) {transformation: [0.3655f,-0.118f,-0.9233f,-1.4182f,0.8283f,-0.4112f,0.3804f,3.237f,-0.4246f,-0.9039f,-0.0526f,1.5553f,0f,0f,0f,1f],start_interpolation: 0,interpolation_duration: 1}
$data merge entity $(bone_rightmidfinger) {transformation: [0.3703f,-0.1019f,-0.9233f,-1.5625f,0.8455f,-0.3747f,0.3804f,3.2964f,-0.3848f,-0.9215f,-0.0526f,1.5471f,0f,0f,0f,1f],start_interpolation: 0,interpolation_duration: 1}
$data merge entity $(bone_rightringfinger) {transformation: [0.3753f,-0.0818f,-0.9233f,-1.7068f,0.8645f,-0.3285f,0.3804f,3.3558f,-0.3344f,-0.941f,-0.0526f,1.5389f,0f,0f,0f,1f],start_interpolation: 0,interpolation_duration: 1}
$data merge entity $(bone_hugeasssword) {transformation: [1.4913f,0.1965f,-3.6163f,-1.639f,3.6216f,-0.0634f,1.4901f,3.0416f,0.0162f,-3.9112f,-0.2059f,1.3439f,0f,0f,0f,1f],start_interpolation: 0,interpolation_duration: 1}
$data merge entity $(bone_ice) {transformation: [0.3808f,0.0502f,-0.9233f,-1.6458f,0.9247f,-0.0162f,0.3804f,3.0274f,0.0041f,-0.9986f,-0.0526f,1.3595f,0f,0f,0f,1f],start_interpolation: 0,interpolation_duration: 1}
$data merge entity $(bone_righthand1) {transformation: [0.3808f,0.0502f,-0.9233f,-1.5669f,0.9247f,-0.0162f,0.3804f,3.2664f,0.0041f,-0.9986f,-0.0526f,1.1092f,0f,0f,0f,1f],start_interpolation: 0,interpolation_duration: 1}
$data merge entity $(bone_rightforearm) {transformation: [-0.3516f,-0.0274f,-0.9358f,-1.5163f,0.9164f,0.194f,-0.35f,3.3338f,0.1911f,-0.9806f,-0.0431f,0.4001f,0f,0f,0f,1f],start_interpolation: 0,interpolation_duration: 1}
$data merge entity $(bone_rightelbow) {transformation: [-0.3516f,-0.0274f,-0.9358f,-1.5214f,0.9164f,0.194f,-0.35f,3.3702f,0.1911f,-0.9806f,-0.0431f,0.2163f,0f,0f,0f,1f],start_interpolation: 0,interpolation_duration: 1}
$data merge entity $(bone_rightarm) {transformation: [-0.4849f,0.5743f,-0.6596f,-1.0191f,0.8743f,0.3367f,-0.3496f,3.3802f,0.0213f,-0.7462f,-0.6654f,-0.0954f,0f,0f,0f,1f],start_interpolation: 0,interpolation_duration: 1}
$data merge entity $(bone_chest1) {transformation: [-1.0791f,0.032f,0.0907f,-0.1346f,0.0514f,1.0552f,0.2399f,3.2429f,-0.0813f,0.2433f,-1.0525f,-0.2902f,0f,0f,0f,1f],start_interpolation: 0,interpolation_duration: 1}
$data merge entity $(bone_chest1lid) {transformation: [-0.9961f,0.0295f,0.0837f,-0.5277f,0.0475f,0.974f,0.2215f,2.5067f,-0.075f,0.2246f,-0.9716f,-0.0891f,0f,0f,0f,1f],start_interpolation: 0,interpolation_duration: 1}
$data merge entity $(bone_chest2) {transformation: [-0.9961f,0.0295f,0.0837f,-0.5323f,0.0475f,0.974f,0.2215f,2.3546f,-0.075f,0.2246f,-0.9716f,-0.1242f,0f,0f,0f,1f],start_interpolation: 0,interpolation_duration: 1}
$data merge entity $(bone_chest1lid3) {transformation: [-0.9961f,0.0295f,0.0837f,-0.4118f,0.0475f,0.974f,0.2215f,2.6457f,-0.075f,0.2246f,-0.9716f,-0.7069f,0f,0f,0f,1f],start_interpolation: 0,interpolation_duration: 1}
$data merge entity $(bone_chest3) {transformation: [-0.9961f,0.0295f,0.0837f,-0.4164f,0.0475f,0.974f,0.2215f,2.4935f,-0.075f,0.2246f,-0.9716f,-0.742f,0f,0f,0f,1f],start_interpolation: 0,interpolation_duration: 1}
$data merge entity $(bone_hugeasssword2) {transformation: [-0.328f,2.9544f,-2.5504f,-1.3054f,-0.8674f,2.4402f,2.9383f,4.4902f,3.8053f,0.8109f,0.45f,-0.3795f,0f,0f,0f,1f],start_interpolation: 0,interpolation_duration: 1}
$data merge entity $(bone_belt) {transformation: [-0.9961f,0.0295f,0.0837f,-0.1254f,0.0475f,0.974f,0.2215f,2.8244f,-0.075f,0.2246f,-0.9716f,-0.2501f,0f,0f,0f,1f],start_interpolation: 0,interpolation_duration: 1}
$data merge entity $(bone_torn_part) {transformation: [-0.9829f,-0.0127f,0.1837f,-0.2454f,-0.0092f,0.9998f,0.0203f,2.5085f,-0.184f,0.0182f,-0.9828f,-0.1058f,0f,0f,0f,1f],start_interpolation: 0,interpolation_duration: 1}
$data merge entity $(bone_lowerbody) {transformation: [-0.9829f,0.0431f,0.1791f,-0.1957f,-0.0092f,0.9596f,-0.2813f,2.0805f,-0.184f,-0.2781f,-0.9428f,0.1806f,0f,0f,0f,1f],start_interpolation: 0,interpolation_duration: 1}
$data merge entity $(bone_leftfoot) {transformation: [-0.945f,-0.2548f,-0.2049f,0.4925f,-0.3209f,0.8435f,0.4308f,0.3555f,0.063f,0.4729f,-0.8789f,-0.0582f,0f,0f,0f,1f],start_interpolation: 0,interpolation_duration: 1}
$data merge entity $(bone_leftlowerleg) {transformation: [-0.945f,-0.2548f,-0.2049f,0.2413f,-0.3209f,0.8435f,0.4308f,1.225f,0.063f,0.4729f,-0.8789f,0.6014f,0f,0f,0f,1f],start_interpolation: 0,interpolation_duration: 1}
$data merge entity $(bone_leftleg) {transformation: [-0.98f,-0.1218f,0.1575f,0.0997f,-0.1879f,0.8274f,-0.5293f,2.026f,-0.0659f,-0.5483f,-0.8337f,0.1221f,0f,0f,0f,1f],start_interpolation: 0,interpolation_duration: 1}
$data merge entity $(bone_rightfoot) {transformation: [-0.9105f,-0.0528f,0.41f,-0.4251f,0.1241f,0.9112f,0.3929f,0.2455f,-0.3944f,0.4086f,-0.8231f,-0.1051f,0f,0f,0f,1f],start_interpolation: 0,interpolation_duration: 1}
$data merge entity $(bone_rightlowerleg) {transformation: [-0.9105f,-0.0528f,0.41f,-0.5467f,0.1241f,0.9112f,0.3929f,1.196f,-0.3944f,0.4086f,-0.8231f,0.4747f,0f,0f,0f,1f],start_interpolation: 0,interpolation_duration: 1}
$data merge entity $(bone_rightleg) {transformation: [-0.9467f,0.1286f,0.2952f,-0.4128f,-0.0508f,0.8456f,-0.5314f,2.0338f,-0.318f,-0.5181f,-0.794f,0.0315f,0f,0f,0f,1f],start_interpolation: 0,interpolation_duration: 1}
data modify entity @s data merge value {"cameras":{},"locators":{"lefthand":{"posx":0.7506426756209166,"posy":2.219708449239686,"posz":0.5905391121771654,"roty":143.38990869411725,"rotx":-12.175689783892446},"sword":{"posx":1.8082903723712218,"posy":1.7054603550434653,"posz":1.5701114850430307,"roty":273.2580737159034,"rotx":22.36124938490487},"righthand":{"posx":-1.5964106945481382,"posy":3.1083512736971572,"posz":1.3762972304661976,"roty":273.2580737159034,"rotx":22.36124938490487},"chest":{"posx":-0.5737102040978157,"posy":2.4127433965320475,"posz":0.04628140215582846,"roty":4.926512636970699,"rotx":12.79572995558712}}}