# This file was generated by Animated Java via MC-Build. It is not recommended to edit this file directly.
$data merge entity $(bone_nose) {transformation: [-0.9972f,0.0058f,0.0741f,-0.1683f,0.0258f,0.9619f,0.2723f,4.0488f,-0.0697f,0.2734f,-0.9594f,0.346f,0f,0f,0f,1f],start_interpolation: 0,interpolation_duration: 1}
$data merge entity $(bone_glowing_eye) {transformation: [-0.9972f,0.0058f,0.0741f,-0.2951f,0.0258f,0.9619f,0.2723f,4.1076f,-0.0697f,0.2734f,-0.9594f,0.3893f,0f,0f,0f,1f],start_interpolation: 0,interpolation_duration: 1}
$data merge entity $(bone_head) {transformation: [-0.9972f,0.0058f,0.0741f,-0.1551f,0.0258f,0.9619f,0.2723f,3.981f,-0.0697f,0.2734f,-0.9594f,0.1326f,0f,0f,0f,1f],start_interpolation: 0,interpolation_duration: 1}
$data merge entity $(bone_leftthumb2) {transformation: [-0.0884f,0.1919f,0.9774f,0.4413f,-0.7643f,-0.6423f,0.057f,4.1272f,0.6388f,-0.742f,0.2034f,1.7924f,0f,0f,0f,1f],start_interpolation: 0,interpolation_duration: 1}
$data merge entity $(bone_leftthumb) {transformation: [-0.0884f,0.1919f,0.9774f,0.5719f,-0.7643f,-0.6423f,0.057f,3.9745f,0.6388f,-0.742f,0.2034f,1.6278f,0f,0f,0f,1f],start_interpolation: 0,interpolation_duration: 1}
$data merge entity $(bone_leftpointerfinger) {transformation: [-0.075f,0.1975f,0.9774f,0.5644f,-0.8067f,-0.5882f,0.057f,4.2715f,0.5862f,-0.7842f,0.2034f,1.8109f,0f,0f,0f,1f],start_interpolation: 0,interpolation_duration: 1}
$data merge entity $(bone_leftmidfinger) {transformation: [-0.0767f,0.1968f,0.9774f,0.7171f,-0.8014f,-0.5954f,0.057f,4.2804f,0.5932f,-0.7789f,0.2034f,1.8427f,0f,0f,0f,1f],start_interpolation: 0,interpolation_duration: 1}
$data merge entity $(bone_leftringfinger) {transformation: [-0.0767f,0.1968f,0.9774f,0.8698f,-0.8014f,-0.5954f,0.057f,4.2893f,0.5932f,-0.7789f,0.2034f,1.8745f,0f,0f,0f,1f],start_interpolation: 0,interpolation_duration: 1}
$data merge entity $(bone_invisibility) {transformation: [0.2764f,-0.957f,0.0884f,0.5383f,-0.6349f,-0.1128f,0.7643f,4.0562f,-0.7215f,-0.2673f,-0.6388f,1.8432f,0f,0f,0f,1f],start_interpolation: 0,interpolation_duration: 1}
$data merge entity $(bone_swiftness) {transformation: [0.9774f,0.1919f,0.0884f,0.691f,0.057f,-0.6423f,0.7643f,4.114f,0.2034f,-0.742f,-0.6388f,2.0151f,0f,0f,0f,1f],start_interpolation: 0,interpolation_duration: 1}
$data merge entity $(bone_suspicious_stew) {transformation: [0.587f,-0.8047f,0.0884f,0.7125f,-0.558f,-0.3231f,0.7643f,4.097f,-0.5865f,-0.498f,-0.6388f,1.9161f,0f,0f,0f,1f],start_interpolation: 0,interpolation_duration: 1}
$data merge entity $(bone_log) {transformation: [-0.0884f,0.1919f,0.9774f,0.7741f,-0.7643f,-0.6423f,0.057f,3.9477f,0.6388f,-0.742f,0.2034f,1.8928f,0f,0f,0f,1f],start_interpolation: 0,interpolation_duration: 1}
$data merge entity $(bone_planks) {transformation: [-0.0884f,0.1919f,0.9774f,0.7658f,-0.7643f,-0.6423f,0.057f,3.8761f,0.6388f,-0.742f,0.2034f,1.9527f,0f,0f,0f,1f],start_interpolation: 0,interpolation_duration: 1}
$data merge entity $(bone_lefthand1) {transformation: [-0.0884f,0.1919f,0.9774f,0.8136f,-0.7643f,-0.6423f,0.057f,3.9764f,0.6388f,-0.742f,0.2034f,1.5412f,0f,0f,0f,1f],start_interpolation: 0,interpolation_duration: 1}
$data merge entity $(bone_leftforearm) {transformation: [-0.3977f,0.2895f,0.8707f,0.9642f,-0.9102f,-0.2441f,-0.3346f,3.7351f,0.1157f,-0.9255f,0.3606f,0.8787f,0f,0f,0f,1f],start_interpolation: 0,interpolation_duration: 1}
$data merge entity $(bone_leftelbow) {transformation: [-0.3977f,0.2895f,0.8707f,1.0185f,-0.9102f,-0.2441f,-0.3346f,3.6894f,0.1157f,-0.9255f,0.3606f,0.7052f,0f,0f,0f,1f],start_interpolation: 0,interpolation_duration: 1}
$data merge entity $(bone_leftarm) {transformation: [-0.534f,-0.2099f,0.819f,0.6702f,-0.8206f,-0.1045f,-0.5618f,3.506f,0.2035f,-0.9721f,-0.1165f,0.263f,0f,0f,0f,1f],start_interpolation: 0,interpolation_duration: 1}
$data merge entity $(bone_rightthumb2) {transformation: [0.2976f,0.1325f,-0.9454f,-1.3552f,0.954f,-0.0778f,0.2894f,3.3458f,-0.0352f,-0.9881f,-0.1495f,1.7757f,0f,0f,0f,1f],start_interpolation: 0,interpolation_duration: 1}
$data merge entity $(bone_rightthumb) {transformation: [0.2976f,0.1325f,-0.9454f,-1.4035f,0.954f,-0.0778f,0.2894f,3.3515f,-0.0352f,-0.9881f,-0.1495f,1.5206f,0f,0f,0f,1f],start_interpolation: 0,interpolation_duration: 1}
$data merge entity $(bone_rightpointerfinger) {transformation: [0.325f,-0.0233f,-0.9454f,-1.4588f,0.805f,-0.518f,0.2894f,3.4949f,-0.4964f,-0.8551f,-0.1495f,1.834f,0f,0f,0f,1f],start_interpolation: 0,interpolation_duration: 1}
$data merge entity $(bone_rightmidfinger) {transformation: [0.3257f,-0.0091f,-0.9454f,-1.6065f,0.8268f,-0.4823f,0.2894f,3.5401f,-0.4587f,-0.8759f,-0.1495f,1.8106f,0f,0f,0f,1f],start_interpolation: 0,interpolation_duration: 1}
$data merge entity $(bone_rightringfinger) {transformation: [0.3256f,0.0102f,-0.9454f,-1.7542f,0.8539f,-0.4325f,0.2894f,3.5854f,-0.4059f,-0.9016f,-0.1495f,1.7872f,0f,0f,0f,1f],start_interpolation: 0,interpolation_duration: 1}
$data merge entity $(bone_hugeasssword) {transformation: [1.1657f,0.5189f,-3.703f,-1.6439f,3.7366f,-0.3045f,1.1337f,3.2664f,-0.1377f,-3.8702f,-0.5857f,1.6216f,0f,0f,0f,1f],start_interpolation: 0,interpolation_duration: 1}
$data merge entity $(bone_ice) {transformation: [0.2976f,0.1325f,-0.9454f,-1.6506f,0.954f,-0.0778f,0.2894f,3.2527f,-0.0352f,-0.9881f,-0.1495f,1.6375f,0f,0f,0f,1f],start_interpolation: 0,interpolation_duration: 1}
$data merge entity $(bone_righthand1) {transformation: [0.2976f,0.1325f,-0.9454f,-1.5726f,0.954f,-0.0778f,0.2894f,3.4808f,-0.0352f,-0.9881f,-0.1495f,1.377f,0f,0f,0f,1f],start_interpolation: 0,interpolation_duration: 1}
$data merge entity $(bone_rightforearm) {transformation: [-0.4517f,0.0405f,-0.8912f,-1.4669f,0.8871f,0.1268f,-0.4439f,3.507f,0.0951f,-0.9911f,-0.0932f,0.6712f,0f,0f,0f,1f],start_interpolation: 0,interpolation_duration: 1}
$data merge entity $(bone_rightelbow) {transformation: [-0.4517f,0.0405f,-0.8912f,-1.4593f,0.8871f,0.1268f,-0.4439f,3.5308f,0.0951f,-0.9911f,-0.0932f,0.4853f,0f,0f,0f,1f],start_interpolation: 0,interpolation_duration: 1}
$data merge entity $(bone_rightarm) {transformation: [-0.5315f,0.4632f,-0.7092f,-1.025f,0.8456f,0.2413f,-0.4762f,3.4991f,-0.0495f,-0.8528f,-0.5199f,0.1094f,0f,0f,0f,1f],start_interpolation: 0,interpolation_duration: 1}
$data merge entity $(bone_chest1) {transformation: [-1.0803f,0.0063f,0.0803f,-0.1552f,0.028f,1.042f,0.295f,3.3717f,-0.0755f,0.2962f,-1.0393f,-0.1254f,0f,0f,0f,1f],start_interpolation: 0,interpolation_duration: 1}
$data merge entity $(bone_chest1lid) {transformation: [-0.9972f,0.0058f,0.0741f,-0.5286f,0.0258f,0.9619f,0.2723f,2.6166f,-0.0697f,0.2734f,-0.9594f,0.0393f,0f,0f,0f,1f],start_interpolation: 0,interpolation_duration: 1}
$data merge entity $(bone_chest2) {transformation: [-0.9972f,0.0058f,0.0741f,-0.5295f,0.0258f,0.9619f,0.2723f,2.4663f,-0.0697f,0.2734f,-0.9594f,-0.0034f,0f,0f,0f,1f],start_interpolation: 0,interpolation_duration: 1}
$data merge entity $(bone_chest1lid3) {transformation: [-0.9972f,0.0058f,0.0741f,-0.4188f,0.0258f,0.9619f,0.2723f,2.7894f,-0.0697f,0.2734f,-0.9594f,-0.5709f,0f,0f,0f,1f],start_interpolation: 0,interpolation_duration: 1}
$data merge entity $(bone_chest3) {transformation: [-0.9972f,0.0058f,0.0741f,-0.4197f,0.0258f,0.9619f,0.2723f,2.6391f,-0.0697f,0.2734f,-0.9594f,-0.6136f,0f,0f,0f,1f],start_interpolation: 0,interpolation_duration: 1}
$data merge entity $(bone_hugeasssword2) {transformation: [-0.2903f,2.8951f,-2.622f,-1.3574f,-1.0664f,2.4706f,2.846f,4.5917f,3.7575f,0.9248f,0.6051f,-0.1482f,0f,0f,0f,1f],start_interpolation: 0,interpolation_duration: 1}
$data merge entity $(bone_belt) {transformation: [-0.9972f,0.0058f,0.0741f,-0.1352f,0.0258f,0.9619f,0.2723f,2.9521f,-0.0697f,0.2734f,-0.9594f,-0.1065f,0f,0f,0f,1f],start_interpolation: 0,interpolation_duration: 1}
$data merge entity $(bone_torn_part) {transformation: [-0.9861f,-0.0954f,0.1362f,-0.2496f,-0.0569f,0.9632f,0.2627f,2.6336f,-0.1562f,0.2513f,-0.9552f,-0.0682f,0f,0f,0f,1f],start_interpolation: 0,interpolation_duration: 1}
$data merge entity $(bone_lowerbody) {transformation: [-0.9861f,-0.05f,0.1585f,-0.1512f,-0.0569f,0.9976f,-0.0391f,2.1575f,-0.1562f,-0.0476f,-0.9866f,0.109f,0f,0f,0f,1f],start_interpolation: 0,interpolation_duration: 1}
$data merge entity $(bone_leftfoot) {transformation: [-0.9537f,-0.2493f,-0.1679f,0.5219f,-0.289f,0.9144f,0.2835f,0.4058f,0.0829f,0.3189f,-0.9442f,0.1684f,0f,0f,0f,1f],start_interpolation: 0,interpolation_duration: 1}
$data merge entity $(bone_leftlowerleg) {transformation: [-0.9537f,-0.2493f,-0.1679f,0.2711f,-0.289f,0.9144f,0.2835f,1.3767f,0.0829f,0.3189f,-0.9442f,0.6672f,0f,0f,0f,1f],start_interpolation: 0,interpolation_duration: 1}
$data merge entity $(bone_leftleg) {transformation: [-0.9906f,-0.1266f,0.0515f,0.1136f,-0.1303f,0.7619f,-0.6345f,2.1296f,0.0411f,-0.6352f,-0.7713f,0.1087f,0f,0f,0f,1f],start_interpolation: 0,interpolation_duration: 1}
$data merge entity $(bone_rightfoot) {transformation: [-0.9162f,-0.0598f,0.3963f,-0.4261f,0.0535f,0.9618f,0.2686f,0.2199f,-0.3972f,0.2673f,-0.8779f,-0.0144f,0f,0f,0f,1f],start_interpolation: 0,interpolation_duration: 1}
$data merge entity $(bone_rightlowerleg) {transformation: [-0.9162f,-0.0598f,0.3963f,-0.5533f,0.0535f,0.9618f,0.2686f,1.2456f,-0.3972f,0.2673f,-0.8779f,0.417f,0f,0f,0f,1f],start_interpolation: 0,interpolation_duration: 1}
$data merge entity $(bone_rightleg) {transformation: [-0.9539f,0.1556f,0.2566f,-0.3947f,0.0035f,0.8608f,-0.5089f,2.1078f,-0.3f,-0.4846f,-0.8217f,-0.0036f,0f,0f,0f,1f],start_interpolation: 0,interpolation_duration: 1}
data modify entity @s data merge value {"cameras":{},"locators":{"lefthand":{"posx":0.7520890230958084,"posy":4.068656748343125,"posz":1.8876866237956864,"roty":101.75749256690493,"rotx":3.268016095374191},"sword":{"posx":1.876324995884473,"posy":2.2715235650454564,"posz":2.203459750616651,"roty":278.9881421602595,"rotx":16.824724807979383},"righthand":{"posx":-1.6099886810090394,"posy":3.3388515653510384,"posz":1.6520215074117335,"roty":278.9881421602595,"rotx":16.824724807979383},"chest":{"posx":-0.5717361594693194,"posy":2.51472129011925,"posz":0.1699516755516251,"roty":4.417504738402755,"rotx":15.799529574742254}}}