# This file was generated by Animated Java via MC-Build. It is not recommended to edit this file directly.
$data merge entity $(bone_nose) {transformation: [-0.9754f,-0.0175f,0.2197f,0.0378f,0.0148f,0.9893f,0.1448f,4.0715f,-0.2199f,0.1445f,-0.9648f,0.0798f,0f,0f,0f,1f],start_interpolation: 0,interpolation_duration: 1}
$data merge entity $(bone_glowing_eye) {transformation: [-0.9754f,-0.0175f,0.2197f,-0.093f,0.0148f,0.9893f,0.1448f,4.1353f,-0.2199f,0.1445f,-0.9648f,0.0958f,0f,0f,0f,1f],start_interpolation: 0,interpolation_duration: 1}
$data merge entity $(bone_head) {transformation: [-0.9754f,-0.0175f,0.2197f,0.0811f,0.0148f,0.9893f,0.1448f,3.9765f,-0.2199f,0.1445f,-0.9648f,-0.1187f,0f,0f,0f,1f],start_interpolation: 0,interpolation_duration: 1}
$data merge entity $(bone_leftthumb2) {transformation: [0.106f,-0.0965f,0.9897f,1.1209f,-0.994f,0.0169f,0.1082f,3.2634f,-0.0271f,-0.9952f,-0.0941f,1.863f,0f,0f,0f,1f],start_interpolation: 0,interpolation_duration: 1}
$data merge entity $(bone_leftthumb) {transformation: [0.106f,-0.0965f,0.9897f,1.1818f,-0.994f,0.0169f,0.1082f,3.2768f,-0.0271f,-0.9952f,-0.0941f,1.6109f,0f,0f,0f,1f],start_interpolation: 0,interpolation_duration: 1}
$data merge entity $(bone_leftpointerfinger) {transformation: [0.1059f,-0.0966f,0.9897f,1.2483f,-0.994f,0.0182f,0.1082f,3.3851f,-0.0285f,-0.9952f,-0.0941f,1.936f,0f,0f,0f,1f],start_interpolation: 0,interpolation_duration: 1}
$data merge entity $(bone_leftmidfinger) {transformation: [0.1059f,-0.0966f,0.9897f,1.4029f,-0.994f,0.0181f,0.1082f,3.402f,-0.0283f,-0.9952f,-0.0941f,1.9213f,0f,0f,0f,1f],start_interpolation: 0,interpolation_duration: 1}
$data merge entity $(bone_leftringfinger) {transformation: [0.1059f,-0.0966f,0.9897f,1.5576f,-0.994f,0.0181f,0.1082f,3.4189f,-0.0283f,-0.9952f,-0.0941f,1.9066f,0f,0f,0f,1f],start_interpolation: 0,interpolation_duration: 1}
$data merge entity $(bone_invisibility) {transformation: [-0.0099f,-0.9943f,-0.106f,1.2267f,0.0262f,-0.1063f,0.994f,3.1972f,-0.9996f,0.007f,0.0271f,1.825f,0f,0f,0f,1f],start_interpolation: 0,interpolation_duration: 1}
$data merge entity $(bone_swiftness) {transformation: [0.9897f,-0.0965f,-0.106f,1.4308f,0.1082f,0.0169f,0.994f,3.1634f,-0.0941f,-0.9952f,0.0271f,1.9407f,0f,0f,0f,1f],start_interpolation: 0,interpolation_duration: 1}
$data merge entity $(bone_suspicious_stew) {transformation: [0.3308f,-0.9377f,-0.106f,1.4168f,0.061f,-0.0909f,0.994f,3.2166f,-0.9417f,-0.3353f,0.0271f,1.854f,0f,0f,0f,1f],start_interpolation: 0,interpolation_duration: 1}
$data merge entity $(bone_log) {transformation: [0.106f,-0.0965f,0.9897f,1.4611f,-0.994f,0.0169f,0.1082f,3.1306f,-0.0271f,-0.9952f,-0.0941f,1.7227f,0f,0f,0f,1f],start_interpolation: 0,interpolation_duration: 1}
$data merge entity $(bone_planks) {transformation: [0.106f,-0.0965f,0.9897f,1.471f,-0.994f,0.0169f,0.1082f,3.0374f,-0.0271f,-0.9952f,-0.0941f,1.7201f,0f,0f,0f,1f],start_interpolation: 0,interpolation_duration: 1}
$data merge entity $(bone_lefthand1) {transformation: [0.106f,-0.0965f,0.9897f,1.3795f,-0.994f,0.0169f,0.1082f,3.38f,-0.0271f,-0.9952f,-0.0941f,1.4836f,0f,0f,0f,1f],start_interpolation: 0,interpolation_duration: 1}
$data merge entity $(bone_leftforearm) {transformation: [-0.5886f,-0.0307f,0.8078f,1.2813f,-0.8012f,0.1557f,-0.5778f,3.4523f,-0.108f,-0.9873f,-0.1162f,0.7806f,0f,0f,0f,1f],start_interpolation: 0,interpolation_duration: 1}
$data merge entity $(bone_leftelbow) {transformation: [-0.5886f,-0.0307f,0.8078f,1.2756f,-0.8012f,0.1557f,-0.5778f,3.4815f,-0.108f,-0.9873f,-0.1162f,0.5954f,0f,0f,0f,1f],start_interpolation: 0,interpolation_duration: 1}
$data merge entity $(bone_leftarm) {transformation: [-0.6332f,-0.3194f,0.705f,0.8955f,-0.7737f,0.2372f,-0.5875f,3.4657f,0.0204f,-0.9175f,-0.3973f,0.1649f,0f,0f,0f,1f],start_interpolation: 0,interpolation_duration: 1}
$data merge entity $(bone_rightthumb2) {transformation: [0.1225f,-0.8556f,-0.5029f,-0.3585f,0.8956f,0.3137f,-0.3155f,3.1174f,0.4277f,-0.4117f,0.8047f,-0.0458f,0f,0f,0f,1f],start_interpolation: 0,interpolation_duration: 1}
$data merge entity $(bone_rightthumb) {transformation: [0.1225f,-0.8556f,-0.5029f,-0.6113f,0.8956f,0.3137f,-0.3155f,3.1674f,0.4277f,-0.4117f,0.8047f,-0.078f,0f,0f,0f,1f],start_interpolation: 0,interpolation_duration: 1}
$data merge entity $(bone_rightpointerfinger) {transformation: [0.3805f,-0.7761f,-0.5029f,-0.3407f,0.7551f,0.5747f,-0.3155f,3.1476f,0.5339f,-0.2597f,0.8047f,0.1416f,0f,0f,0f,1f],start_interpolation: 0,interpolation_duration: 1}
$data merge entity $(bone_rightmidfinger) {transformation: [0.414f,-0.7588f,-0.5029f,-0.4193f,0.7293f,0.607f,-0.3155f,3.0983f,0.5447f,-0.2362f,0.8047f,0.2673f,0f,0f,0f,1f],start_interpolation: 0,interpolation_duration: 1}
$data merge entity $(bone_rightringfinger) {transformation: [0.391f,-0.7708f,-0.5029f,-0.4978f,0.7472f,0.5849f,-0.3155f,3.049f,0.5373f,-0.2524f,0.8047f,0.3931f,0f,0f,0f,1f],start_interpolation: 0,interpolation_duration: 1}
$data merge entity $(bone_hugeasssword) {transformation: [0.4798f,-3.3512f,-1.9696f,-0.6177f,3.5077f,1.2285f,-1.2357f,2.9291f,1.6751f,-1.6126f,3.1518f,0.0575f,0f,0f,0f,1f],start_interpolation: 0,interpolation_duration: 1}
$data merge entity $(bone_ice) {transformation: [0.1225f,-0.8556f,-0.5029f,-0.6063f,0.8956f,0.3137f,-0.3155f,2.9102f,0.4277f,-0.4117f,0.8047f,0.0573f,0f,0f,0f,1f],start_interpolation: 0,interpolation_duration: 1}
$data merge entity $(bone_righthand1) {transformation: [0.1225f,-0.8556f,-0.5029f,-0.8053f,0.8956f,0.3137f,-0.3155f,3.2027f,0.4277f,-0.4117f,0.8047f,0.0864f,0f,0f,0f,1f],start_interpolation: 0,interpolation_duration: 1}
$data merge entity $(bone_rightforearm) {transformation: [0.0228f,-0.9095f,-0.4151f,-1.4321f,0.9388f,0.1623f,-0.3038f,3.2688f,0.3437f,-0.3827f,0.8575f,-0.2189f,0f,0f,0f,1f],start_interpolation: 0,interpolation_duration: 1}
$data merge entity $(bone_rightelbow) {transformation: [0.0228f,-0.9095f,-0.4151f,-1.6026f,0.9388f,0.1623f,-0.3038f,3.2992f,0.3437f,-0.3827f,0.8575f,-0.2906f,0f,0f,0f,1f],start_interpolation: 0,interpolation_duration: 1}
$data merge entity $(bone_rightarm) {transformation: [-0.5051f,0.7952f,-0.3355f,-0.8213f,0.8361f,0.5472f,0.0382f,3.4415f,0.214f,-0.2612f,-0.9413f,-0.3419f,0f,0f,0f,1f],start_interpolation: 0,interpolation_duration: 1}
$data merge entity $(bone_chest1) {transformation: [-1.0567f,-0.019f,0.238f,0.1083f,0.0161f,1.0718f,0.1569f,3.3387f,-0.2382f,0.1566f,-1.0451f,-0.2929f,0f,0f,0f,1f],start_interpolation: 0,interpolation_duration: 1}
$data merge entity $(bone_chest1lid) {transformation: [-0.9754f,-0.0175f,0.2197f,-0.2987f,0.0148f,0.9893f,0.1448f,2.6109f,-0.2199f,0.1445f,-0.9648f,-0.0892f,0f,0f,0f,1f],start_interpolation: 0,interpolation_duration: 1}
$data merge entity $(bone_chest2) {transformation: [-0.9754f,-0.0175f,0.2197f,-0.296f,0.0148f,0.9893f,0.1448f,2.4564f,-0.2199f,0.1445f,-0.9648f,-0.1118f,0f,0f,0f,1f],start_interpolation: 0,interpolation_duration: 1}
$data merge entity $(bone_chest1lid3) {transformation: [-0.9754f,-0.0175f,0.2197f,-0.097f,0.0148f,0.9893f,0.1448f,2.7028f,-0.2199f,0.1445f,-0.9648f,-0.6935f,0f,0f,0f,1f],start_interpolation: 0,interpolation_duration: 1}
$data merge entity $(bone_chest3) {transformation: [-0.9754f,-0.0175f,0.2197f,-0.0942f,0.0148f,0.9893f,0.1448f,2.5482f,-0.2199f,0.1445f,-0.9648f,-0.7161f,0f,0f,0f,1f],start_interpolation: 0,interpolation_duration: 1}
$data merge entity $(bone_hugeasssword2) {transformation: [-0.8605f,2.7702f,-2.6316f,-1.0556f,-0.5673f,2.575f,2.8962f,4.5433f,3.7786f,1.0175f,-0.1645f,-0.6517f,0f,0f,0f,1f],start_interpolation: 0,interpolation_duration: 1}
$data merge entity $(bone_belt) {transformation: [-0.9754f,-0.0175f,0.2197f,0.1178f,0.0148f,0.9893f,0.1448f,2.9252f,-0.2199f,0.1445f,-0.9648f,-0.2171f,0f,0f,0f,1f],start_interpolation: 0,interpolation_duration: 1}
$data merge entity $(bone_torn_part) {transformation: [-0.9753f,-0.0366f,0.2179f,-0.0448f,-0.0268f,0.9985f,0.0477f,2.6184f,-0.2193f,0.0407f,-0.9748f,-0.1053f,0f,0f,0f,1f],start_interpolation: 0,interpolation_duration: 1}
$data merge entity $(bone_lowerbody) {transformation: [-0.9753f,0.0306f,0.2188f,0.0047f,-0.0268f,0.9666f,-0.2548f,2.1848f,-0.2193f,-0.2543f,-0.9419f,0.1728f,0f,0f,0f,1f],start_interpolation: 0,interpolation_duration: 1}
$data merge entity $(bone_leftfoot) {transformation: [-0.9825f,-0.1819f,-0.0395f,0.5246f,-0.1846f,0.9256f,0.3304f,0.2363f,-0.0236f,0.3319f,-0.943f,-0.1456f,0f,0f,0f,1f],start_interpolation: 0,interpolation_duration: 1}
$data merge entity $(bone_leftlowerleg) {transformation: [-0.9825f,-0.1819f,-0.0395f,0.3289f,-0.1846f,0.9256f,0.3304f,1.2124f,-0.0236f,0.3319f,-0.943f,0.3675f,0f,0f,0f,1f],start_interpolation: 0,interpolation_duration: 1}
$data merge entity $(bone_leftleg) {transformation: [-0.9805f,-0.0157f,0.1957f,0.2858f,-0.0801f,0.942f,-0.3258f,2.1589f,-0.1793f,-0.3352f,-0.9249f,0.0795f,0f,0f,0f,1f],start_interpolation: 0,interpolation_duration: 1}
$data merge entity $(bone_rightfoot) {transformation: [-0.9114f,0.0531f,0.4081f,-0.456f,0.203f,0.9206f,0.3336f,0.3218f,-0.358f,0.3869f,-0.8498f,-0.1374f,0f,0f,0f,1f],start_interpolation: 0,interpolation_duration: 1}
$data merge entity $(bone_rightlowerleg) {transformation: [-0.9114f,0.0531f,0.4081f,-0.4598f,0.203f,0.9206f,0.3336f,1.2918f,-0.358f,0.3869f,-0.8498f,0.4224f,0f,0f,0f,1f],start_interpolation: 0,interpolation_duration: 1}
$data merge entity $(bone_rightleg) {transformation: [-0.9275f,0.2239f,0.2995f,-0.2249f,0.0312f,0.8446f,-0.5345f,2.1325f,-0.3726f,-0.4864f,-0.7903f,0.0181f,0f,0f,0f,1f],start_interpolation: 0,interpolation_duration: 1}
data modify entity @s data merge value {"cameras":{},"locators":{"lefthand":{"posx":1.4431860711715656,"posy":3.220813175103243,"posz":1.8044300143798582,"roty":84.5674911465106,"rotx":6.208991550554498},"sword":{"posx":1.2808152759465687,"posy":4.1576287802955845,"posz":-2.876134904562614,"roty":212.00240251761505,"rotx":-18.3914096797427},"righthand":{"posx":-0.5735786715236002,"posy":2.994197569552331,"posz":0.09123887631745684,"roty":212.00240251761505,"rotx":-18.3914096797427},"chest":{"posx":-0.3624115417526875,"posy":2.5269426524360945,"posz":0.0456236179939129,"roty":12.829711193596438,"rotx":8.328326503380682}}}