# This file was generated by Animated Java via MC-Build. It is not recommended to edit this file directly.
$data merge entity $(bone_nose) {transformation: [-0.9754f,-0.0006f,0.2203f,0.0433f,0.0456f,0.9778f,0.2046f,4.1108f,-0.2155f,0.2096f,-0.9537f,0.2688f,0f,0f,0f,1f],start_interpolation: 0,interpolation_duration: 1}
$data merge entity $(bone_glowing_eye) {transformation: [-0.9754f,-0.0006f,0.2203f,-0.0864f,0.0456f,0.9778f,0.2046f,4.1756f,-0.2155f,0.2096f,-0.9537f,0.2893f,0f,0f,0f,1f],start_interpolation: 0,interpolation_duration: 1}
$data merge entity $(bone_head) {transformation: [-0.9754f,-0.0006f,0.2203f,0.0846f,0.0456f,0.9778f,0.2046f,4.0284f,-0.2155f,0.2096f,-0.9537f,0.0643f,0f,0f,0f,1f],start_interpolation: 0,interpolation_duration: 1}
$data merge entity $(bone_leftthumb2) {transformation: [0.1026f,-0.1462f,0.9839f,1.1755f,-0.9938f,0.0274f,0.1077f,3.2254f,-0.0428f,-0.9889f,-0.1425f,2.0074f,0f,0f,0f,1f],start_interpolation: 0,interpolation_duration: 1}
$data merge entity $(bone_leftthumb) {transformation: [0.1026f,-0.1462f,0.9839f,1.2237f,-0.9938f,0.0274f,0.1077f,3.2413f,-0.0428f,-0.9889f,-0.1425f,1.7527f,0f,0f,0f,1f],start_interpolation: 0,interpolation_duration: 1}
$data merge entity $(bone_leftpointerfinger) {transformation: [0.1021f,-0.1466f,0.9839f,1.3066f,-0.9937f,0.0312f,0.1077f,3.3461f,-0.0465f,-0.9887f,-0.1425f,2.0752f,0f,0f,0f,1f],start_interpolation: 0,interpolation_duration: 1}
$data merge entity $(bone_leftmidfinger) {transformation: [0.1021f,-0.1465f,0.9839f,1.4603f,-0.9937f,0.0307f,0.1077f,3.3629f,-0.046f,-0.9887f,-0.1425f,2.053f,0f,0f,0f,1f],start_interpolation: 0,interpolation_duration: 1}
$data merge entity $(bone_leftringfinger) {transformation: [0.1021f,-0.1465f,0.9839f,1.614f,-0.9937f,0.0307f,0.1077f,3.3797f,-0.046f,-0.9887f,-0.1425f,2.0307f,0f,0f,0f,1f],start_interpolation: 0,interpolation_duration: 1}
$data merge entity $(bone_invisibility) {transformation: [-0.0599f,-0.9929f,-0.1026f,1.2791f,0.0367f,-0.1049f,0.9938f,3.1594f,-0.9975f,0.0558f,0.0428f,1.9635f,0f,0f,0f,1f],start_interpolation: 0,interpolation_duration: 1}
$data merge entity $(bone_swiftness) {transformation: [0.9839f,-0.1462f,-0.1026f,1.4887f,0.1077f,0.0274f,0.9938f,3.1241f,-0.1425f,-0.9889f,0.0428f,2.0685f,0f,0f,0f,1f],start_interpolation: 0,interpolation_duration: 1}
$data merge entity $(bone_suspicious_stew) {transformation: [0.2833f,-0.9535f,-0.1026f,1.4704f,0.0704f,-0.086f,0.9938f,3.1783f,-0.9564f,-0.2888f,0.0428f,1.9831f,0f,0f,0f,1f],start_interpolation: 0,interpolation_duration: 1}
$data merge entity $(bone_log) {transformation: [0.1026f,-0.1462f,0.9839f,1.5079f,-0.9938f,0.0274f,0.1077f,3.0936f,-0.0428f,-0.9889f,-0.1425f,1.8488f,0f,0f,0f,1f],start_interpolation: 0,interpolation_duration: 1}
$data merge entity $(bone_planks) {transformation: [0.1026f,-0.1462f,0.9839f,1.5175f,-0.9938f,0.0274f,0.1077f,3.0004f,-0.0428f,-0.9889f,-0.1425f,1.8448f,0f,0f,0f,1f],start_interpolation: 0,interpolation_duration: 1}
$data merge entity $(bone_lefthand1) {transformation: [0.1026f,-0.1462f,0.9839f,1.4149f,-0.9938f,0.0274f,0.1077f,3.3455f,-0.0428f,-0.9889f,-0.1425f,1.6168f,0f,0f,0f,1f],start_interpolation: 0,interpolation_duration: 1}
$data merge entity $(bone_leftforearm) {transformation: [-0.6036f,-0.0567f,0.7953f,1.2964f,-0.7877f,0.1963f,-0.5839f,3.4465f,-0.123f,-0.9789f,-0.1631f,0.9199f,0f,0f,0f,1f],start_interpolation: 0,interpolation_duration: 1}
$data merge entity $(bone_leftelbow) {transformation: [-0.6036f,-0.0567f,0.7953f,1.2857f,-0.7877f,0.1963f,-0.5839f,3.4833f,-0.123f,-0.9789f,-0.1631f,0.7363f,0f,0f,0f,1f],start_interpolation: 0,interpolation_duration: 1}
$data merge entity $(bone_leftarm) {transformation: [-0.6438f,-0.3405f,0.6853f,0.8942f,-0.7652f,0.2778f,-0.5808f,3.4895f,0.0074f,-0.8983f,-0.4394f,0.316f,0f,0f,0f,1f],start_interpolation: 0,interpolation_duration: 1}
$data merge entity $(bone_rightthumb2) {transformation: [0.1393f,-0.8202f,-0.5549f,-0.4219f,0.8643f,0.3742f,-0.3362f,3.4428f,0.4833f,-0.4327f,0.761f,0.262f,0f,0f,0f,1f],start_interpolation: 0,interpolation_duration: 1}
$data merge entity $(bone_rightthumb) {transformation: [0.1393f,-0.8202f,-0.5549f,-0.6705f,0.8643f,0.3742f,-0.3362f,3.5058f,0.4833f,-0.4327f,0.761f,0.2209f,0f,0f,0f,1f],start_interpolation: 0,interpolation_duration: 1}
$data merge entity $(bone_rightpointerfinger) {transformation: [0.6637f,-0.5016f,-0.5549f,-0.4121f,0.3727f,0.8649f,-0.3362f,3.4618f,0.6485f,0.0163f,0.761f,0.4514f,0f,0f,0f,1f],start_interpolation: 0,interpolation_duration: 1}
$data merge entity $(bone_rightmidfinger) {transformation: [0.685f,-0.4722f,-0.5549f,-0.4988f,0.3346f,0.8804f,-0.3362f,3.4093f,0.6472f,0.0446f,0.761f,0.5703f,0f,0f,0f,1f],start_interpolation: 0,interpolation_duration: 1}
$data merge entity $(bone_rightringfinger) {transformation: [0.6455f,-0.5248f,-0.5549f,-0.5855f,0.4031f,0.8512f,-0.3362f,3.3568f,0.6487f,-0.0067f,0.761f,0.6892f,0f,0f,0f,1f],start_interpolation: 0,interpolation_duration: 1}
$data merge entity $(bone_hugeasssword) {transformation: [0.5454f,-3.2125f,-2.1732f,-0.6937f,3.3851f,1.4654f,-1.3167f,3.261f,1.893f,-1.6949f,2.9806f,0.3422f,0f,0f,0f,1f],start_interpolation: 0,interpolation_duration: 1}
$data merge entity $(bone_ice) {transformation: [0.1393f,-0.8202f,-0.5549f,-0.6831f,0.8643f,0.3742f,-0.3362f,3.2416f,0.4833f,-0.4327f,0.761f,0.3414f,0f,0f,0f,1f],start_interpolation: 0,interpolation_duration: 1}
$data merge entity $(bone_righthand1) {transformation: [0.1393f,-0.8202f,-0.5549f,-0.8707f,0.8643f,0.3742f,-0.3362f,3.5407f,0.4833f,-0.4327f,0.761f,0.3778f,0f,0f,0f,1f],start_interpolation: 0,interpolation_duration: 1}
$data merge entity $(bone_rightforearm) {transformation: [0.0837f,-0.8627f,-0.4987f,-1.4702f,0.9867f,0.0019f,0.1624f,3.5007f,-0.1392f,-0.5056f,0.8514f,0.0462f,0f,0f,0f,1f],start_interpolation: 0,interpolation_duration: 1}
$data merge entity $(bone_rightelbow) {transformation: [0.0837f,-0.8627f,-0.4987f,-1.632f,0.9867f,0.0019f,0.1624f,3.501f,-0.1392f,-0.5056f,0.8514f,-0.0486f,0f,0f,0f,1f],start_interpolation: 0,interpolation_duration: 1}
$data merge entity $(bone_rightarm) {transformation: [-0.4395f,0.8517f,-0.2854f,-0.8416f,0.8632f,0.3126f,-0.3963f,3.5582f,-0.2483f,-0.4206f,-0.8726f,-0.0956f,0f,0f,0f,1f],start_interpolation: 0,interpolation_duration: 1}
$data merge entity $(bone_chest1) {transformation: [-1.0567f,-0.0007f,0.2386f,0.1007f,0.0494f,1.0593f,0.2216f,3.4032f,-0.2334f,0.2271f,-1.0332f,-0.1517f,0f,0f,0f,1f],start_interpolation: 0,interpolation_duration: 1}
$data merge entity $(bone_chest1lid) {transformation: [-0.9754f,-0.0006f,0.2203f,-0.3181f,0.0456f,0.9778f,0.2046f,2.6704f,-0.2155f,0.2096f,-0.9537f,0.0047f,0f,0f,0f,1f],start_interpolation: 0,interpolation_duration: 1}
$data merge entity $(bone_chest2) {transformation: [-0.9754f,-0.0006f,0.2203f,-0.318f,0.0456f,0.9778f,0.2046f,2.5176f,-0.2155f,0.2096f,-0.9537f,-0.0281f,0f,0f,0f,1f],start_interpolation: 0,interpolation_duration: 1}
$data merge entity $(bone_chest1lid3) {transformation: [-0.9754f,-0.0006f,0.2203f,-0.116f,0.0456f,0.9778f,0.2046f,2.7986f,-0.2155f,0.2096f,-0.9537f,-0.5929f,0f,0f,0f,1f],start_interpolation: 0,interpolation_duration: 1}
$data merge entity $(bone_chest3) {transformation: [-0.9754f,-0.0006f,0.2203f,-0.1159f,0.0456f,0.9778f,0.2046f,2.6459f,-0.2155f,0.2096f,-0.9537f,-0.6256f,0f,0f,0f,1f],start_interpolation: 0,interpolation_duration: 1}
$data merge entity $(bone_hugeasssword2) {transformation: [-0.8627f,2.8151f,-2.5829f,-1.0435f,-0.8013f,2.4557f,2.9441f,4.6481f,3.7355f,1.1769f,0.0351f,-0.4267f,0f,0f,0f,1f],start_interpolation: 0,interpolation_duration: 1}
$data merge entity $(bone_belt) {transformation: [-0.9754f,-0.0006f,0.2203f,0.1034f,0.0456f,0.9778f,0.2046f,2.9855f,-0.2155f,0.2096f,-0.9537f,-0.1035f,0f,0f,0f,1f],start_interpolation: 0,interpolation_duration: 1}
$data merge entity $(bone_torn_part) {transformation: [-0.9705f,-0.0807f,0.2274f,-0.0229f,-0.0225f,0.9686f,0.2476f,2.6765f,-0.2402f,0.2352f,-0.9418f,-0.0762f,0f,0f,0f,1f],start_interpolation: 0,interpolation_duration: 1}
$data merge entity $(bone_lowerbody) {transformation: [-0.9705f,-0.0086f,0.2411f,0.0421f,-0.0225f,0.9982f,-0.0551f,2.199f,-0.2402f,-0.0589f,-0.9689f,0.1123f,0f,0f,0f,1f],start_interpolation: 0,interpolation_duration: 1}
$data merge entity $(bone_leftfoot) {transformation: [-0.9843f,-0.1748f,-0.0254f,0.5248f,-0.1755f,0.951f,0.2545f,0.2206f,-0.0203f,0.2549f,-0.9667f,-0.0466f,0f,0f,0f,1f],start_interpolation: 0,interpolation_duration: 1}
$data merge entity $(bone_leftlowerleg) {transformation: [-0.9843f,-0.1748f,-0.0254f,0.3347f,-0.1755f,0.951f,0.2545f,1.2366f,-0.0203f,0.2549f,-0.9667f,0.3847f,0f,0f,0f,1f],start_interpolation: 0,interpolation_duration: 1}
$data merge entity $(bone_leftleg) {transformation: [-0.9814f,0.0062f,0.1921f,0.3119f,-0.0644f,0.9312f,-0.3589f,2.1805f,-0.1811f,-0.3646f,-0.9134f,0.0644f,0f,0f,0f,1f],start_interpolation: 0,interpolation_duration: 1}
$data merge entity $(bone_rightfoot) {transformation: [-0.9037f,0.0943f,0.4176f,-0.4727f,0.2099f,0.9477f,0.2403f,0.3337f,-0.3731f,0.3049f,-0.8763f,-0.0056f,0f,0f,0f,1f],start_interpolation: 0,interpolation_duration: 1}
$data merge entity $(bone_rightlowerleg) {transformation: [-0.9037f,0.0943f,0.4176f,-0.4322f,0.2099f,0.9477f,0.2403f,1.3482f,-0.3731f,0.3049f,-0.8763f,0.4672f,0f,0f,0f,1f],start_interpolation: 0,interpolation_duration: 1}
$data merge entity $(bone_rightleg) {transformation: [-0.9397f,0.2233f,0.259f,-0.1968f,0.0278f,0.8049f,-0.5928f,2.1579f,-0.3408f,-0.5499f,-0.7626f,-0.005f,0f,0f,0f,1f],start_interpolation: 0,interpolation_duration: 1}
data modify entity @s data merge value {"cameras":{},"locators":{"lefthand":{"posx":1.49430301672048,"posy":3.1829229504286065,"posz":1.932325897135608,"roty":81.76040664123724,"rotx":6.184940229357984},"sword":{"posx":1.3974656957310878,"posy":4.561665389270253,"posz":-2.4246651130309136,"roty":216.09584166705775,"rotx":-19.643468512984732},"righthand":{"posx":-0.6485491424623735,"posy":3.322052590860653,"posz":0.3815493552361341,"roty":216.09584166705775,"rotx":-19.643468512984732},"chest":{"posx":-0.38294979476644264,"posy":2.578760929098794,"posz":0.1338529977531049,"roty":13.00349724504568,"rotx":11.805475975350385}}}