# This file was generated by Animated Java via MC-Build. It is not recommended to edit this file directly.
$data merge entity $(bone_nose) {transformation: [-0.9958f,0.0021f,0.0918f,-0.1086f,0.0164f,0.9878f,0.155f,4.015f,-0.0904f,0.1558f,-0.9836f,0.0128f,0f,0f,0f,1f],start_interpolation: 0,interpolation_duration: 1}
$data merge entity $(bone_glowing_eye) {transformation: [-0.9958f,0.0021f,0.0918f,-0.2361f,0.0164f,0.9878f,0.155f,4.0785f,-0.0904f,0.1558f,-0.9836f,0.0463f,0f,0f,0f,1f],start_interpolation: 0,interpolation_duration: 1}
$data merge entity $(bone_head) {transformation: [-0.9958f,0.0021f,0.0918f,-0.0916f,0.0164f,0.9878f,0.155f,3.922f,-0.0904f,0.1558f,-0.9836f,-0.1907f,0f,0f,0f,1f],start_interpolation: 0,interpolation_duration: 1}
$data merge entity $(bone_leftthumb2) {transformation: [-0.0026f,0.2848f,0.9586f,0.5775f,-0.8426f,0.5156f,-0.1554f,2.5245f,-0.5386f,-0.8081f,0.2387f,1.0808f,0f,0f,0f,1f],start_interpolation: 0,interpolation_duration: 1}
$data merge entity $(bone_leftthumb) {transformation: [-0.0026f,0.2848f,0.9586f,0.7292f,-0.8426f,0.5156f,-0.1554f,2.6377f,-0.5386f,-0.8081f,0.2387f,0.9031f,0f,0f,0f,1f],start_interpolation: 0,interpolation_duration: 1}
$data merge entity $(bone_leftpointerfinger) {transformation: [0.0035f,0.2848f,0.9586f,0.681f,-0.8315f,0.5333f,-0.1554f,2.5534f,-0.5555f,-0.7965f,0.2387f,1.2383f,0f,0f,0f,1f],start_interpolation: 0,interpolation_duration: 1}
$data merge entity $(bone_leftmidfinger) {transformation: [0.0027f,0.2848f,0.9586f,0.8308f,-0.833f,0.531f,-0.1554f,2.5291f,-0.5533f,-0.798f,0.2387f,1.2756f,0f,0f,0f,1f],start_interpolation: 0,interpolation_duration: 1}
$data merge entity $(bone_leftringfinger) {transformation: [0.0027f,0.2848f,0.9586f,0.9806f,-0.833f,0.531f,-0.1554f,2.5048f,-0.5533f,-0.798f,0.2387f,1.3129f,0f,0f,0f,1f],start_interpolation: 0,interpolation_duration: 1}
$data merge entity $(bone_invisibility) {transformation: [0.3673f,-0.9301f,0.0026f,0.6817f,0.5001f,0.1998f,0.8426f,2.4566f,-0.7842f,-0.3082f,0.5386f,1.0415f,0f,0f,0f,1f],start_interpolation: 0,interpolation_duration: 1}
$data merge entity $(bone_swiftness) {transformation: [0.9586f,0.2848f,0.0026f,0.8228f,-0.1554f,0.5156f,0.8426f,2.3138f,0.2387f,-0.8081f,0.5386f,1.1676f,0f,0f,0f,1f],start_interpolation: 0,interpolation_duration: 1}
$data merge entity $(bone_suspicious_stew) {transformation: [0.6632f,-0.7484f,0.0026f,0.8481f,0.4016f,0.3588f,0.8426f,2.4033f,-0.6315f,-0.5578f,0.5386f,1.1241f,0f,0f,0f,1f],start_interpolation: 0,interpolation_duration: 1}
$data merge entity $(bone_log) {transformation: [-0.0026f,0.2848f,0.9586f,0.9284f,-0.8426f,0.5156f,-0.1554f,2.3815f,-0.5386f,-0.8081f,0.2387f,0.9838f,0f,0f,0f,1f],start_interpolation: 0,interpolation_duration: 1}
$data merge entity $(bone_planks) {transformation: [-0.0026f,0.2848f,0.9586f,0.9282f,-0.8426f,0.5156f,-0.1554f,2.3025f,-0.5386f,-0.8081f,0.2387f,0.9333f,0f,0f,0f,1f],start_interpolation: 0,interpolation_duration: 1}
$data merge entity $(bone_lefthand1) {transformation: [-0.0026f,0.2848f,0.9586f,0.9703f,-0.8426f,0.5156f,-0.1554f,2.7259f,-0.5386f,-0.8081f,0.2387f,0.909f,0f,0f,0f,1f],start_interpolation: 0,interpolation_duration: 1}
$data merge entity $(bone_leftforearm) {transformation: [-0.3453f,0.4014f,0.8483f,1.2014f,-0.723f,0.4625f,-0.5132f,3.0205f,-0.5983f,-0.7906f,0.1305f,0.311f,0f,0f,0f,1f],start_interpolation: 0,interpolation_duration: 1}
$data merge entity $(bone_leftelbow) {transformation: [-0.3453f,0.4014f,0.8483f,1.2767f,-0.723f,0.4625f,-0.5132f,3.1072f,-0.5983f,-0.7906f,0.1305f,0.1628f,0f,0f,0f,1f],start_interpolation: 0,interpolation_duration: 1}
$data merge entity $(bone_leftarm) {transformation: [-0.5725f,-0.4188f,0.7049f,0.7568f,-0.6932f,0.7063f,-0.1433f,3.3542f,-0.4379f,-0.5707f,-0.6947f,-0.1331f,0f,0f,0f,1f],start_interpolation: 0,interpolation_duration: 1}
$data merge entity $(bone_rightthumb2) {transformation: [-0.7464f,0.2205f,0.6279f,-1.8169f,-0.5559f,0.3122f,-0.7704f,3.51f,-0.3659f,-0.9241f,-0.1104f,1.4349f,0f,0f,0f,1f],start_interpolation: 0,interpolation_duration: 1}
$data merge entity $(bone_rightthumb) {transformation: [-0.7464f,0.2205f,0.6279f,-1.7091f,-0.5559f,0.3122f,-0.7704f,3.5207f,-0.3659f,-0.9241f,-0.1104f,1.1988f,0f,0f,0f,1f],start_interpolation: 0,interpolation_duration: 1}
$data merge entity $(bone_rightpointerfinger) {transformation: [-0.6796f,0.3794f,0.6279f,-1.8337f,-0.4735f,0.4269f,-0.7704f,3.3213f,-0.5603f,-0.8209f,-0.1104f,1.4569f,0f,0f,0f,1f],start_interpolation: 0,interpolation_duration: 1}
$data merge entity $(bone_rightmidfinger) {transformation: [-0.6955f,0.3494f,0.6279f,-1.7356f,-0.4917f,0.4058f,-0.7704f,3.201f,-0.524f,-0.8445f,-0.1104f,1.4396f,0f,0f,0f,1f],start_interpolation: 0,interpolation_duration: 1}
$data merge entity $(bone_rightringfinger) {transformation: [-0.7055f,0.3287f,0.6279f,-1.6375f,-0.5035f,0.3911f,-0.7704f,3.0806f,-0.4988f,-0.8596f,-0.1104f,1.4223f,0f,0f,0f,1f],start_interpolation: 0,interpolation_duration: 1}
$data merge entity $(bone_hugeasssword) {transformation: [-2.9234f,0.8635f,2.4593f,-1.5023f,-2.1773f,1.2226f,-3.0174f,3.4241f,-1.4329f,-3.6194f,-0.4326f,1.3508f,0f,0f,0f,1f],start_interpolation: 0,interpolation_duration: 1}
$data merge entity $(bone_ice) {transformation: [-0.7464f,0.2205f,0.6279f,-1.4941f,-0.5559f,0.3122f,-0.7704f,3.4279f,-0.3659f,-0.9241f,-0.1104f,1.3709f,0f,0f,0f,1f],start_interpolation: 0,interpolation_duration: 1}
$data merge entity $(bone_righthand1) {transformation: [-0.7464f,0.2205f,0.6279f,-1.606f,-0.5559f,0.3122f,-0.7704f,3.3429f,-0.3659f,-0.9241f,-0.1104f,1.045f,0f,0f,0f,1f],start_interpolation: 0,interpolation_duration: 1}
$data merge entity $(bone_rightforearm) {transformation: [-0.5847f,0.1931f,-0.788f,-1.4253f,0.81f,0.1942f,-0.5534f,3.3971f,0.0461f,-0.9618f,-0.27f,0.3581f,0f,0f,0f,1f],start_interpolation: 0,interpolation_duration: 1}
$data merge entity $(bone_rightelbow) {transformation: [-0.5847f,0.1931f,-0.788f,-1.3891f,0.81f,0.1942f,-0.5534f,3.4335f,0.0461f,-0.9618f,-0.27f,0.1777f,0f,0f,0f,1f],start_interpolation: 0,interpolation_duration: 1}
$data merge entity $(bone_rightarm) {transformation: [-0.6108f,0.4788f,-0.6306f,-0.9507f,0.7866f,0.2757f,-0.5526f,3.4291f,-0.0907f,-0.8336f,-0.5449f,-0.1851f,0f,0f,0f,1f],start_interpolation: 0,interpolation_duration: 1}
$data merge entity $(bone_chest1) {transformation: [-1.0788f,0.0023f,0.0995f,-0.0878f,0.0177f,1.0701f,0.1679f,3.2861f,-0.0979f,0.1688f,-1.0656f,-0.3735f,0f,0f,0f,1f],start_interpolation: 0,interpolation_duration: 1}
$data merge entity $(bone_chest1lid) {transformation: [-0.9958f,0.0021f,0.0918f,-0.4652f,0.0164f,0.9878f,0.155f,2.556f,-0.0904f,0.1558f,-0.9836f,-0.126f,0f,0f,0f,1f],start_interpolation: 0,interpolation_duration: 1}
$data merge entity $(bone_chest2) {transformation: [-0.9958f,0.0021f,0.0918f,-0.4655f,0.0164f,0.9878f,0.155f,2.4017f,-0.0904f,0.1558f,-0.9836f,-0.1503f,0f,0f,0f,1f],start_interpolation: 0,interpolation_duration: 1}
$data merge entity $(bone_chest1lid3) {transformation: [-0.9958f,0.0021f,0.0918f,-0.3441f,0.0164f,0.9878f,0.155f,2.6543f,-0.0904f,0.1558f,-0.9836f,-0.7505f,0f,0f,0f,1f],start_interpolation: 0,interpolation_duration: 1}
$data merge entity $(bone_chest3) {transformation: [-0.9958f,0.0021f,0.0918f,-0.3445f,0.0164f,0.9878f,0.155f,2.4999f,-0.0904f,0.1558f,-0.9836f,-0.7748f,0f,0f,0f,1f],start_interpolation: 0,interpolation_duration: 1}
$data merge entity $(bone_hugeasssword2) {transformation: [-0.3596f,2.881f,-2.6288f,-1.2879f,-0.607f,2.5664f,2.8957f,4.4935f,3.8526f,0.6733f,0.2109f,-0.5647f,0f,0f,0f,1f],start_interpolation: 0,interpolation_duration: 1}
$data merge entity $(bone_belt) {transformation: [-0.9958f,0.0021f,0.0918f,-0.0688f,0.0164f,0.9878f,0.155f,2.8719f,-0.0904f,0.1558f,-0.9836f,-0.3039f,0f,0f,0f,1f],start_interpolation: 0,interpolation_duration: 1}
$data merge entity $(bone_torn_part) {transformation: [-0.9768f,-0.0583f,0.2062f,-0.1697f,-0.0708f,0.996f,-0.0539f,2.5669f,-0.2023f,-0.0673f,-0.977f,-0.1176f,0f,0f,0f,1f],start_interpolation: 0,interpolation_duration: 1}
$data merge entity $(bone_lowerbody) {transformation: [-0.9768f,0.0064f,0.2142f,-0.1076f,-0.0708f,0.9337f,-0.351f,2.1673f,-0.2023f,-0.358f,-0.9116f,0.2052f,0f,0f,0f,1f],start_interpolation: 0,interpolation_duration: 1}
$data merge entity $(bone_leftfoot) {transformation: [-0.9603f,-0.2265f,-0.1629f,0.4969f,-0.268f,0.9109f,0.3138f,0.2449f,0.0773f,0.345f,-0.9354f,-0.1167f,0f,0f,0f,1f],start_interpolation: 0,interpolation_duration: 1}
$data merge entity $(bone_leftlowerleg) {transformation: [-0.9603f,-0.2265f,-0.1629f,0.2707f,-0.268f,0.9109f,0.3138f,1.2072f,0.0773f,0.345f,-0.9354f,0.4098f,0f,0f,0f,1f],start_interpolation: 0,interpolation_duration: 1}
$data merge entity $(bone_leftleg) {transformation: [-0.9911f,-0.0782f,0.1082f,0.1664f,-0.1119f,0.9283f,-0.3545f,2.1403f,-0.0727f,-0.3634f,-0.9288f,0.0979f,0f,0f,0f,1f],start_interpolation: 0,interpolation_duration: 1}
$data merge entity $(bone_rightfoot) {transformation: [-0.9097f,-0.0352f,0.4138f,-0.4223f,0.1246f,0.9274f,0.3527f,0.231f,-0.3962f,0.3724f,-0.8393f,-0.1827f,0f,0f,0f,1f],start_interpolation: 0,interpolation_duration: 1}
$data merge entity $(bone_rightlowerleg) {transformation: [-0.9097f,-0.0352f,0.4138f,-0.5249f,0.1246f,0.9274f,0.3527f,1.2057f,-0.3962f,0.3724f,-0.8393f,0.3594f,0f,0f,0f,1f],start_interpolation: 0,interpolation_duration: 1}
$data merge entity $(bone_rightleg) {transformation: [-0.9261f,0.1859f,0.3283f,-0.3331f,0.0189f,0.8919f,-0.4518f,2.0939f,-0.3768f,-0.4122f,-0.8295f,0.0207f,0f,0f,0f,1f],start_interpolation: 0,interpolation_duration: 1}
data modify entity @s data merge value {"cameras":{},"locators":{"lefthand":{"posx":0.8914117786816347,"posy":2.4226210749394697,"posz":1.09369052495908,"roty":103.98024603179168,"rotx":-8.942579847664344},"sword":{"posx":-3.8927716812402275,"posy":6.223815161432642,"posz":1.760074901248059,"roty":80.02425655118692,"rotx":-50.39064273848506},"righthand":{"posx":-1.5773505449541967,"posy":3.3829314887033743,"posz":1.3528143339693481,"roty":80.02425655118692,"rotx":-50.39064273848506},"chest":{"posx":-0.5107956578754336,"posy":2.4705568913733935,"posz":0.015166237631657808,"roty":5.332683594277995,"rotx":8.915377428847082}}}