# This file was generated by Animated Java via MC-Build. It is not recommended to edit this file directly.
$data merge entity $(bone_nose) {transformation: [-0.9635f,-0.0726f,0.2577f,-0.1003f,-0.0277f,0.9844f,0.1737f,4.0193f,-0.2663f,0.1603f,-0.9505f,0.025f,0f,0f,0f,1f],start_interpolation: 0,interpolation_duration: 1}
$data merge entity $(bone_glowing_eye) {transformation: [-0.9635f,-0.0726f,0.2577f,-0.2347f,-0.0277f,0.9844f,0.1737f,4.0764f,-0.2663f,0.1603f,-0.9505f,0.0358f,0f,0f,0f,1f],start_interpolation: 0,interpolation_duration: 1}
$data merge entity $(bone_head) {transformation: [-0.9635f,-0.0726f,0.2577f,-0.0431f,-0.0277f,0.9844f,0.1737f,3.9303f,-0.2663f,0.1603f,-0.9505f,-0.1727f,0f,0f,0f,1f],start_interpolation: 0,interpolation_duration: 1}
$data merge entity $(bone_leftthumb2) {transformation: [-0.5154f,0.1102f,-0.8498f,1.2566f,0.8253f,0.3308f,-0.4577f,3.4043f,0.2306f,-0.9373f,-0.2614f,1.9225f,0f,0f,0f,1f],start_interpolation: 0,interpolation_duration: 1}
$data merge entity $(bone_leftthumb) {transformation: [-0.5154f,0.1102f,-0.8498f,1.211f,0.8253f,0.3308f,-0.4577f,3.4463f,0.2306f,-0.9373f,-0.2614f,1.6703f,0f,0f,0f,1f],start_interpolation: 0,interpolation_duration: 1}
$data merge entity $(bone_leftpointerfinger) {transformation: [-0.5068f,0.1447f,-0.8498f,1.1913f,0.8457f,0.2744f,-0.4577f,3.226f,0.1669f,-0.9507f,-0.2614f,1.9403f,0f,0f,0f,1f],start_interpolation: 0,interpolation_duration: 1}
$data merge entity $(bone_leftmidfinger) {transformation: [-0.5081f,0.1402f,-0.8498f,1.0586f,0.8433f,0.2818f,-0.4577f,3.1545f,0.1753f,-0.9492f,-0.2614f,1.8995f,0f,0f,0f,1f],start_interpolation: 0,interpolation_duration: 1}
$data merge entity $(bone_leftringfinger) {transformation: [-0.5081f,0.1402f,-0.8498f,0.9258f,0.8433f,0.2818f,-0.4577f,3.083f,0.1753f,-0.9492f,-0.2614f,1.8586f,0f,0f,0f,1f],start_interpolation: 0,interpolation_duration: 1}
$data merge entity $(bone_invisibility) {transformation: [0.0357f,0.8562f,0.5154f,1.1333f,0.2896f,0.4848f,-0.8253f,3.4313f,-0.9565f,0.1788f,-0.2306f,1.8892f,0f,0f,0f,1f],start_interpolation: 0,interpolation_duration: 1}
$data merge entity $(bone_swiftness) {transformation: [-0.8498f,0.1102f,0.5154f,0.9322f,-0.4577f,0.3308f,-0.8253f,3.3436f,-0.2614f,-0.9373f,-0.2306f,1.9792f,0f,0f,0f,1f],start_interpolation: 0,interpolation_duration: 1}
$data merge entity $(bone_suspicious_stew) {transformation: [-0.2593f,0.8168f,0.5154f,0.9688f,0.1064f,0.5546f,-0.8253f,3.3299f,-0.9599f,-0.1592f,-0.2306f,1.8842f,0f,0f,0f,1f],start_interpolation: 0,interpolation_duration: 1}
$data merge entity $(bone_log) {transformation: [-0.5154f,0.1102f,-0.8498f,0.8944f,0.8253f,0.3308f,-0.4577f,3.4272f,0.2306f,-0.9373f,-0.2614f,1.7764f,0f,0f,0f,1f],start_interpolation: 0,interpolation_duration: 1}
$data merge entity $(bone_planks) {transformation: [-0.5154f,0.1102f,-0.8498f,0.8461f,0.8253f,0.3308f,-0.4577f,3.5046f,0.2306f,-0.9373f,-0.2614f,1.798f,0f,0f,0f,1f],start_interpolation: 0,interpolation_duration: 1}
$data merge entity $(bone_lefthand1) {transformation: [-0.5154f,0.1102f,-0.8498f,1.0774f,0.8253f,0.3308f,-0.4577f,3.3179f,0.2306f,-0.9373f,-0.2614f,1.4926f,0f,0f,0f,1f],start_interpolation: 0,interpolation_duration: 1}
$data merge entity $(bone_leftforearm) {transformation: [-0.5469f,0.0727f,0.834f,1.0794f,-0.801f,0.2444f,-0.5465f,3.3914f,-0.2435f,-0.967f,-0.0754f,0.782f,0f,0f,0f,1f],start_interpolation: 0,interpolation_duration: 1}
$data merge entity $(bone_leftelbow) {transformation: [-0.5469f,0.0727f,0.834f,1.093f,-0.801f,0.2444f,-0.5465f,3.4373f,-0.2435f,-0.967f,-0.0754f,0.6007f,0f,0f,0f,1f],start_interpolation: 0,interpolation_duration: 1}
$data merge entity $(bone_leftarm) {transformation: [-0.6039f,-0.2149f,0.7675f,0.7701f,-0.7879f,0.3061f,-0.5343f,3.4474f,-0.1201f,-0.9274f,-0.3542f,0.1263f,0f,0f,0f,1f],start_interpolation: 0,interpolation_duration: 1}
$data merge entity $(bone_rightthumb2) {transformation: [-0.527f,0.3579f,0.7708f,-2.0308f,-0.6068f,0.4766f,-0.6361f,3.1073f,-0.595f,-0.803f,-0.034f,1.0556f,0f,0f,0f,1f],start_interpolation: 0,interpolation_duration: 1}
$data merge entity $(bone_rightthumb) {transformation: [-0.527f,0.3579f,0.7708f,-1.8772f,-0.6068f,0.4766f,-0.6361f,3.1698f,-0.595f,-0.803f,-0.034f,0.8558f,0f,0f,0f,1f],start_interpolation: 0,interpolation_duration: 1}
$data merge entity $(bone_rightpointerfinger) {transformation: [-0.3262f,0.5472f,0.7708f,-2.0161f,-0.3483f,0.6885f,-0.6361f,2.9173f,-0.8788f,-0.476f,-0.034f,1.0526f,0f,0f,0f,1f],start_interpolation: 0,interpolation_duration: 1}
$data merge entity $(bone_rightmidfinger) {transformation: [-0.3498f,0.5324f,0.7708f,-1.8957f,-0.378f,0.6727f,-0.6361f,2.8179f,-0.8572f,-0.5138f,-0.034f,1.0473f,0f,0f,0f,1f],start_interpolation: 0,interpolation_duration: 1}
$data merge entity $(bone_rightringfinger) {transformation: [-0.3777f,0.513f,0.7708f,-1.7752f,-0.4133f,0.6515f,-0.6361f,2.7185f,-0.8286f,-0.5588f,-0.034f,1.042f,0f,0f,0f,1f],start_interpolation: 0,interpolation_duration: 1}
$data merge entity $(bone_hugeasssword) {transformation: [-2.0641f,1.4016f,3.0191f,-1.6951f,-2.3766f,1.8667f,-2.4915f,3.0858f,-2.3305f,-3.145f,-0.1332f,1.0428f,0f,0f,0f,1f],start_interpolation: 0,interpolation_duration: 1}
$data merge entity $(bone_ice) {transformation: [-0.527f,0.3579f,0.7708f,-1.6924f,-0.6068f,0.4766f,-0.6361f,3.0878f,-0.595f,-0.803f,-0.034f,1.0646f,0f,0f,0f,1f],start_interpolation: 0,interpolation_duration: 1}
$data merge entity $(bone_righthand1) {transformation: [-0.527f,0.3579f,0.7708f,-1.7106f,-0.6068f,0.4766f,-0.6361f,3.0354f,-0.595f,-0.803f,-0.034f,0.714f,0f,0f,0f,1f],start_interpolation: 0,interpolation_duration: 1}
$data merge entity $(bone_rightforearm) {transformation: [-0.6945f,0.3521f,-0.6275f,-1.4035f,0.7188f,0.3778f,-0.5836f,3.2248f,0.0316f,-0.8563f,-0.5154f,0.0993f,0f,0f,0f,1f],start_interpolation: 0,interpolation_duration: 1}
$data merge entity $(bone_rightelbow) {transformation: [-0.6945f,0.3521f,-0.6275f,-1.3375f,0.7188f,0.3778f,-0.5836f,3.2956f,0.0316f,-0.8563f,-0.5154f,-0.0612f,0f,0f,0f,1f],start_interpolation: 0,interpolation_duration: 1}
$data merge entity $(bone_rightarm) {transformation: [-0.6838f,0.5698f,-0.4558f,-0.8519f,0.7227f,0.4424f,-0.5311f,3.3862f,-0.101f,-0.6925f,-0.7143f,-0.3414f,0f,0f,0f,1f],start_interpolation: 0,interpolation_duration: 1}
$data merge entity $(bone_chest1) {transformation: [-1.0438f,-0.0787f,0.2792f,0.0234f,-0.0301f,1.0664f,0.1882f,3.298f,-0.2885f,0.1736f,-1.0297f,-0.3562f,0f,0f,0f,1f],start_interpolation: 0,interpolation_duration: 1}
$data merge entity $(bone_chest1lid) {transformation: [-0.9635f,-0.0726f,0.2577f,-0.3568f,-0.0277f,0.9844f,0.1737f,2.5478f,-0.2663f,0.1603f,-0.9505f,-0.1847f,0f,0f,0f,1f],start_interpolation: 0,interpolation_duration: 1}
$data merge entity $(bone_chest2) {transformation: [-0.9635f,-0.0726f,0.2577f,-0.3454f,-0.0277f,0.9844f,0.1737f,2.394f,-0.2663f,0.1603f,-0.9505f,-0.2097f,0f,0f,0f,1f],start_interpolation: 0,interpolation_duration: 1}
$data merge entity $(bone_chest1lid3) {transformation: [-0.9635f,-0.0726f,0.2577f,-0.1315f,-0.0277f,0.9844f,0.1737f,2.6608f,-0.2663f,0.1603f,-0.9505f,-0.777f,0f,0f,0f,1f],start_interpolation: 0,interpolation_duration: 1}
$data merge entity $(bone_chest3) {transformation: [-0.9635f,-0.0726f,0.2577f,-0.1201f,-0.0277f,0.9844f,0.1737f,2.507f,-0.2663f,0.1603f,-0.9505f,-0.802f,0f,0f,0f,1f],start_interpolation: 0,interpolation_duration: 1}
$data merge entity $(bone_hugeasssword2) {transformation: [-1.0094f,2.59f,-2.7592f,-1.1797f,-0.6805f,2.6849f,2.7692f,4.4521f,3.7227f,1.1931f,-0.2419f,-0.7502f,0f,0f,0f,1f],start_interpolation: 0,interpolation_duration: 1}
$data merge entity $(bone_belt) {transformation: [-0.9635f,-0.0726f,0.2577f,0.0495f,-0.0277f,0.9844f,0.1737f,2.8841f,-0.2663f,0.1603f,-0.9505f,-0.2871f,0f,0f,0f,1f],start_interpolation: 0,interpolation_duration: 1}
$data merge entity $(bone_torn_part) {transformation: [-0.9611f,-0.0128f,0.276f,-0.13f,-0.0262f,0.9987f,-0.0448f,2.5801f,-0.2751f,-0.0503f,-0.9601f,-0.1193f,0f,0f,0f,1f],start_interpolation: 0,interpolation_duration: 1}
$data merge entity $(bone_lowerbody) {transformation: [-0.9611f,0.0708f,0.2671f,-0.1082f,-0.0262f,0.939f,-0.343f,2.1724f,-0.2751f,-0.3367f,-0.9006f,0.1986f,0f,0f,0f,1f],start_interpolation: 0,interpolation_duration: 1}
$data merge entity $(bone_leftfoot) {transformation: [-0.9712f,-0.2267f,-0.0733f,0.5238f,-0.2381f,0.9154f,0.3246f,0.2309f,-0.0065f,0.3327f,-0.943f,-0.1046f,0f,0f,0f,1f],start_interpolation: 0,interpolation_duration: 1}
$data merge entity $(bone_leftlowerleg) {transformation: [-0.9712f,-0.2267f,-0.0733f,0.2836f,-0.2381f,0.9154f,0.3246f,1.1965f,-0.0065f,0.3327f,-0.943f,0.4093f,0f,0f,0f,1f],start_interpolation: 0,interpolation_duration: 1}
$data merge entity $(bone_leftleg) {transformation: [-0.9781f,-0.0709f,0.1956f,0.1855f,-0.1334f,0.9351f,-0.3283f,2.1341f,-0.1596f,-0.3472f,-0.9241f,0.1105f,0f,0f,0f,1f],start_interpolation: 0,interpolation_duration: 1}
$data merge entity $(bone_rightfoot) {transformation: [-0.9063f,-0.0189f,0.4221f,-0.4207f,0.1289f,0.939f,0.3188f,0.2284f,-0.4024f,0.3434f,-0.8486f,-0.1759f,0f,0f,0f,1f],start_interpolation: 0,interpolation_duration: 1}
$data merge entity $(bone_rightlowerleg) {transformation: [-0.9063f,-0.0189f,0.4221f,-0.5066f,0.1289f,0.939f,0.3188f,1.2211f,-0.4024f,0.3434f,-0.8486f,0.3354f,0f,0f,0f,1f],start_interpolation: 0,interpolation_duration: 1}
$data merge entity $(bone_rightleg) {transformation: [-0.9166f,0.1858f,0.3539f,-0.3131f,0.0064f,0.8921f,-0.4518f,2.1151f,-0.3997f,-0.4119f,-0.8189f,-0.0021f,0f,0f,0f,1f],start_interpolation: 0,interpolation_duration: 1}
data modify entity @s data merge value {"cameras":{},"locators":{"lefthand":{"posx":0.947409606565107,"posy":3.3311359599954184,"posz":1.8320508446628643,"roty":287.09994575869354,"rotx":-27.236633722182916},"sword":{"posx":-4.601919913371415,"posy":5.379124779158634,"posz":1.1473342426598914,"roty":87.47321463199972,"rotx":-39.503178868176626},"righthand":{"posx":-1.75945076471372,"posy":3.0334284797250417,"posz":1.021897965001617,"roty":87.47321463199972,"rotx":-39.503178868176626},"chest":{"posx":-0.4225987162264155,"posy":2.458245723077945,"posz":-0.05453249020605849,"roty":15.170283165151318,"rotx":10.005782271204843}}}