# This file was generated by Animated Java via MC-Build. It is not recommended to edit this file directly.
$data merge entity $(bone_nose) {transformation: [-0.9399f,-0.0707f,0.334f,-0.0317f,0.0183f,0.9665f,0.2561f,4.1094f,-0.3409f,0.2469f,-0.9071f,0.3606f,0f,0f,0f,1f],start_interpolation: 0,interpolation_duration: 1}
$data merge entity $(bone_glowing_eye) {transformation: [-0.9399f,-0.0707f,0.334f,-0.1656f,0.0183f,0.9665f,0.2561f,4.1682f,-0.3409f,0.2469f,-0.9071f,0.3664f,0f,0f,0f,1f],start_interpolation: 0,interpolation_duration: 1}
$data merge entity $(bone_head) {transformation: [-0.9399f,-0.0707f,0.334f,0.0396f,0.0183f,0.9665f,0.2561f,4.038f,-0.3409f,0.2469f,-0.9071f,0.1603f,0f,0f,0f,1f],start_interpolation: 0,interpolation_duration: 1}
$data merge entity $(bone_leftthumb2) {transformation: [-0.5853f,0.0639f,-0.8083f,1.3588f,0.7532f,0.412f,-0.5128f,3.3495f,0.3003f,-0.9089f,-0.2892f,2.2586f,0f,0f,0f,1f],start_interpolation: 0,interpolation_duration: 1}
$data merge entity $(bone_leftthumb) {transformation: [-0.5853f,0.0639f,-0.8083f,1.3053f,0.7532f,0.412f,-0.5128f,3.4067f,0.3003f,-0.9089f,-0.2892f,2.011f,0f,0f,0f,1f],start_interpolation: 0,interpolation_duration: 1}
$data merge entity $(bone_leftpointerfinger) {transformation: [-0.5752f,0.1253f,-0.8083f,1.3105f,0.7925f,0.3302f,-0.5128f,3.1651f,0.2026f,-0.9356f,-0.2892f,2.2628f,0f,0f,0f,1f],start_interpolation: 0,interpolation_duration: 1}
$data merge entity $(bone_leftmidfinger) {transformation: [-0.5769f,0.1173f,-0.8083f,1.1842f,0.7879f,0.3411f,-0.5128f,3.085f,0.2155f,-0.9327f,-0.2892f,2.2176f,0f,0f,0f,1f],start_interpolation: 0,interpolation_duration: 1}
$data merge entity $(bone_leftringfinger) {transformation: [-0.5769f,0.1173f,-0.8083f,1.0579f,0.7879f,0.3411f,-0.5128f,3.0049f,0.2155f,-0.9327f,-0.2892f,2.1724f,0f,0f,0f,1f],start_interpolation: 0,interpolation_duration: 1}
$data merge entity $(bone_invisibility) {transformation: [-0.0068f,0.8108f,0.5853f,1.233f,0.3657f,0.5467f,-0.7532f,3.3674f,-0.9307f,0.2089f,-0.3003f,2.2287f,0f,0f,0f,1f],start_interpolation: 0,interpolation_duration: 1}
$data merge entity $(bone_swiftness) {transformation: [-0.8083f,0.0639f,0.5853f,1.0423f,-0.5128f,0.412f,-0.7532f,3.2547f,-0.2892f,-0.9089f,-0.3003f,2.3132f,0f,0f,0f,1f],start_interpolation: 0,interpolation_duration: 1}
$data merge entity $(bone_suspicious_stew) {transformation: [-0.2837f,0.7596f,0.5853f,1.0785f,0.1567f,0.6389f,-0.7532f,3.252f,-0.946f,-0.122f,-0.3003f,2.2171f,0f,0f,0f,1f],start_interpolation: 0,interpolation_duration: 1}
$data merge entity $(bone_log) {transformation: [-0.5853f,0.0639f,-0.8083f,0.9937f,0.7532f,0.412f,-0.5128f,3.3501f,0.3003f,-0.9089f,-0.2892f,2.1181f,0f,0f,0f,1f],start_interpolation: 0,interpolation_duration: 1}
$data merge entity $(bone_planks) {transformation: [-0.5853f,0.0639f,-0.8083f,0.9388f,0.7532f,0.412f,-0.5128f,3.4207f,0.3003f,-0.9089f,-0.2892f,2.1462f,0f,0f,0f,1f],start_interpolation: 0,interpolation_duration: 1}
$data merge entity $(bone_lefthand1) {transformation: [-0.5853f,0.0639f,-0.8083f,1.1812f,0.7532f,0.412f,-0.5128f,3.2808f,0.3003f,-0.9089f,-0.2892f,1.8248f,0f,0f,0f,1f],start_interpolation: 0,interpolation_duration: 1}
$data merge entity $(bone_leftforearm) {transformation: [-0.5628f,0.0462f,0.8253f,1.1664f,-0.7773f,0.31f,-0.5474f,3.4047f,-0.2812f,-0.9496f,-0.1385f,1.1219f,0f,0f,0f,1f],start_interpolation: 0,interpolation_duration: 1}
$data merge entity $(bone_leftelbow) {transformation: [-0.5628f,0.0462f,0.8253f,1.1751f,-0.7773f,0.31f,-0.5474f,3.4628f,-0.2812f,-0.9496f,-0.1385f,0.9439f,0f,0f,0f,1f],start_interpolation: 0,interpolation_duration: 1}
$data merge entity $(bone_leftarm) {transformation: [-0.6178f,-0.2471f,0.7465f,0.8325f,-0.771f,0.3768f,-0.5134f,3.5125f,-0.1544f,-0.8927f,-0.4233f,0.4855f,0f,0f,0f,1f],start_interpolation: 0,interpolation_duration: 1}
$data merge entity $(bone_rightthumb2) {transformation: [-0.9585f,-0.1716f,-0.2275f,-0.7707f,0.2667f,-0.2587f,-0.9284f,4.4194f,0.1005f,-0.9506f,0.2937f,1.113f,0f,0f,0f,1f],start_interpolation: 0,interpolation_duration: 1}
$data merge entity $(bone_rightthumb) {transformation: [-0.9585f,-0.1716f,-0.2275f,-0.8322f,0.2667f,-0.2587f,-0.9284f,4.2766f,0.1005f,-0.9506f,0.2937f,0.905f,0f,0f,0f,1f],start_interpolation: 0,interpolation_duration: 1}
$data merge entity $(bone_rightpointerfinger) {transformation: [-0.7162f,-0.6598f,-0.2275f,-0.8914f,0.3639f,-0.0749f,-0.9284f,4.3471f,0.5955f,-0.7477f,0.2937f,1.2417f,0f,0f,0f,1f],start_interpolation: 0,interpolation_duration: 1}
$data merge entity $(bone_rightmidfinger) {transformation: [-0.6868f,-0.6904f,-0.2275f,-0.927f,0.3668f,-0.0589f,-0.9284f,4.2021f,0.6275f,-0.7211f,0.2937f,1.2876f,0f,0f,0f,1f],start_interpolation: 0,interpolation_duration: 1}
$data merge entity $(bone_rightringfinger) {transformation: [-0.7257f,-0.6493f,-0.2275f,-0.9625f,0.3628f,-0.0802f,-0.9284f,4.057f,0.5846f,-0.7563f,0.2937f,1.3335f,0f,0f,0f,1f],start_interpolation: 0,interpolation_duration: 1}
$data merge entity $(bone_hugeasssword) {transformation: [-3.7543f,-0.6721f,-0.8911f,-0.7037f,1.0445f,-1.0132f,-3.6363f,4.0932f,0.3935f,-3.7232f,1.1504f,1.0632f,0f,0f,0f,1f],start_interpolation: 0,interpolation_duration: 1}
$data merge entity $(bone_ice) {transformation: [-0.9585f,-0.1716f,-0.2275f,-0.686f,0.2667f,-0.2587f,-0.9284f,4.0931f,0.1005f,-0.9506f,0.2937f,1.0765f,0f,0f,0f,1f],start_interpolation: 0,interpolation_duration: 1}
$data merge entity $(bone_righthand1) {transformation: [-0.9585f,-0.1716f,-0.2275f,-0.9756f,0.2667f,-0.2587f,-0.9284f,4.0661f,0.1005f,-0.9506f,0.2937f,0.8732f,0f,0f,0f,1f],start_interpolation: 0,interpolation_duration: 1}
$data merge entity $(bone_rightforearm) {transformation: [-0.0844f,-0.4935f,-0.8656f,-1.3135f,0.9481f,-0.307f,0.0826f,3.7691f,-0.3065f,-0.8137f,0.4938f,0.3191f,0f,0f,0f,1f],start_interpolation: 0,interpolation_duration: 1}
$data merge entity $(bone_rightelbow) {transformation: [-0.0844f,-0.4935f,-0.8656f,-1.4061f,0.9481f,-0.307f,0.0826f,3.7115f,-0.3065f,-0.8137f,0.4938f,0.1666f,0f,0f,0f,1f],start_interpolation: 0,interpolation_duration: 1}
$data merge entity $(bone_rightarm) {transformation: [-0.3926f,0.6791f,-0.6202f,-0.7938f,0.8308f,-0.0275f,-0.556f,3.5869f,-0.3946f,-0.7335f,-0.5534f,-0.0571f,0f,0f,0f,1f],start_interpolation: 0,interpolation_duration: 1}
$data merge entity $(bone_chest1) {transformation: [-1.0182f,-0.0766f,0.3618f,0.1111f,0.0198f,1.047f,0.2775f,3.4244f,-0.3693f,0.2674f,-0.9827f,-0.0767f,0f,0f,0f,1f],start_interpolation: 0,interpolation_duration: 1}
$data merge entity $(bone_chest1lid) {transformation: [-0.9399f,-0.0707f,0.334f,-0.2921f,0.0183f,0.9665f,0.2561f,2.6699f,-0.3409f,0.2469f,-0.9071f,-0.0068f,0f,0f,0f,1f],start_interpolation: 0,interpolation_duration: 1}
$data merge entity $(bone_chest2) {transformation: [-0.9399f,-0.0707f,0.334f,-0.2811f,0.0183f,0.9665f,0.2561f,2.5189f,-0.3409f,0.2469f,-0.9071f,-0.0454f,0f,0f,0f,1f],start_interpolation: 0,interpolation_duration: 1}
$data merge entity $(bone_chest1lid3) {transformation: [-0.9399f,-0.0707f,0.334f,-0.0194f,0.0183f,0.9665f,0.2561f,2.8328f,-0.3409f,0.2469f,-0.9071f,-0.5666f,0f,0f,0f,1f],start_interpolation: 0,interpolation_duration: 1}
$data merge entity $(bone_chest3) {transformation: [-0.9399f,-0.0707f,0.334f,-0.0084f,0.0183f,0.9665f,0.2561f,2.6818f,-0.3409f,0.2469f,-0.9071f,-0.6052f,0f,0f,0f,1f],start_interpolation: 0,interpolation_duration: 1}
$data merge entity $(bone_hugeasssword2) {transformation: [-1.3081f,2.527f,-2.6913f,-1.0405f,-1.0032f,2.5045f,2.8392f,4.6362f,3.5528f,1.6376f,-0.1892f,-0.4506f,0f,0f,0f,1f],start_interpolation: 0,interpolation_duration: 1}
$data merge entity $(bone_belt) {transformation: [-0.9399f,-0.0707f,0.334f,0.1257f,0.0183f,0.9665f,0.2561f,3.0053f,-0.3409f,0.2469f,-0.9071f,-0.0454f,0f,0f,0f,1f],start_interpolation: 0,interpolation_duration: 1}
$data merge entity $(bone_torn_part) {transformation: [-0.9244f,-0.1739f,0.3395f,0.0076f,-0.0429f,0.9317f,0.3606f,2.7014f,-0.379f,0.3188f,-0.8688f,-0.0655f,0f,0f,0f,1f],start_interpolation: 0,interpolation_duration: 1}
$data merge entity $(bone_lowerbody) {transformation: [-0.9244f,-0.0638f,0.376f,0.0762f,-0.0429f,0.997f,0.0637f,2.2097f,-0.379f,0.0428f,-0.9244f,0.0806f,0f,0f,0f,1f],start_interpolation: 0,interpolation_duration: 1}
$data merge entity $(bone_leftfoot) {transformation: [-0.9712f,-0.2028f,0.125f,0.5541f,-0.1728f,0.9609f,0.2162f,0.2132f,-0.1639f,0.1884f,-0.9683f,0.0379f,0f,0f,0f,1f],start_interpolation: 0,interpolation_duration: 1}
$data merge entity $(bone_leftlowerleg) {transformation: [-0.9712f,-0.2028f,0.125f,0.3099f,-0.1728f,0.9609f,0.2162f,1.246f,-0.1639f,0.1884f,-0.9683f,0.3957f,0f,0f,0f,1f],start_interpolation: 0,interpolation_duration: 1}
$data merge entity $(bone_leftleg) {transformation: [-0.9442f,0.0652f,0.323f,0.3396f,-0.0555f,0.9348f,-0.3508f,2.1993f,-0.3248f,-0.3491f,-0.879f,0.0831f,0f,0f,0f,1f],start_interpolation: 0,interpolation_duration: 1}
$data merge entity $(bone_rightfoot) {transformation: [-0.9036f,0.0318f,0.4272f,-0.4138f,0.0802f,0.9922f,0.0958f,0.1875f,-0.4208f,0.1208f,-0.8991f,-0.03f,0f,0f,0f,1f],start_interpolation: 0,interpolation_duration: 1}
$data merge entity $(bone_rightlowerleg) {transformation: [-0.9036f,0.0318f,0.4272f,-0.4442f,0.0802f,0.9922f,0.0958f,1.2735f,-0.4208f,0.1208f,-0.8991f,0.2422f,0f,0f,0f,1f],start_interpolation: 0,interpolation_duration: 1}
$data merge entity $(bone_rightleg) {transformation: [-0.9027f,0.2821f,0.3249f,-0.1557f,0.1019f,0.8738f,-0.4754f,2.1638f,-0.418f,-0.396f,-0.8176f,-0.0924f,0f,0f,0f,1f],start_interpolation: 0,interpolation_duration: 1}
data modify entity @s data merge value {"cameras":{},"locators":{"lefthand":{"posx":1.0561914827365722,"posy":3.255265028842586,"posz":2.1654629249229282,"roty":289.68689920490226,"rotx":-30.849610289620124},"sword":{"posx":0.06932729807749038,"posy":7.560175203834239,"posz":0.0131074060936327,"roty":217.7614114104859,"rotx":-68.19026002407311},"righthand":{"posx":-0.7696266563504319,"posy":4.136616560564557,"posz":1.0961857635743861,"roty":217.7614114104859,"rotx":-68.19026002407311},"chest":{"posx":-0.3692805903070288,"posy":2.570006127800848,"posz":0.10881771826086448,"roty":20.212932143295404,"rotx":14.841287886042345}}}