# This file was generated by Animated Java via MC-Build. It is not recommended to edit this file directly.
$data merge entity $(bone_nose) {transformation: [-0.9804f,-0.0632f,0.1866f,-0.0421f,-0.0187f,0.9727f,0.2312f,4.0328f,-0.1961f,0.2232f,-0.9549f,0.1803f,0f,0f,0f,1f],start_interpolation: 0,interpolation_duration: 1}
$data merge entity $(bone_glowing_eye) {transformation: [-0.9804f,-0.0632f,0.1866f,-0.1754f,-0.0187f,0.9727f,0.2312f,4.0883f,-0.1961f,0.2232f,-0.9549f,0.2043f,0f,0f,0f,1f],start_interpolation: 0,interpolation_duration: 1}
$data merge entity $(bone_head) {transformation: [-0.9804f,-0.0632f,0.1866f,0.0006f,-0.0187f,0.9727f,0.2312f,3.956f,-0.1961f,0.2232f,-0.9549f,-0.026f,0f,0f,0f,1f],start_interpolation: 0,interpolation_duration: 1}
$data merge entity $(bone_leftthumb2) {transformation: [-0.9626f,0.0934f,-0.2544f,1.083f,0.2706f,0.3864f,-0.8818f,3.3404f,0.016f,-0.9176f,-0.3972f,1.9628f,0f,0f,0f,1f],start_interpolation: 0,interpolation_duration: 1}
$data merge entity $(bone_leftthumb) {transformation: [-0.9626f,0.0934f,-0.2544f,1.0842f,0.2706f,0.3864f,-0.8818f,3.3598f,0.016f,-0.9176f,-0.3972f,1.7038f,0f,0f,0f,1f],start_interpolation: 0,interpolation_duration: 1}
$data merge entity $(bone_leftpointerfinger) {transformation: [-0.9429f,0.215f,-0.2544f,1.1469f,0.3175f,0.3489f,-0.8818f,3.1621f,-0.1008f,-0.9122f,-0.3972f,1.9845f,0f,0f,0f,1f],start_interpolation: 0,interpolation_duration: 1}
$data merge entity $(bone_leftmidfinger) {transformation: [-0.9463f,0.1993f,-0.2544f,1.1071f,0.3116f,0.3541f,-0.8818f,3.0244f,-0.0856f,-0.9137f,-0.3972f,1.9225f,0f,0f,0f,1f],start_interpolation: 0,interpolation_duration: 1}
$data merge entity $(bone_leftringfinger) {transformation: [-0.9463f,0.1993f,-0.2544f,1.0674f,0.3116f,0.3541f,-0.8818f,2.8866f,-0.0856f,-0.9137f,-0.3972f,1.8604f,0f,0f,0f,1f],start_interpolation: 0,interpolation_duration: 1}
$data merge entity $(bone_invisibility) {transformation: [0.0709f,0.2616f,0.9626f,0.9846f,0.3081f,0.9121f,-0.2706f,3.2827f,-0.9487f,0.3157f,-0.016f,1.8996f,0f,0f,0f,1f],start_interpolation: 0,interpolation_duration: 1}
$data merge entity $(bone_swiftness) {transformation: [-0.2544f,0.0934f,0.9626f,0.8741f,-0.8818f,0.3864f,-0.2706f,3.0791f,-0.3972f,-0.9176f,-0.016f,1.9502f,0f,0f,0f,1f],start_interpolation: 0,interpolation_duration: 1}
$data merge entity $(bone_suspicious_stew) {transformation: [-0.0229f,0.2701f,0.9626f,0.9325f,-0.0225f,0.9624f,-0.2706f,3.0992f,-0.9995f,-0.0278f,-0.016f,1.8681f,0f,0f,0f,1f],start_interpolation: 0,interpolation_duration: 1}
$data merge entity $(bone_log) {transformation: [-0.9626f,0.0934f,-0.2544f,0.842f,0.2706f,0.3864f,-0.8818f,3.1316f,0.016f,-0.9176f,-0.3972f,1.7363f,0f,0f,0f,1f],start_interpolation: 0,interpolation_duration: 1}
$data merge entity $(bone_planks) {transformation: [-0.9626f,0.0934f,-0.2544f,0.7517f,0.2706f,0.3864f,-0.8818f,3.1569f,0.016f,-0.9176f,-0.3972f,1.7378f,0f,0f,0f,1f],start_interpolation: 0,interpolation_duration: 1}
$data merge entity $(bone_lefthand1) {transformation: [-0.9626f,0.0934f,-0.2544f,1.1139f,0.2706f,0.3864f,-0.8818f,3.1881f,0.016f,-0.9176f,-0.3972f,1.5153f,0f,0f,0f,1f],start_interpolation: 0,interpolation_duration: 1}
$data merge entity $(bone_leftforearm) {transformation: [-0.5463f,0.0763f,0.8341f,1.1321f,-0.7753f,0.3308f,-0.538f,3.3464f,-0.317f,-0.9406f,-0.1216f,0.8221f,0f,0f,0f,1f],start_interpolation: 0,interpolation_duration: 1}
$data merge entity $(bone_leftelbow) {transformation: [-0.5463f,0.0763f,0.8341f,1.1464f,-0.7753f,0.3308f,-0.538f,3.4085f,-0.317f,-0.9406f,-0.1216f,0.6457f,0f,0f,0f,1f],start_interpolation: 0,interpolation_duration: 1}
$data merge entity $(bone_leftarm) {transformation: [-0.6035f,-0.2103f,0.7691f,0.8262f,-0.7738f,0.3871f,-0.5013f,3.4605f,-0.1923f,-0.8977f,-0.3963f,0.1729f,0f,0f,0f,1f],start_interpolation: 0,interpolation_duration: 1}
$data merge entity $(bone_rightthumb2) {transformation: [-0.059f,-0.9964f,0.0605f,0.2505f,0.8099f,-0.0833f,-0.5806f,3.8327f,0.5835f,0.0147f,0.812f,0.2303f,0f,0f,0f,1f],start_interpolation: 0,interpolation_duration: 1}
$data merge entity $(bone_rightthumb) {transformation: [-0.059f,-0.9964f,0.0605f,0.0113f,0.8099f,-0.0833f,-0.5806f,3.7627f,0.5835f,0.0147f,0.812f,0.3033f,0f,0f,0f,1f],start_interpolation: 0,interpolation_duration: 1}
$data merge entity $(bone_rightpointerfinger) {transformation: [0.4471f,-0.8924f,0.0605f,0.3346f,0.7431f,0.3329f,-0.5806f,3.8513f,0.498f,0.3045f,0.812f,0.4003f,0f,0f,0f,1f],start_interpolation: 0,interpolation_duration: 1}
$data merge entity $(bone_rightmidfinger) {transformation: [0.4856f,-0.8721f,0.0605f,0.3441f,0.7278f,0.365f,-0.5806f,3.7606f,0.4842f,0.326f,0.812f,0.5272f,0f,0f,0f,1f],start_interpolation: 0,interpolation_duration: 1}
$data merge entity $(bone_rightringfinger) {transformation: [0.4384f,-0.8967f,0.0605f,0.3535f,0.7463f,0.3257f,-0.5806f,3.6699f,0.5009f,0.2997f,0.812f,0.654f,0f,0f,0f,1f],start_interpolation: 0,interpolation_duration: 1}
$data merge entity $(bone_hugeasssword) {transformation: [-0.2312f,-3.9026f,0.237f,0.1564f,3.1723f,-0.3261f,-2.2739f,3.5377f,2.2855f,0.0577f,3.1802f,0.3625f,0f,0f,0f,1f],start_interpolation: 0,interpolation_duration: 1}
$data merge entity $(bone_ice) {transformation: [-0.059f,-0.9964f,0.0605f,0.1729f,0.8099f,-0.0833f,-0.5806f,3.5263f,0.5835f,0.0147f,0.812f,0.3531f,0f,0f,0f,1f],start_interpolation: 0,interpolation_duration: 1}
$data merge entity $(bone_righthand1) {transformation: [-0.059f,-0.9964f,0.0605f,-0.0891f,0.8099f,-0.0833f,-0.5806f,3.6898f,0.5835f,0.0147f,0.812f,0.5281f,0f,0f,0f,1f],start_interpolation: 0,interpolation_duration: 1}
$data merge entity $(bone_rightforearm) {transformation: [-0.204f,-0.9788f,-0.017f,-0.7595f,0.9744f,-0.2047f,0.0931f,3.4888f,-0.0946f,0.0024f,0.9955f,0.5461f,0f,0f,0f,1f],start_interpolation: 0,interpolation_duration: 1}
$data merge entity $(bone_rightelbow) {transformation: [-0.204f,-0.9788f,-0.017f,-0.943f,0.9744f,-0.2047f,0.0931f,3.4504f,-0.0946f,0.0024f,0.9955f,0.5466f,0f,0f,0f,1f],start_interpolation: 0,interpolation_duration: 1}
$data merge entity $(bone_rightarm) {transformation: [-0.5736f,-0.2878f,-0.7669f,-0.8152f,0.7816f,0.0877f,-0.6175f,3.4232f,0.245f,-0.9537f,0.1747f,-0.1754f,0f,0f,0f,1f],start_interpolation: 0,interpolation_duration: 1}
$data merge entity $(bone_chest1) {transformation: [-1.0621f,-0.0685f,0.2021f,0.0551f,-0.0203f,1.0538f,0.2505f,3.3361f,-0.2124f,0.2418f,-1.0344f,-0.251f,0f,0f,0f,1f],start_interpolation: 0,interpolation_duration: 1}
$data merge entity $(bone_chest1lid) {transformation: [-0.9804f,-0.0632f,0.1866f,-0.3094f,-0.0187f,0.9727f,0.2312f,2.5745f,-0.1961f,0.2232f,-0.9549f,-0.0968f,0f,0f,0f,1f],start_interpolation: 0,interpolation_duration: 1}
$data merge entity $(bone_chest2) {transformation: [-0.9804f,-0.0632f,0.1866f,-0.2996f,-0.0187f,0.9727f,0.2312f,2.4225f,-0.1961f,0.2232f,-0.9549f,-0.1317f,0f,0f,0f,1f],start_interpolation: 0,interpolation_duration: 1}
$data merge entity $(bone_chest1lid3) {transformation: [-0.9804f,-0.0632f,0.1866f,-0.1286f,-0.0187f,0.9727f,0.2312f,2.7237f,-0.1961f,0.2232f,-0.9549f,-0.6963f,0f,0f,0f,1f],start_interpolation: 0,interpolation_duration: 1}
$data merge entity $(bone_chest3) {transformation: [-0.9804f,-0.0632f,0.1866f,-0.1188f,-0.0187f,0.9727f,0.2312f,2.5717f,-0.1961f,0.2232f,-0.9549f,-0.7311f,0f,0f,0f,1f],start_interpolation: 0,interpolation_duration: 1}
$data merge entity $(bone_hugeasssword2) {transformation: [-0.7307f,2.6639f,-2.7767f,-1.1767f,-0.9055f,2.6279f,2.7594f,4.503f,3.7398f,1.1568f,0.1256f,-0.4866f,0f,0f,0f,1f],start_interpolation: 0,interpolation_duration: 1}
$data merge entity $(bone_belt) {transformation: [-0.9804f,-0.0632f,0.1866f,0.0873f,-0.0187f,0.9727f,0.2312f,2.919f,-0.1961f,0.2232f,-0.9549f,-0.2086f,0f,0f,0f,1f],start_interpolation: 0,interpolation_duration: 1}
$data merge entity $(bone_torn_part) {transformation: [-0.9466f,-0.1318f,0.2944f,-0.0129f,-0.1035f,0.9886f,0.1096f,2.5907f,-0.3054f,0.0732f,-0.9494f,-0.1041f,0f,0f,0f,1f],start_interpolation: 0,interpolation_duration: 1}
$data merge entity $(bone_lowerbody) {transformation: [-0.9466f,-0.0372f,0.3204f,0.0527f,-0.1035f,0.9758f,-0.1928f,2.1515f,-0.3054f,-0.2156f,-0.9275f,0.1614f,0f,0f,0f,1f],start_interpolation: 0,interpolation_duration: 1}
$data merge entity $(bone_leftfoot) {transformation: [-0.9801f,-0.1967f,0.0264f,0.5438f,-0.1766f,0.925f,0.3365f,0.2473f,-0.0907f,0.3251f,-0.9413f,-0.0672f,0f,0f,0f,1f],start_interpolation: 0,interpolation_duration: 1}
$data merge entity $(bone_leftlowerleg) {transformation: [-0.9801f,-0.1967f,0.0264f,0.3215f,-0.1766f,0.925f,0.3365f,1.2218f,-0.0907f,0.3251f,-0.9413f,0.4381f,0f,0f,0f,1f],start_interpolation: 0,interpolation_duration: 1}
$data merge entity $(bone_leftleg) {transformation: [-0.9664f,0.029f,0.2555f,0.3197f,-0.0702f,0.926f,-0.3709f,2.1491f,-0.2474f,-0.3764f,-0.8928f,0.1092f,0f,0f,0f,1f],start_interpolation: 0,interpolation_duration: 1}
$data merge entity $(bone_rightfoot) {transformation: [-0.9061f,0.035f,0.4216f,-0.4391f,0.1622f,0.9491f,0.2699f,0.208f,-0.3908f,0.3129f,-0.8657f,-0.141f,0f,0f,0f,1f],start_interpolation: 0,interpolation_duration: 1}
$data merge entity $(bone_rightlowerleg) {transformation: [-0.9061f,0.035f,0.4216f,-0.4651f,0.1622f,0.9491f,0.2699f,1.2195f,-0.3908f,0.3129f,-0.8657f,0.3391f,0f,0f,0f,1f],start_interpolation: 0,interpolation_duration: 1}
$data merge entity $(bone_rightleg) {transformation: [-0.8929f,0.2792f,0.3532f,-0.1785f,0.0652f,0.8565f,-0.5121f,2.0759f,-0.4455f,-0.4342f,-0.783f,-0.0147f,0f,0f,0f,1f],start_interpolation: 0,interpolation_duration: 1}
data modify entity @s data merge value {"cameras":{},"locators":{"lefthand":{"posx":0.9288946234421838,"posy":3.089799303537573,"posz":1.8126744686255014,"roty":327.357893878278,"rotx":-61.85531661375404},"sword":{"posx":-0.04120344835945286,"posy":5.753443852106711,"posz":-2.5991726327121194,"roty":175.7371227520141,"rotx":-35.49043840604975},"righthand":{"posx":0.18197342758693358,"posy":3.6126027188955088,"posz":0.3949294988782137,"roty":175.7371227520141,"rotx":-35.49043840604975},"chest":{"posx":-0.36527952121387164,"posy":2.476954100798786,"posz":0.03229202609557241,"roty":11.055516046929739,"rotx":13.367464795833506}}}