# This file was generated by Animated Java via MC-Build. It is not recommended to edit this file directly.
$data merge entity $(bone_nose) {transformation: [-0.909f,-0.1147f,0.4008f,0.0973f,0.015f,0.9518f,0.3063f,3.959f,-0.4166f,0.2844f,-0.8635f,0.3144f,0f,0f,0f,1f],start_interpolation: 0,interpolation_duration: 1}
$data merge entity $(bone_glowing_eye) {transformation: [-0.909f,-0.1147f,0.4008f,-0.0381f,0.015f,0.9518f,0.3063f,4.0146f,-0.4166f,0.2844f,-0.8635f,0.3117f,0f,0f,0f,1f],start_interpolation: 0,interpolation_duration: 1}
$data merge entity $(bone_head) {transformation: [-0.909f,-0.1147f,0.4008f,0.1865f,0.015f,0.9518f,0.3063f,3.8988f,-0.4166f,0.2844f,-0.8635f,0.1176f,0f,0f,0f,1f],start_interpolation: 0,interpolation_duration: 1}
$data merge entity $(bone_leftthumb2) {transformation: [-0.3114f,0.6584f,0.6852f,0.8264f,-0.0756f,0.7016f,-0.7085f,2.4506f,-0.9473f,-0.2724f,-0.1687f,0.22f,0f,0f,0f,1f],start_interpolation: 0,interpolation_duration: 1}
$data merge entity $(bone_leftthumb) {transformation: [-0.3114f,0.6584f,0.6852f,1.0464f,-0.0756f,0.7016f,-0.7085f,2.5621f,-0.9473f,-0.2724f,-0.1687f,0.1388f,0f,0f,0f,1f],start_interpolation: 0,interpolation_duration: 1}
$data merge entity $(bone_leftpointerfinger) {transformation: [0.2286f,0.6915f,0.6852f,0.8966f,0.4292f,0.5602f,-0.7085f,2.3069f,-0.8738f,0.4561f,-0.1687f,0.3239f,0f,0f,0f,1f],start_interpolation: 0,interpolation_duration: 1}
$data merge entity $(bone_leftmidfinger) {transformation: [0.159f,0.7108f,0.6852f,1.0036f,0.3716f,0.6f,-0.7085f,2.1962f,-0.9147f,0.3672f,-0.1687f,0.2975f,0f,0f,0f,1f],start_interpolation: 0,interpolation_duration: 1}
$data merge entity $(bone_leftringfinger) {transformation: [0.159f,0.7108f,0.6852f,1.1107f,0.3716f,0.6f,-0.7085f,2.0855f,-0.9147f,0.3672f,-0.1687f,0.2711f,0f,0f,0f,1f],start_interpolation: 0,interpolation_duration: 1}
$data merge entity $(bone_invisibility) {transformation: [0.7156f,-0.6252f,0.3114f,0.8888f,0.6372f,0.767f,0.0756f,2.3916f,-0.2861f,0.1443f,0.9473f,0.1217f,0f,0f,0f,1f],start_interpolation: 0,interpolation_duration: 1}
$data merge entity $(bone_swiftness) {transformation: [0.6852f,0.6584f,0.3114f,0.9119f,-0.7085f,0.7016f,0.0756f,2.1598f,-0.1687f,-0.2724f,0.9473f,0.0777f,0f,0f,0f,1f],start_interpolation: 0,interpolation_duration: 1}
$data merge entity $(bone_suspicious_stew) {transformation: [0.8863f,-0.3428f,0.3114f,0.9864f,0.3365f,0.9387f,0.0756f,2.2259f,-0.3182f,0.0378f,0.9473f,0.1029f,0f,0f,0f,1f],start_interpolation: 0,interpolation_duration: 1}
$data merge entity $(bone_log) {transformation: [-0.3114f,0.6584f,0.6852f,1.0716f,-0.0756f,0.7016f,-0.7085f,2.2733f,-0.9473f,-0.2724f,-0.1687f,-0.0279f,0f,0f,0f,1f],start_interpolation: 0,interpolation_duration: 1}
$data merge entity $(bone_planks) {transformation: [-0.3114f,0.6584f,0.6852f,1.0424f,-0.0756f,0.7016f,-0.7085f,2.2662f,-0.9473f,-0.2724f,-0.1687f,-0.1167f,0f,0f,0f,1f],start_interpolation: 0,interpolation_duration: 1}
$data merge entity $(bone_lefthand1) {transformation: [-0.3114f,0.6584f,0.6852f,1.2927f,-0.0756f,0.7016f,-0.7085f,2.4898f,-0.9473f,-0.2724f,-0.1687f,0.1461f,0f,0f,0f,1f],start_interpolation: 0,interpolation_duration: 1}
$data merge entity $(bone_leftforearm) {transformation: [0.3614f,0.4988f,0.7878f,1.6828f,0.2918f,0.7419f,-0.6037f,3.0503f,-0.8856f,0.448f,0.1226f,0.3819f,0f,0f,0f,1f],start_interpolation: 0,interpolation_duration: 1}
$data merge entity $(bone_leftelbow) {transformation: [0.3614f,0.4988f,0.7878f,1.7764f,0.2918f,0.7419f,-0.6037f,3.1894f,-0.8856f,0.448f,0.1226f,0.4659f,0f,0f,0f,1f],start_interpolation: 0,interpolation_duration: 1}
$data merge entity $(bone_leftarm) {transformation: [-0.0048f,-0.7612f,0.6486f,1.1231f,0.1729f,0.6382f,0.7502f,3.4626f,-0.9849f,0.1158f,0.1285f,0.2367f,0f,0f,0f,1f],start_interpolation: 0,interpolation_duration: 1}
$data merge entity $(bone_rightthumb2) {transformation: [0.2049f,-0.5394f,-0.8167f,-0.63f,0.8732f,-0.2762f,0.4015f,3.1578f,-0.4421f,-0.7955f,0.4145f,0.2941f,0f,0f,0f,1f],start_interpolation: 0,interpolation_duration: 1}
$data merge entity $(bone_rightthumb) {transformation: [0.2049f,-0.5394f,-0.8167f,-0.8321f,0.8732f,-0.2762f,0.4015f,3.1244f,-0.4421f,-0.7955f,0.4145f,0.1344f,0f,0f,0f,1f],start_interpolation: 0,interpolation_duration: 1}
$data merge entity $(bone_rightpointerfinger) {transformation: [0.3364f,-0.4688f,-0.8167f,-0.671f,0.9149f,-0.043f,0.4015f,3.3294f,-0.2233f,-0.8822f,0.4145f,0.3665f,0f,0f,0f,1f],start_interpolation: 0,interpolation_duration: 1}
$data merge entity $(bone_rightmidfinger) {transformation: [0.3565f,-0.4537f,-0.8167f,-0.7986f,0.9159f,-0.003f,0.4015f,3.3921f,-0.1847f,-0.8911f,0.4145f,0.4312f,0f,0f,0f,1f],start_interpolation: 0,interpolation_duration: 1}
$data merge entity $(bone_rightringfinger) {transformation: [0.3456f,-0.4621f,-0.8167f,-0.9262f,0.9155f,-0.025f,0.4015f,3.4548f,-0.206f,-0.8865f,0.4145f,0.496f,0f,0f,0f,1f],start_interpolation: 0,interpolation_duration: 1}
$data merge entity $(bone_hugeasssword) {transformation: [0.8026f,-2.1128f,-3.1988f,-0.9498f,3.4202f,-1.0817f,1.5725f,3.0978f,-1.7317f,-3.1155f,1.6233f,0.3806f,0f,0f,0f,1f],start_interpolation: 0,interpolation_duration: 1}
$data merge entity $(bone_ice) {transformation: [0.2049f,-0.5394f,-0.8167f,-0.9446f,0.8732f,-0.2762f,0.4015f,3.0885f,-0.4421f,-0.7955f,0.4145f,0.4f,0f,0f,0f,1f],start_interpolation: 0,interpolation_duration: 1}
$data merge entity $(bone_righthand1) {transformation: [0.2049f,-0.5394f,-0.8167f,-1.0538f,0.8732f,-0.2762f,0.4015f,3.2503f,-0.4421f,-0.7955f,0.4145f,0.1035f,0f,0f,0f,1f],start_interpolation: 0,interpolation_duration: 1}
$data merge entity $(bone_rightforearm) {transformation: [-0.1469f,-0.2492f,-0.9572f,-1.2161f,0.9751f,0.1261f,-0.1824f,3.2434f,0.1662f,-0.9602f,0.2245f,-0.5946f,0f,0f,0f,1f],start_interpolation: 0,interpolation_duration: 1}
$data merge entity $(bone_rightelbow) {transformation: [-0.1469f,-0.2492f,-0.9572f,-1.2628f,0.9751f,0.1261f,-0.1824f,3.2671f,0.1662f,-0.9602f,0.2245f,-0.7746f,0f,0f,0f,1f],start_interpolation: 0,interpolation_duration: 1}
$data merge entity $(bone_rightarm) {transformation: [-0.4251f,0.8357f,0.3477f,-0.6357f,0.8749f,0.4778f,-0.0787f,3.3662f,-0.232f,0.2707f,-0.9343f,-0.3383f,0f,0f,0f,1f],start_interpolation: 0,interpolation_duration: 1}
$data merge entity $(bone_chest1) {transformation: [-0.9847f,-0.1242f,0.4342f,0.2924f,0.0162f,1.0311f,0.3318f,3.2989f,-0.4513f,0.3081f,-0.9354f,-0.1406f,0f,0f,0f,1f],start_interpolation: 0,interpolation_duration: 1}
$data merge entity $(bone_chest1lid) {transformation: [-0.909f,-0.1147f,0.4008f,-0.0964f,0.015f,0.9518f,0.3063f,2.5336f,-0.4166f,0.2844f,-0.8635f,-0.1393f,0f,0f,0f,1f],start_interpolation: 0,interpolation_duration: 1}
$data merge entity $(bone_chest2) {transformation: [-0.909f,-0.1147f,0.4008f,-0.0785f,0.015f,0.9518f,0.3063f,2.3849f,-0.4166f,0.2844f,-0.8635f,-0.1838f,0f,0f,0f,1f],start_interpolation: 0,interpolation_duration: 1}
$data merge entity $(bone_chest1lid3) {transformation: [-0.909f,-0.1147f,0.4008f,0.2172f,0.015f,0.9518f,0.3063f,2.7289f,-0.4166f,0.2844f,-0.8635f,-0.6665f,0f,0f,0f,1f],start_interpolation: 0,interpolation_duration: 1}
$data merge entity $(bone_chest3) {transformation: [-0.909f,-0.1147f,0.4008f,0.2351f,0.015f,0.9518f,0.3063f,2.5802f,-0.4166f,0.2844f,-0.8635f,-0.7109f,0f,0f,0f,1f],start_interpolation: 0,interpolation_duration: 1}
$data merge entity $(bone_hugeasssword2) {transformation: [-1.5698f,2.3214f,-2.7363f,-0.8543f,-1.1996f,2.4753f,2.7882f,4.5029f,3.3819f,1.9555f,-0.2811f,-0.5527f,0f,0f,0f,1f],start_interpolation: 0,interpolation_duration: 1}
$data merge entity $(bone_belt) {transformation: [-0.909f,-0.1147f,0.4008f,0.3147f,0.015f,0.9518f,0.3063f,2.8792f,-0.4166f,0.2844f,-0.8635f,-0.1275f,0f,0f,0f,1f],start_interpolation: 0,interpolation_duration: 1}
$data merge entity $(bone_torn_part) {transformation: [-0.8815f,0.0006f,0.4722f,0.1179f,0.0509f,0.9943f,0.0939f,2.5526f,-0.4695f,0.1068f,-0.8765f,-0.1029f,0f,0f,0f,1f],start_interpolation: 0,interpolation_duration: 1}
$data merge entity $(bone_lowerbody) {transformation: [-0.8815f,0.1425f,0.4502f,0.0711f,0.0509f,0.9765f,-0.2094f,2.1003f,-0.4695f,-0.1617f,-0.868f,0.1439f,0f,0f,0f,1f],start_interpolation: 0,interpolation_duration: 1}
$data merge entity $(bone_leftfoot) {transformation: [-0.9678f,-0.2373f,0.0833f,0.5336f,-0.1785f,0.8815f,0.4372f,0.2497f,-0.1772f,0.4082f,-0.8955f,-0.0608f,0f,0f,0f,1f],start_interpolation: 0,interpolation_duration: 1}
$data merge entity $(bone_leftlowerleg) {transformation: [-0.9678f,-0.2373f,0.0833f,0.2575f,-0.1785f,0.8815f,0.4372f,1.1604f,-0.1772f,0.4082f,-0.8955f,0.5297f,0f,0f,0f,1f],start_interpolation: 0,interpolation_duration: 1}
$data merge entity $(bone_leftleg) {transformation: [-0.9569f,0.1232f,0.2629f,0.3396f,-0.006f,0.8968f,-0.4423f,2.046f,-0.2903f,-0.4249f,-0.8575f,0.1594f,0f,0f,0f,1f],start_interpolation: 0,interpolation_duration: 1}
$data merge entity $(bone_rightfoot) {transformation: [-0.7877f,0.1165f,0.605f,-0.6098f,0.1391f,0.9902f,-0.0095f,0.3415f,-0.6002f,0.0767f,-0.7962f,0.3735f,0f,0f,0f,1f],start_interpolation: 0,interpolation_duration: 1}
$data merge entity $(bone_rightlowerleg) {transformation: [-0.7877f,0.1165f,0.605f,-0.5735f,0.1391f,0.9902f,-0.0095f,1.4415f,-0.6002f,0.0767f,-0.7962f,0.5809f,0f,0f,0f,1f],start_interpolation: 0,interpolation_duration: 1}
$data merge entity $(bone_rightleg) {transformation: [-0.8191f,0.4453f,0.3615f,-0.1342f,-0.0183f,0.6097f,-0.7925f,2.0738f,-0.5733f,-0.6557f,-0.4913f,0.0049f,0f,0f,0f,1f],start_interpolation: 0,interpolation_duration: 1}
data modify entity @s data merge value {"cameras":{},"locators":{"lefthand":{"posx":1.0386824354167268,"posy":2.2366463689339233,"posz":0.08483053489412597,"roty":76.1678490888757,"rotx":-45.1136307028214},"sword":{"posx":2.107424539607148,"posy":1.68783514632004,"posz":-1.1638609025344056,"roty":243.0934098012185,"rotx":23.67185936131227},"righthand":{"posx":-0.9042080720280077,"posy":3.168359034014843,"posz":0.36446310777907664,"roty":243.0934098012185,"rotx":23.67185936131227},"chest":{"posx":-0.18026876543152204,"posy":2.4267482318558677,"posz":-0.03521460325030912,"roty":24.899361041569136,"rotx":17.83485404731789}}}