# This file was generated by Animated Java via MC-Build. It is not recommended to edit this file directly.
$data merge entity $(bone_nose) {transformation: [-0.9049f,-0.0176f,0.4254f,-0.035f,0.0302f,0.994f,0.1053f,4.1408f,-0.4246f,0.1082f,-0.8989f,0.1647f,0f,0f,0f,1f],start_interpolation: 0,interpolation_duration: 1}
$data merge entity $(bone_glowing_eye) {transformation: [-0.9049f,-0.0176f,0.4254f,-0.1642f,0.0302f,0.994f,0.1053f,4.2082f,-0.4246f,0.1082f,-0.8989f,0.1503f,0f,0f,0f,1f],start_interpolation: 0,interpolation_duration: 1}
$data merge entity $(bone_head) {transformation: [-0.9049f,-0.0176f,0.4254f,0.0468f,0.0302f,0.994f,0.1053f,4.0378f,-0.4246f,0.1082f,-0.8989f,-0.017f,0f,0f,0f,1f],start_interpolation: 0,interpolation_duration: 1}
$data merge entity $(bone_leftthumb2) {transformation: [-0.3383f,0.9408f,-0.023f,0.465f,-0.8836f,-0.3091f,0.3516f,4.3109f,0.3237f,0.1392f,0.9359f,0.1403f,0f,0f,0f,1f],start_interpolation: 0,interpolation_duration: 1}
$data merge entity $(bone_leftthumb) {transformation: [-0.3383f,0.9408f,-0.023f,0.6937f,-0.8836f,-0.3091f,0.3516f,4.2651f,0.3237f,0.1392f,0.9359f,0.2544f,0f,0f,0f,1f],start_interpolation: 0,interpolation_duration: 1}
$data merge entity $(bone_leftpointerfinger) {transformation: [0.0332f,0.9992f,-0.023f,0.421f,-0.9353f,0.0392f,0.3516f,4.4797f,0.3522f,0.0098f,0.9359f,0.2172f,0f,0f,0f,1f],start_interpolation: 0,interpolation_duration: 1}
$data merge entity $(bone_leftmidfinger) {transformation: [-0.0161f,0.9996f,-0.023f,0.4174f,-0.9361f,-0.007f,0.3516f,4.5346f,0.3513f,0.0272f,0.9359f,0.3635f,0f,0f,0f,1f],start_interpolation: 0,interpolation_duration: 1}
$data merge entity $(bone_leftringfinger) {transformation: [-0.0161f,0.9996f,-0.023f,0.4138f,-0.9361f,-0.007f,0.3516f,4.5895f,0.3513f,0.0272f,0.9359f,0.5097f,0f,0f,0f,1f],start_interpolation: 0,interpolation_duration: 1}
$data merge entity $(bone_invisibility) {transformation: [0.9352f,0.1049f,0.3383f,0.4612f,-0.2773f,-0.3772f,0.8836f,4.2692f,0.2202f,-0.9202f,-0.3237f,0.2639f,0f,0f,0f,1f],start_interpolation: 0,interpolation_duration: 1}
$data merge entity $(bone_swiftness) {transformation: [-0.023f,0.9408f,0.3383f,0.3118f,0.3516f,-0.3091f,0.8836f,4.3309f,0.9359f,0.1392f,-0.3237f,0.4374f,0f,0f,0f,1f],start_interpolation: 0,interpolation_duration: 1}
$data merge entity $(bone_suspicious_stew) {transformation: [0.8429f,0.4184f,0.3383f,0.4128f,-0.1316f,-0.4493f,0.8836f,4.3496f,0.5217f,-0.7894f,-0.3237f,0.4328f,0f,0f,0f,1f],start_interpolation: 0,interpolation_duration: 1}
$data merge entity $(bone_log) {transformation: [-0.3383f,0.9408f,-0.023f,0.4976f,-0.8836f,-0.3091f,0.3516f,4.2446f,0.3237f,0.1392f,0.9359f,0.5245f,0f,0f,0f,1f],start_interpolation: 0,interpolation_duration: 1}
$data merge entity $(bone_planks) {transformation: [-0.3383f,0.9408f,-0.023f,0.4659f,-0.8836f,-0.3091f,0.3516f,4.1617f,0.3237f,0.1392f,0.9359f,0.5548f,0f,0f,0f,1f],start_interpolation: 0,interpolation_duration: 1}
$data merge entity $(bone_lefthand1) {transformation: [-0.3383f,0.9408f,-0.023f,0.818f,-0.8836f,-0.3091f,0.3516f,4.3772f,0.3237f,0.1392f,0.9359f,0.4491f,0f,0f,0f,1f],start_interpolation: 0,interpolation_duration: 1}
$data merge entity $(bone_leftforearm) {transformation: [-0.5084f,0.6609f,0.5521f,1.2441f,0.0886f,-0.5976f,0.7969f,3.9949f,0.8566f,0.454f,0.2453f,0.8286f,0f,0f,0f,1f],start_interpolation: 0,interpolation_duration: 1}
$data merge entity $(bone_leftelbow) {transformation: [-0.5084f,0.6609f,0.5521f,1.368f,0.0886f,-0.5976f,0.7969f,3.8828f,0.8566f,0.454f,0.2453f,0.9137f,0f,0f,0f,1f],start_interpolation: 0,interpolation_duration: 1}
$data merge entity $(bone_leftarm) {transformation: [-0.9095f,-0.2276f,0.348f,0.862f,-0.0612f,-0.7545f,-0.6534f,3.5389f,0.4113f,-0.6156f,0.6723f,0.4874f,0f,0f,0f,1f],start_interpolation: 0,interpolation_duration: 1}
$data merge entity $(bone_rightthumb2) {transformation: [-0.0886f,-0.9873f,-0.1317f,-0.0878f,0.5039f,-0.1585f,0.8491f,4.153f,-0.8592f,0.0089f,0.5115f,-0.545f,0f,0f,0f,1f],start_interpolation: 0,interpolation_duration: 1}
$data merge entity $(bone_rightthumb) {transformation: [-0.0886f,-0.9873f,-0.1317f,-0.3412f,0.5039f,-0.1585f,0.8491f,4.1867f,-0.8592f,0.0089f,0.5115f,-0.4991f,0f,0f,0f,1f],start_interpolation: 0,interpolation_duration: 1}
$data merge entity $(bone_rightpointerfinger) {transformation: [-0.2671f,-0.9546f,-0.1317f,-0.0331f,0.4665f,-0.2477f,0.8491f,4.3336f,-0.8432f,0.1654f,0.5115f,-0.572f,0f,0f,0f,1f],start_interpolation: 0,interpolation_duration: 1}
$data merge entity $(bone_rightmidfinger) {transformation: [-0.2253f,-0.9654f,-0.1317f,-0.0537f,0.4769f,-0.2271f,0.8491f,4.4663f,-0.8496f,0.1285f,0.5115f,-0.4921f,0f,0f,0f,1f],start_interpolation: 0,interpolation_duration: 1}
$data merge entity $(bone_rightringfinger) {transformation: [-0.2008f,-0.9707f,-0.1317f,-0.0743f,0.4825f,-0.215f,0.8491f,4.599f,-0.8526f,0.107f,0.5115f,-0.4121f,0f,0f,0f,1f],start_interpolation: 0,interpolation_duration: 1}
$data merge entity $(bone_hugeasssword) {transformation: [-0.347f,-3.867f,-0.5157f,-0.2287f,1.9736f,-0.6206f,3.3257f,4.287f,-3.3652f,0.0347f,2.0035f,-0.27f,0f,0f,0f,1f],start_interpolation: 0,interpolation_duration: 1}
$data merge entity $(bone_ice) {transformation: [-0.0886f,-0.9873f,-0.1317f,-0.2119f,0.5039f,-0.1585f,0.8491f,4.2816f,-0.8592f,0.0089f,0.5115f,-0.2568f,0f,0f,0f,1f],start_interpolation: 0,interpolation_duration: 1}
$data merge entity $(bone_righthand1) {transformation: [-0.0886f,-0.9873f,-0.1317f,-0.4849f,0.5039f,-0.1585f,0.8491f,4.3945f,-0.8592f,0.0089f,0.5115f,-0.4534f,0f,0f,0f,1f],start_interpolation: 0,interpolation_duration: 1}
$data merge entity $(bone_rightforearm) {transformation: [0.1661f,-0.9727f,-0.1622f,-1.187f,-0.3589f,-0.2128f,0.9088f,4.2894f,-0.9185f,-0.0927f,-0.3845f,-0.445f,0f,0f,0f,1f],start_interpolation: 0,interpolation_duration: 1}
$data merge entity $(bone_rightelbow) {transformation: [0.1661f,-0.9727f,-0.1622f,-1.3694f,-0.3589f,-0.2128f,0.9088f,4.2495f,-0.9185f,-0.0927f,-0.3845f,-0.4623f,0f,0f,0f,1f],start_interpolation: 0,interpolation_duration: 1}
$data merge entity $(bone_rightarm) {transformation: [-0.2482f,0.3461f,-0.9048f,-0.879f,-0.0354f,-0.9366f,-0.3486f,3.6568f,-0.9681f,-0.0545f,0.2447f,-0.2699f,0f,0f,0f,1f],start_interpolation: 0,interpolation_duration: 1}
$data merge entity $(bone_chest1) {transformation: [-0.9803f,-0.019f,0.4608f,0.0909f,0.0327f,1.0768f,0.1141f,3.3938f,-0.46f,0.1172f,-0.9738f,-0.1624f,0f,0f,0f,1f],start_interpolation: 0,interpolation_duration: 1}
$data merge entity $(bone_chest1lid) {transformation: [-0.9049f,-0.0176f,0.4254f,-0.3725f,0.0302f,0.994f,0.1053f,2.6836f,-0.4246f,0.1082f,-0.8989f,-0.0296f,0f,0f,0f,1f],start_interpolation: 0,interpolation_duration: 1}
$data merge entity $(bone_chest2) {transformation: [-0.9049f,-0.0176f,0.4254f,-0.3697f,0.0302f,0.994f,0.1053f,2.5283f,-0.4246f,0.1082f,-0.8989f,-0.0465f,0f,0f,0f,1f],start_interpolation: 0,interpolation_duration: 1}
$data merge entity $(bone_chest1lid3) {transformation: [-0.9049f,-0.0176f,0.4254f,-0.0434f,0.0302f,0.994f,0.1053f,2.7492f,-0.4246f,0.1082f,-0.8989f,-0.5789f,0f,0f,0f,1f],start_interpolation: 0,interpolation_duration: 1}
$data merge entity $(bone_chest3) {transformation: [-0.9049f,-0.0176f,0.4254f,-0.0407f,0.0302f,0.994f,0.1053f,2.5939f,-0.4246f,0.1082f,-0.8989f,-0.5958f,0f,0f,0f,1f],start_interpolation: 0,interpolation_duration: 1}
$data merge entity $(bone_hugeasssword2) {transformation: [-1.666f,2.5665f,-2.445f,-0.9316f,-0.4126f,2.5428f,2.9503f,4.6123f,3.5206f,1.5125f,-0.8113f,-0.7983f,0f,0f,0f,1f],start_interpolation: 0,interpolation_duration: 1}
$data merge entity $(bone_belt) {transformation: [-0.9049f,-0.0176f,0.4254f,0.0712f,0.0302f,0.994f,0.1053f,2.9831f,-0.4246f,0.1082f,-0.8989f,-0.0743f,0f,0f,0f,1f],start_interpolation: 0,interpolation_duration: 1}
$data merge entity $(bone_torn_part) {transformation: [-0.9118f,-0.1531f,0.3811f,-0.0567f,-0.0426f,0.9582f,0.283f,2.6865f,-0.4085f,0.2418f,-0.8802f,-0.0809f,0f,0f,0f,1f],start_interpolation: 0,interpolation_duration: 1}
$data merge entity $(bone_lowerbody) {transformation: [-0.9118f,-0.0314f,0.4095f,-0.0099f,-0.0426f,0.9989f,-0.0182f,2.2055f,-0.4085f,-0.034f,-0.9121f,0.1038f,0f,0f,0f,1f],start_interpolation: 0,interpolation_duration: 1}
$data merge entity $(bone_leftfoot) {transformation: [-0.9671f,-0.2264f,0.1162f,0.5462f,-0.1828f,0.9357f,0.3016f,0.2301f,-0.177f,0.2705f,-0.9463f,-0.1431f,0f,0f,0f,1f],start_interpolation: 0,interpolation_duration: 1}
$data merge entity $(bone_leftlowerleg) {transformation: [-0.9671f,-0.2264f,0.1162f,0.2772f,-0.1828f,0.9357f,0.3016f,1.2218f,-0.177f,0.2705f,-0.9463f,0.3023f,0f,0f,0f,1f],start_interpolation: 0,interpolation_duration: 1}
$data merge entity $(bone_leftleg) {transformation: [-0.9409f,0.021f,0.3382f,0.2636f,-0.0663f,0.9674f,-0.2445f,2.2037f,-0.3323f,-0.2525f,-0.9088f,0.0867f,0f,0f,0f,1f],start_interpolation: 0,interpolation_duration: 1}
$data merge entity $(bone_rightfoot) {transformation: [-0.9038f,-0.023f,0.4273f,-0.4116f,0.0797f,0.9721f,0.2208f,0.2101f,-0.4204f,0.2336f,-0.8767f,-0.2247f,0f,0f,0f,1f],start_interpolation: 0,interpolation_duration: 1}
$data merge entity $(bone_rightlowerleg) {transformation: [-0.9038f,-0.023f,0.4273f,-0.5027f,0.0797f,0.9721f,0.2208f,1.2545f,-0.4204f,0.2336f,-0.8767f,0.1692f,0f,0f,0f,1f],start_interpolation: 0,interpolation_duration: 1}
$data merge entity $(bone_rightleg) {transformation: [-0.8838f,0.2742f,0.3791f,-0.2245f,0.0991f,0.9016f,-0.421f,2.1615f,-0.4572f,-0.3346f,-0.824f,-0.0958f,0f,0f,0f,1f],start_interpolation: 0,interpolation_duration: 1}
data modify entity @s data merge value {"cameras":{},"locators":{"lefthand":{"posx":0.4561392281155421,"posy":4.3460757309177875,"posz":0.46861426373013476,"roty":181.40482558079412,"rotx":20.58378486043696},"sword":{"posx":0.28289781147011467,"posy":1.186962661940941,"posz":-2.2317533818377404,"roty":194.4354843321421,"rotx":58.11470389584253},"righthand":{"posx":-0.20267188096602867,"posy":4.318045733113554,"posz":-0.34543497679479845,"roty":194.4354843321421,"rotx":58.11470389584253},"chest":{"posx":-0.46609269124340297,"posy":2.605935278405724,"posz":0.09080734340653032,"roty":25.324150970842652,"rotx":6.04650452221619}}}