# This file was generated by Animated Java via MC-Build. It is not recommended to edit this file directly.
$data merge entity $(bone_nose) {transformation: [-0.9724f,-0.0681f,0.2231f,-0.0616f,-0.0404f,0.9912f,0.1264f,4.08f,-0.2297f,0.1139f,-0.9666f,0.1618f,0f,0f,0f,1f],start_interpolation: 0,interpolation_duration: 1}
$data merge entity $(bone_glowing_eye) {transformation: [-0.9724f,-0.0681f,0.2231f,-0.1955f,-0.0404f,0.9912f,0.1264f,4.1376f,-0.2297f,0.1139f,-0.9666f,0.1745f,0f,0f,0f,1f],start_interpolation: 0,interpolation_duration: 1}
$data merge entity $(bone_head) {transformation: [-0.9724f,-0.0681f,0.2231f,-0.0114f,-0.0404f,0.9912f,0.1264f,3.9813f,-0.2297f,0.1139f,-0.9666f,-0.0333f,0f,0f,0f,1f],start_interpolation: 0,interpolation_duration: 1}
$data merge entity $(bone_leftthumb2) {transformation: [-0.4048f,0.9109f,-0.0796f,0.1072f,-0.4519f,-0.1236f,0.8835f,3.9848f,0.795f,0.3936f,0.4616f,-0.4491f,0f,0f,0f,1f],start_interpolation: 0,interpolation_duration: 1}
$data merge entity $(bone_leftthumb) {transformation: [-0.4048f,0.9109f,-0.0796f,0.3238f,-0.4519f,-0.1236f,0.8835f,4.03f,0.795f,0.3936f,0.4616f,-0.3131f,0f,0f,0f,1f],start_interpolation: 0,interpolation_duration: 1}
$data merge entity $(bone_leftpointerfinger) {transformation: [0.0027f,0.9968f,-0.0796f,0.0655f,-0.4629f,0.0718f,0.8835f,4.1614f,0.8864f,0.0345f,0.4616f,-0.5076f,0f,0f,0f,1f],start_interpolation: 0,interpolation_duration: 1}
$data merge entity $(bone_leftmidfinger) {transformation: [-0.052f,0.9955f,-0.0796f,0.053f,-0.4662f,0.0463f,0.8835f,4.2994f,0.8832f,0.083f,0.4616f,-0.4355f,0f,0f,0f,1f],start_interpolation: 0,interpolation_duration: 1}
$data merge entity $(bone_leftringfinger) {transformation: [-0.052f,0.9955f,-0.0796f,0.0406f,-0.4662f,0.0463f,0.8835f,4.4374f,0.8832f,0.083f,0.4616f,-0.3633f,0f,0f,0f,1f],start_interpolation: 0,interpolation_duration: 1}
$data merge entity $(bone_invisibility) {transformation: [0.9005f,0.1587f,0.4048f,0.0917f,-0.0461f,-0.8909f,0.4519f,4.0355f,0.4323f,-0.4256f,-0.795f,-0.3299f,0f,0f,0f,1f],start_interpolation: 0,interpolation_duration: 1}
$data merge entity $(bone_swiftness) {transformation: [-0.0796f,0.9109f,0.4048f,-0.0677f,0.8835f,-0.1236f,0.4519f,4.1944f,0.4616f,0.3936f,-0.795f,-0.2552f,0f,0f,0f,1f],start_interpolation: 0,interpolation_duration: 1}
$data merge entity $(bone_suspicious_stew) {transformation: [0.7919f,0.4571f,0.4048f,0.0341f,0.2614f,-0.8529f,0.4519f,4.2069f,0.5518f,-0.252f,-0.795f,-0.2618f,0f,0f,0f,1f],start_interpolation: 0,interpolation_duration: 1}
$data merge entity $(bone_log) {transformation: [-0.4048f,0.9109f,-0.0796f,0.1062f,-0.4519f,-0.1236f,0.8835f,4.1906f,0.795f,0.3936f,0.4616f,-0.1164f,0f,0f,0f,1f],start_interpolation: 0,interpolation_duration: 1}
$data merge entity $(bone_planks) {transformation: [-0.4048f,0.9109f,-0.0796f,0.0683f,-0.4519f,-0.1236f,0.8835f,4.1482f,0.795f,0.3936f,0.4616f,-0.0419f,0f,0f,0f,1f],start_interpolation: 0,interpolation_duration: 1}
$data merge entity $(bone_lefthand1) {transformation: [-0.4048f,0.9109f,-0.0796f,0.4377f,-0.4519f,-0.1236f,0.8835f,4.245f,0.795f,0.3936f,0.4616f,-0.2312f,0f,0f,0f,1f],start_interpolation: 0,interpolation_duration: 1}
$data merge entity $(bone_leftforearm) {transformation: [-0.1516f,0.9215f,0.3575f,1.079f,0.6295f,-0.1888f,0.7537f,4.1818f,0.7621f,0.3393f,-0.5515f,0.0654f,0f,0f,0f,1f],start_interpolation: 0,interpolation_duration: 1}
$data merge entity $(bone_leftelbow) {transformation: [-0.1516f,0.9215f,0.3575f,1.2518f,0.6295f,-0.1888f,0.7537f,4.1464f,0.7621f,0.3393f,-0.5515f,0.129f,0f,0f,0f,1f],start_interpolation: 0,interpolation_duration: 1}
$data merge entity $(bone_leftarm) {transformation: [-0.5705f,0.0348f,0.8206f,0.9033f,0.091f,-0.9903f,0.1053f,3.5896f,0.8163f,0.1348f,0.5617f,0.3243f,0f,0f,0f,1f],start_interpolation: 0,interpolation_duration: 1}
$data merge entity $(bone_rightthumb2) {transformation: [-0.6245f,-0.4139f,-0.6623f,-0.7925f,0.7363f,-0.5947f,-0.3227f,3.9021f,-0.2603f,-0.6892f,0.6762f,0.2912f,0f,0f,0f,1f],start_interpolation: 0,interpolation_duration: 1}
$data merge entity $(bone_rightthumb) {transformation: [-0.6245f,-0.4139f,-0.6623f,-0.9506f,0.7363f,-0.5947f,-0.3227f,3.7287f,-0.2603f,-0.6892f,0.6762f,0.1799f,0f,0f,0f,1f],start_interpolation: 0,interpolation_duration: 1}
$data merge entity $(bone_rightpointerfinger) {transformation: [-0.6738f,-0.3276f,-0.6623f,-0.9141f,0.6511f,-0.687f,-0.3227f,3.9892f,-0.3493f,-0.6487f,0.6762f,0.4093f,0f,0f,0f,1f],start_interpolation: 0,interpolation_duration: 1}
$data merge entity $(bone_rightmidfinger) {transformation: [-0.6589f,-0.3566f,-0.6623f,-1.0176f,0.6805f,-0.6579f,-0.3227f,3.9388f,-0.3206f,-0.6633f,0.6762f,0.5149f,0f,0f,0f,1f],start_interpolation: 0,interpolation_duration: 1}
$data merge entity $(bone_rightringfinger) {transformation: [-0.6518f,-0.3695f,-0.6623f,-1.1211f,0.6932f,-0.6444f,-0.3227f,3.8884f,-0.3076f,-0.6695f,0.6762f,0.6206f,0f,0f,0f,1f],start_interpolation: 0,interpolation_duration: 1}
$data merge entity $(bone_hugeasssword) {transformation: [-2.4461f,-1.621f,-2.594f,-0.9255f,2.884f,-2.3293f,-1.2639f,3.6274f,-1.0196f,-2.6995f,2.6483f,0.4335f,0f,0f,0f,1f],start_interpolation: 0,interpolation_duration: 1}
$data merge entity $(bone_ice) {transformation: [-0.6245f,-0.4139f,-0.6623f,-0.9092f,0.7363f,-0.5947f,-0.3227f,3.6252f,-0.2603f,-0.6892f,0.6762f,0.4484f,0f,0f,0f,1f],start_interpolation: 0,interpolation_duration: 1}
$data merge entity $(bone_righthand1) {transformation: [-0.6245f,-0.4139f,-0.6623f,-1.1895f,0.7363f,-0.5947f,-0.3227f,3.6506f,-0.2603f,-0.6892f,0.6762f,0.2321f,0f,0f,0f,1f],start_interpolation: 0,interpolation_duration: 1}
$data merge entity $(bone_rightforearm) {transformation: [0.0403f,-0.4846f,-0.8738f,-1.5377f,0.8566f,-0.4334f,0.2799f,3.2703f,-0.5144f,-0.7598f,0.3976f,-0.2612f,0f,0f,0f,1f],start_interpolation: 0,interpolation_duration: 1}
$data merge entity $(bone_rightelbow) {transformation: [0.0403f,-0.4846f,-0.8738f,-1.6286f,0.8566f,-0.4334f,0.2799f,3.1891f,-0.5144f,-0.7598f,0.3976f,-0.4036f,0f,0f,0f,1f],start_interpolation: 0,interpolation_duration: 1}
$data merge entity $(bone_rightarm) {transformation: [-0.3448f,0.9059f,0.246f,-0.9297f,0.5775f,0.4113f,-0.7052f,3.4511f,-0.74f,-0.1011f,-0.6649f,-0.1369f,0f,0f,0f,1f],start_interpolation: 0,interpolation_duration: 1}
$data merge entity $(bone_chest1) {transformation: [-1.0535f,-0.0738f,0.2417f,0.0493f,-0.0438f,1.0738f,0.1369f,3.3407f,-0.2489f,0.1233f,-1.0471f,-0.1875f,0f,0f,0f,1f],start_interpolation: 0,interpolation_duration: 1}
$data merge entity $(bone_chest1lid) {transformation: [-0.9724f,-0.0681f,0.2231f,-0.3235f,-0.0404f,0.9912f,0.1264f,2.6f,-0.2297f,0.1139f,-0.9666f,0.0345f,0f,0f,0f,1f],start_interpolation: 0,interpolation_duration: 1}
$data merge entity $(bone_chest2) {transformation: [-0.9724f,-0.0681f,0.2231f,-0.3129f,-0.0404f,0.9912f,0.1264f,2.4451f,-0.2297f,0.1139f,-0.9666f,0.0167f,0f,0f,0f,1f],start_interpolation: 0,interpolation_duration: 1}
$data merge entity $(bone_chest1lid3) {transformation: [-0.9724f,-0.0681f,0.2231f,-0.1198f,-0.0404f,0.9912f,0.1264f,2.6835f,-0.2297f,0.1139f,-0.9666f,-0.5704f,0f,0f,0f,1f],start_interpolation: 0,interpolation_duration: 1}
$data merge entity $(bone_chest3) {transformation: [-0.9724f,-0.0681f,0.2231f,-0.1092f,-0.0404f,0.9912f,0.1264f,2.5286f,-0.2297f,0.1139f,-0.9666f,-0.5881f,0f,0f,0f,1f],start_interpolation: 0,interpolation_duration: 1}
$data merge entity $(bone_hugeasssword2) {transformation: [-0.8737f,2.6278f,-2.7697f,-1.1687f,-0.4949f,2.7394f,2.7552f,4.4744f,3.7858f,0.9646f,-0.2791f,-0.5945f,0f,0f,0f,1f],start_interpolation: 0,interpolation_duration: 1}
$data merge entity $(bone_belt) {transformation: [-0.9724f,-0.0681f,0.2231f,0.0783f,-0.0404f,0.9912f,0.1264f,2.9306f,-0.2297f,0.1139f,-0.9666f,-0.099f,0f,0f,0f,1f],start_interpolation: 0,interpolation_duration: 1}
$data merge entity $(bone_torn_part) {transformation: [-0.8945f,-0.0691f,0.4417f,-0.078f,0.0212f,0.9803f,0.1963f,2.6316f,-0.4466f,0.185f,-0.8754f,-0.0902f,0f,0f,0f,1f],start_interpolation: 0,interpolation_duration: 1}
$data merge entity $(bone_lowerbody) {transformation: [-0.8945f,0.0669f,0.442f,-0.0854f,0.0212f,0.994f,-0.1075f,2.1593f,-0.4466f,-0.0868f,-0.8905f,0.1211f,0f,0f,0f,1f],start_interpolation: 0,interpolation_duration: 1}
$data merge entity $(bone_leftfoot) {transformation: [-0.9548f,-0.2825f,0.0923f,0.5519f,-0.2293f,0.8977f,0.3763f,0.2372f,-0.1892f,0.3382f,-0.9219f,-0.1352f,0f,0f,0f,1f],start_interpolation: 0,interpolation_duration: 1}
$data merge entity $(bone_leftlowerleg) {transformation: [-0.9548f,-0.2825f,0.0923f,0.2243f,-0.2293f,0.8977f,0.3763f,1.1753f,-0.1892f,0.3382f,-0.9219f,0.3816f,0f,0f,0f,1f],start_interpolation: 0,interpolation_duration: 1}
$data merge entity $(bone_leftleg) {transformation: [-0.9464f,0.0141f,0.3226f,0.1995f,-0.0871f,0.9509f,-0.2971f,2.1274f,-0.3109f,-0.3092f,-0.8987f,0.1171f,0f,0f,0f,1f],start_interpolation: 0,interpolation_duration: 1}
$data merge entity $(bone_rightfoot) {transformation: [-0.9071f,-0.0453f,0.4184f,-0.4132f,0.0809f,0.9568f,0.2791f,0.228f,-0.413f,0.287f,-0.8643f,-0.2225f,0f,0f,0f,1f],start_interpolation: 0,interpolation_duration: 1}
$data merge entity $(bone_rightlowerleg) {transformation: [-0.9071f,-0.0453f,0.4184f,-0.5278f,0.0809f,0.9568f,0.2791f,1.2466f,-0.413f,0.287f,-0.8643f,0.2288f,0f,0f,0f,1f],start_interpolation: 0,interpolation_duration: 1}
$data merge entity $(bone_rightleg) {transformation: [-0.86f,0.2561f,0.4414f,-0.266f,0.0229f,0.8835f,-0.4679f,2.1325f,-0.5098f,-0.3923f,-0.7656f,-0.08f,0f,0f,0f,1f],start_interpolation: 0,interpolation_duration: 1}
data modify entity @s data merge value {"cameras":{},"locators":{"lefthand":{"posx":0.07427610249103289,"posy":4.228765614853432,"posz":-0.22892061678962516,"roty":189.7850787727529,"rotx":62.066261186268875},"sword":{"posx":1.49128783873188,"posy":4.898588042032632,"posz":-2.0692312176637673,"roty":224.40644500892972,"rotx":-18.826891127659056},"righthand":{"posx":-0.9509653515468276,"posy":3.7085950687015385,"posz":0.4241544981844853,"roty":224.40644500892972,"rotx":-18.826891127659056},"chest":{"posx":-0.38448550853172236,"posy":2.5170550264670277,"posz":0.17123887147100902,"roty":12.99570353134817,"rotx":7.259074808999306}}}