# This file was generated by Animated Java via MC-Build. It is not recommended to edit this file directly.
$data merge entity $(bone_nose) {transformation: [-0.9801f,-0.0639f,-0.1881f,-0.0819f,-0.1016f,0.9748f,0.1985f,4.1152f,0.1706f,0.2136f,-0.9619f,0.2571f,0f,0f,0f,1f],start_interpolation: 0,interpolation_duration: 1}
$data merge entity $(bone_glowing_eye) {transformation: [-0.9801f,-0.0639f,-0.1881f,-0.2021f,-0.1016f,0.9748f,0.1985f,4.1616f,0.1706f,0.2136f,-0.9619f,0.3265f,0f,0f,0f,1f],start_interpolation: 0,interpolation_duration: 1}
$data merge entity $(bone_head) {transformation: [-0.9801f,-0.0639f,-0.1881f,-0.1092f,-0.1016f,0.9748f,0.1985f,4.032f,0.1706f,0.2136f,-0.9619f,0.0506f,0f,0f,0f,1f],start_interpolation: 0,interpolation_duration: 1}
$data merge entity $(bone_leftthumb2) {transformation: [-0.6298f,0.6494f,0.4262f,0.6046f,-0.7273f,-0.6857f,-0.0298f,4.515f,0.2729f,-0.3287f,0.9042f,0.0587f,0f,0f,0f,1f],start_interpolation: 0,interpolation_duration: 1}
$data merge entity $(bone_leftthumb) {transformation: [-0.6298f,0.6494f,0.4262f,0.8003f,-0.7273f,-0.6857f,-0.0298f,4.3443f,0.2729f,-0.3287f,0.9042f,0.0554f,0f,0f,0f,1f],start_interpolation: 0,interpolation_duration: 1}
$data merge entity $(bone_leftpointerfinger) {transformation: [-0.2539f,0.8683f,0.4262f,0.6761f,-0.9632f,-0.2671f,-0.0298f,4.6475f,0.0879f,-0.4181f,0.9042f,0.1758f,0f,0f,0f,1f],start_interpolation: 0,interpolation_duration: 1}
$data merge entity $(bone_leftmidfinger) {transformation: [-0.3084f,0.8505f,0.4262f,0.7427f,-0.9444f,-0.3275f,-0.0298f,4.6428f,0.1142f,-0.4117f,0.9042f,0.317f,0f,0f,0f,1f],start_interpolation: 0,interpolation_duration: 1}
$data merge entity $(bone_leftringfinger) {transformation: [-0.3084f,0.8505f,0.4262f,0.8093f,-0.9444f,-0.3275f,-0.0298f,4.6381f,0.1142f,-0.4117f,0.9042f,0.4583f,0f,0f,0f,1f],start_interpolation: 0,interpolation_duration: 1}
$data merge entity $(bone_invisibility) {transformation: [0.6841f,-0.3679f,0.6298f,0.6157f,-0.6857f,-0.0301f,0.7273f,4.437f,-0.2487f,-0.9294f,-0.2729f,0.1627f,0f,0f,0f,1f],start_interpolation: 0,interpolation_duration: 1}
$data merge entity $(bone_swiftness) {transformation: [0.4262f,0.6494f,0.6298f,0.5749f,-0.0298f,-0.6857f,0.7273f,4.4864f,0.9042f,-0.3287f,-0.2729f,0.391f,0f,0f,0f,1f],start_interpolation: 0,interpolation_duration: 1}
$data merge entity $(bone_suspicious_stew) {transformation: [0.7687f,-0.1118f,0.6298f,0.6652f,-0.6341f,-0.2628f,0.7273f,4.4636f,0.0842f,-0.9584f,-0.2729f,0.3477f,0f,0f,0f,1f],start_interpolation: 0,interpolation_duration: 1}
$data merge entity $(bone_log) {transformation: [-0.6298f,0.6494f,0.4262f,0.7073f,-0.7273f,-0.6857f,-0.0298f,4.3083f,0.2729f,-0.3287f,0.9042f,0.3745f,0f,0f,0f,1f],start_interpolation: 0,interpolation_duration: 1}
$data merge entity $(bone_planks) {transformation: [-0.6298f,0.6494f,0.4262f,0.6482f,-0.7273f,-0.6857f,-0.0298f,4.2401f,0.2729f,-0.3287f,0.9042f,0.4001f,0f,0f,0f,1f],start_interpolation: 0,interpolation_duration: 1}
$data merge entity $(bone_lefthand1) {transformation: [-0.6298f,0.6494f,0.4262f,1.0138f,-0.7273f,-0.6857f,-0.0298f,4.3196f,0.2729f,-0.3287f,0.9042f,0.1959f,0f,0f,0f,1f],start_interpolation: 0,interpolation_duration: 1}
$data merge entity $(bone_leftforearm) {transformation: [0.3275f,0.7237f,0.6075f,1.5662f,-0.2902f,-0.5348f,0.7936f,3.9228f,0.8992f,-0.4362f,0.0349f,-0.0278f,0f,0f,0f,1f],start_interpolation: 0,interpolation_duration: 1}
$data merge entity $(bone_leftelbow) {transformation: [0.3275f,0.7237f,0.6075f,1.7019f,-0.2902f,-0.5348f,0.7936f,3.8225f,0.8992f,-0.4362f,0.0349f,-0.1096f,0f,0f,0f,1f],start_interpolation: 0,interpolation_duration: 1}
$data merge entity $(bone_leftarm) {transformation: [-0.2339f,-0.8921f,0.3865f,0.891f,-0.22f,-0.3387f,-0.9148f,3.7187f,0.9471f,-0.299f,-0.117f,-0.0073f,0f,0f,0f,1f],start_interpolation: 0,interpolation_duration: 1}
$data merge entity $(bone_rightthumb2) {transformation: [-0.4137f,-0.5748f,-0.706f,-0.5808f,0.9053f,-0.1778f,-0.3857f,3.197f,0.0962f,-0.7987f,0.5939f,0.8156f,0f,0f,0f,1f],start_interpolation: 0,interpolation_duration: 1}
$data merge entity $(bone_rightthumb) {transformation: [-0.4137f,-0.5748f,-0.706f,-0.7821f,0.9053f,-0.1778f,-0.3857f,3.1204f,0.0962f,-0.7987f,0.5939f,0.6705f,0f,0f,0f,1f],start_interpolation: 0,interpolation_duration: 1}
$data merge entity $(bone_rightpointerfinger) {transformation: [-0.4411f,-0.5541f,-0.706f,-0.6718f,0.8956f,-0.2215f,-0.3857f,3.2597f,0.0573f,-0.8025f,0.5939f,0.971f,0f,0f,0f,1f],start_interpolation: 0,interpolation_duration: 1}
$data merge entity $(bone_rightmidfinger) {transformation: [-0.4165f,-0.5728f,-0.706f,-0.7821f,0.9044f,-0.1822f,-0.3857f,3.1994f,0.0923f,-0.7992f,0.5939f,1.0638f,0f,0f,0f,1f],start_interpolation: 0,interpolation_duration: 1}
$data merge entity $(bone_rightringfinger) {transformation: [-0.4106f,-0.577f,-0.706f,-0.8924f,0.9062f,-0.173f,-0.3857f,3.1391f,0.1005f,-0.7982f,0.5939f,1.1566f,0f,0f,0f,1f],start_interpolation: 0,interpolation_duration: 1}
$data merge entity $(bone_hugeasssword) {transformation: [-1.6203f,-2.2514f,-2.7651f,-0.778f,3.5458f,-0.6963f,-1.5109f,2.9288f,0.3769f,-3.1283f,2.3263f,0.8667f,0f,0f,0f,1f],start_interpolation: 0,interpolation_duration: 1}
$data merge entity $(bone_ice) {transformation: [-0.4137f,-0.5748f,-0.706f,-0.7625f,0.9053f,-0.1778f,-0.3857f,2.9175f,0.0962f,-0.7987f,0.5939f,0.8776f,0f,0f,0f,1f],start_interpolation: 0,interpolation_duration: 1}
$data merge entity $(bone_righthand1) {transformation: [-0.4137f,-0.5748f,-0.706f,-1.0317f,0.9053f,-0.1778f,-0.3857f,3.0873f,0.0962f,-0.7987f,0.5939f,0.7206f,0f,0f,0f,1f],start_interpolation: 0,interpolation_duration: 1}
$data merge entity $(bone_rightforearm) {transformation: [-0.1678f,-0.7769f,-0.6069f,-1.5509f,0.8743f,0.1671f,-0.4557f,3.1319f,0.4555f,-0.6071f,0.6511f,0.227f,0f,0f,0f,1f],start_interpolation: 0,interpolation_duration: 1}
$data merge entity $(bone_rightelbow) {transformation: [-0.1678f,-0.7769f,-0.6069f,-1.6966f,0.8743f,0.1671f,-0.4557f,3.1633f,0.4555f,-0.6071f,0.6511f,0.1132f,0f,0f,0f,1f],start_interpolation: 0,interpolation_duration: 1}
$data merge entity $(bone_rightarm) {transformation: [-0.6107f,0.7407f,-0.2802f,-0.9606f,0.748f,0.6557f,0.103f,3.3825f,0.26f,-0.1467f,-0.9544f,0.1332f,0f,0f,0f,1f],start_interpolation: 0,interpolation_duration: 1}
$data merge entity $(bone_chest1) {transformation: [-1.0617f,-0.0692f,-0.2037f,-0.0849f,-0.1101f,1.0561f,0.215f,3.4079f,0.1849f,0.2314f,-1.0421f,-0.1678f,0f,0f,0f,1f],start_interpolation: 0,interpolation_duration: 1}
$data merge entity $(bone_chest1lid) {transformation: [-0.9801f,-0.0639f,-0.1881f,-0.3022f,-0.1016f,0.9748f,0.1985f,2.6293f,0.1706f,0.2136f,-0.9619f,0.1208f,0f,0f,0f,1f],start_interpolation: 0,interpolation_duration: 1}
$data merge entity $(bone_chest2) {transformation: [-0.9801f,-0.0639f,-0.1881f,-0.2922f,-0.1016f,0.9748f,0.1985f,2.477f,0.1706f,0.2136f,-0.9619f,0.0874f,0f,0f,0f,1f],start_interpolation: 0,interpolation_duration: 1}
$data merge entity $(bone_chest1lid3) {transformation: [-0.9801f,-0.0639f,-0.1881f,-0.3614f,-0.1016f,0.9748f,0.1985f,2.7628f,0.1706f,0.2136f,-0.9619f,-0.5061f,0f,0f,0f,1f],start_interpolation: 0,interpolation_duration: 1}
$data merge entity $(bone_chest3) {transformation: [-0.9801f,-0.0639f,-0.1881f,-0.3515f,-0.1016f,0.9748f,0.1985f,2.6105f,0.1706f,0.2136f,-0.9619f,-0.5394f,0f,0f,0f,1f],start_interpolation: 0,interpolation_duration: 1}
$data merge entity $(bone_hugeasssword2) {transformation: [0.7366f,2.661f,-2.7779f,-1.4163f,-0.7774f,2.873f,2.546f,4.4663f,3.7674f,0.0725f,1.0685f,0.0355f,0f,0f,0f,1f],start_interpolation: 0,interpolation_duration: 1}
$data merge entity $(bone_belt) {transformation: [-0.9801f,-0.0639f,-0.1881f,-0.0034f,-0.1016f,0.9748f,0.1985f,2.9969f,0.1706f,0.2136f,-0.9619f,-0.1325f,0f,0f,0f,1f],start_interpolation: 0,interpolation_duration: 1}
$data merge entity $(bone_torn_part) {transformation: [-0.9875f,-0.089f,0.1302f,-0.0802f,-0.0511f,0.9616f,0.2697f,2.6869f,-0.1493f,0.2597f,-0.9541f,-0.0671f,0f,0f,0f,1f],start_interpolation: 0,interpolation_duration: 1}
$data merge entity $(bone_lowerbody) {transformation: [-0.9875f,-0.0458f,0.151f,0.0173f,-0.0511f,0.9982f,-0.0319f,2.209f,-0.1493f,-0.0392f,-0.988f,0.1056f,0f,0f,0f,1f],start_interpolation: 0,interpolation_duration: 1}
$data merge entity $(bone_leftfoot) {transformation: [-0.9826f,-0.1787f,-0.0501f,0.5302f,-0.1855f,0.9489f,0.2554f,0.2204f,0.0019f,0.2603f,-0.9655f,-0.1579f,0f,0f,0f,1f],start_interpolation: 0,interpolation_duration: 1}
$data merge entity $(bone_leftlowerleg) {transformation: [-0.9826f,-0.1787f,-0.0501f,0.3397f,-0.1855f,0.9489f,0.2554f,1.2338f,0.0019f,0.2603f,-0.9655f,0.2792f,0f,0f,0f,1f],start_interpolation: 0,interpolation_duration: 1}
$data merge entity $(bone_leftleg) {transformation: [-0.984f,-0.0271f,0.1759f,0.285f,-0.0785f,0.9531f,-0.2924f,2.2029f,-0.1597f,-0.3015f,-0.94f,0.0192f,0f,0f,0f,1f],start_interpolation: 0,interpolation_duration: 1}
$data merge entity $(bone_rightfoot) {transformation: [-0.9099f,0.0382f,0.4131f,-0.4259f,0.1518f,0.9574f,0.2456f,0.2094f,-0.3861f,0.2862f,-0.8769f,-0.2138f,0f,0f,0f,1f],start_interpolation: 0,interpolation_duration: 1}
$data merge entity $(bone_rightlowerleg) {transformation: [-0.9099f,0.0382f,0.4131f,-0.4469f,0.1518f,0.9574f,0.2456f,1.2337f,-0.3861f,0.2862f,-0.8769f,0.2384f,0f,0f,0f,1f],start_interpolation: 0,interpolation_duration: 1}
$data merge entity $(bone_rightleg) {transformation: [-0.9521f,0.2015f,0.2299f,-0.2376f,0.1053f,0.9221f,-0.3723f,2.1643f,-0.287f,-0.3303f,-0.8992f,-0.0366f,0f,0f,0f,1f],start_interpolation: 0,interpolation_duration: 1}
data modify entity @s data merge value {"cameras":{},"locators":{"lefthand":{"posx":0.7089407374272595,"posy":4.430501792427872,"posz":0.36050260453512106,"roty":154.763420432369,"rotx":-1.708770872644937},"sword":{"posx":1.822031984995937,"posy":4.433592989703672,"posz":-1.3003184121325466,"roty":229.92610052402313,"rotx":-22.690264363084324},"righthand":{"posx":-0.7813058322081354,"posy":3.011142519411654,"posz":0.8898695065358844,"roty":229.92610052402313,"rotx":-22.690264363084324},"chest":{"posx":-0.299463437459457,"posy":2.5341627238618067,"posz":0.2630950233561214,"roty":348.93725939826726,"rotx":11.447804159221649}}}