# This file was generated by Animated Java via MC-Build. It is not recommended to edit this file directly.
$data merge entity $(bone_nose) {transformation: [-0.9396f,-0.0113f,-0.342f,-0.0643f,-0.0873f,0.9743f,0.2076f,4.0825f,0.3308f,0.2249f,-0.9165f,0.261f,0f,0f,0f,1f],start_interpolation: 0,interpolation_duration: 1}
$data merge entity $(bone_glowing_eye) {transformation: [-0.9396f,-0.0113f,-0.342f,-0.1706f,-0.0873f,0.9743f,0.2076f,4.1303f,0.3308f,0.2249f,-0.9165f,0.3496f,0f,0f,0f,1f],start_interpolation: 0,interpolation_duration: 1}
$data merge entity $(bone_head) {transformation: [-0.9396f,-0.0113f,-0.342f,-0.127f,-0.0873f,0.9743f,0.2076f,4.001f,0.3308f,0.2249f,-0.9165f,0.0616f,0f,0f,0f,1f],start_interpolation: 0,interpolation_duration: 1}
$data merge entity $(bone_leftthumb2) {transformation: [-0.6594f,0.3031f,0.688f,0.813f,-0.6355f,-0.7136f,-0.2948f,4.2572f,0.4016f,-0.6316f,0.6632f,0.0255f,0f,0f,0f,1f],start_interpolation: 0,interpolation_duration: 1}
$data merge entity $(bone_leftthumb) {transformation: [-0.6594f,0.3031f,0.688f,0.9461f,-0.6355f,-0.7136f,-0.2948f,4.057f,0.4016f,-0.6316f,0.6632f,-0.0727f,0f,0f,0f,1f],start_interpolation: 0,interpolation_duration: 1}
$data merge entity $(bone_leftpointerfinger) {transformation: [-0.4228f,0.5898f,0.688f,0.951f,-0.9055f,-0.3053f,-0.2948f,4.3468f,0.0362f,-0.7476f,0.6632f,0.1217f,0f,0f,0f,1f],start_interpolation: 0,interpolation_duration: 1}
$data merge entity $(bone_leftmidfinger) {transformation: [-0.4617f,0.5599f,0.688f,1.0585f,-0.8828f,-0.3657f,-0.2948f,4.3008f,0.0866f,-0.7435f,0.6632f,0.2253f,0f,0f,0f,1f],start_interpolation: 0,interpolation_duration: 1}
$data merge entity $(bone_leftringfinger) {transformation: [-0.4617f,0.5599f,0.688f,1.166f,-0.8828f,-0.3657f,-0.2948f,4.2547f,0.0866f,-0.7435f,0.6632f,0.3289f,0f,0f,0f,1f],start_interpolation: 0,interpolation_duration: 1}
$data merge entity $(bone_invisibility) {transformation: [0.3619f,-0.659f,0.6594f,0.839f,-0.7366f,0.2314f,0.6355f,4.1588f,-0.5714f,-0.7157f,-0.4016f,0.1072f,0f,0f,0f,1f],start_interpolation: 0,interpolation_duration: 1}
$data merge entity $(bone_swiftness) {transformation: [0.688f,0.3031f,0.6594f,0.8926f,-0.2948f,-0.7136f,0.6355f,4.1671f,0.6632f,-0.6316f,-0.4016f,0.338f,0f,0f,0f,1f],start_interpolation: 0,interpolation_duration: 1}
$data merge entity $(bone_suspicious_stew) {transformation: [0.5654f,-0.4954f,0.6594f,0.9538f,-0.7713f,-0.0344f,0.6355f,4.137f,-0.2922f,-0.868f,-0.4016f,0.2611f,0f,0f,0f,1f],start_interpolation: 0,interpolation_duration: 1}
$data merge entity $(bone_log) {transformation: [-0.6594f,0.3031f,0.688f,0.9621f,-0.6355f,-0.7136f,-0.2948f,3.9744f,0.4016f,-0.6316f,0.6632f,0.2509f,0f,0f,0f,1f],start_interpolation: 0,interpolation_duration: 1}
$data merge entity $(bone_planks) {transformation: [-0.6594f,0.3031f,0.688f,0.9003f,-0.6355f,-0.7136f,-0.2948f,3.9148f,0.4016f,-0.6316f,0.6632f,0.2886f,0f,0f,0f,1f],start_interpolation: 0,interpolation_duration: 1}
$data merge entity $(bone_lefthand1) {transformation: [-0.6594f,0.3031f,0.688f,1.1812f,-0.6355f,-0.7136f,-0.2948f,3.9641f,0.4016f,-0.6316f,0.6632f,-0.0281f,0f,0f,0f,1f],start_interpolation: 0,interpolation_duration: 1}
$data merge entity $(bone_leftforearm) {transformation: [0.3523f,0.3853f,0.8529f,1.4952f,-0.5787f,-0.6266f,0.5221f,3.4781f,0.7356f,-0.6775f,0.0022f,-0.4438f,0f,0f,0f,1f],start_interpolation: 0,interpolation_duration: 1}
$data merge entity $(bone_leftelbow) {transformation: [0.3523f,0.3853f,0.8529f,1.5674f,-0.5787f,-0.6266f,0.5221f,3.3606f,0.7356f,-0.6775f,0.0022f,-0.5708f,0f,0f,0f,1f],start_interpolation: 0,interpolation_duration: 1}
$data merge entity $(bone_leftarm) {transformation: [-0.0112f,-0.9704f,-0.2412f,0.8478f,-0.2806f,0.2346f,-0.9307f,3.6723f,0.9598f,0.0573f,-0.2749f,-0.1647f,0f,0f,0f,1f],start_interpolation: 0,interpolation_duration: 1}
$data merge entity $(bone_rightthumb2) {transformation: [-0.0593f,-0.8514f,-0.5211f,-0.2063f,0.8648f,0.2169f,-0.4528f,2.7831f,0.4986f,-0.4775f,0.7234f,0.6098f,0f,0f,0f,1f],start_interpolation: 0,interpolation_duration: 1}
$data merge entity $(bone_rightthumb) {transformation: [-0.0593f,-0.8514f,-0.5211f,-0.4597f,0.8648f,0.2169f,-0.4528f,2.7976f,0.4986f,-0.4775f,0.7234f,0.5545f,0f,0f,0f,1f],start_interpolation: 0,interpolation_duration: 1}
$data merge entity $(bone_rightpointerfinger) {transformation: [-0.0622f,-0.8512f,-0.5211f,-0.2112f,0.8655f,0.2139f,-0.4528f,2.7998f,0.4969f,-0.4792f,0.7234f,0.7996f,0f,0f,0f,1f],start_interpolation: 0,interpolation_duration: 1}
$data merge entity $(bone_rightmidfinger) {transformation: [-0.0251f,-0.8531f,-0.5211f,-0.2926f,0.8554f,0.2515f,-0.4528f,2.7291f,0.5174f,-0.4571f,0.7234f,0.9127f,0f,0f,0f,1f],start_interpolation: 0,interpolation_duration: 1}
$data merge entity $(bone_rightringfinger) {transformation: [-0.0206f,-0.8532f,-0.5211f,-0.3741f,0.8541f,0.256f,-0.4528f,2.6583f,0.5198f,-0.4544f,0.7234f,1.0257f,0f,0f,0f,1f],start_interpolation: 0,interpolation_duration: 1}
$data merge entity $(bone_hugeasssword) {transformation: [-0.2324f,-3.3347f,-2.0411f,-0.4417f,3.3872f,0.8495f,-1.7736f,2.5505f,1.9528f,-1.8704f,2.8335f,0.6719f,0f,0f,0f,1f],start_interpolation: 0,interpolation_duration: 1}
$data merge entity $(bone_ice) {transformation: [-0.0593f,-0.8514f,-0.5211f,-0.4274f,0.8648f,0.2169f,-0.4528f,2.5336f,0.4986f,-0.4775f,0.7234f,0.6716f,0f,0f,0f,1f],start_interpolation: 0,interpolation_duration: 1}
$data merge entity $(bone_righthand1) {transformation: [-0.0593f,-0.8514f,-0.5211f,-0.6714f,0.8648f,0.2169f,-0.4528f,2.7899f,0.4986f,-0.4775f,0.7234f,0.6995f,0f,0f,0f,1f],start_interpolation: 0,interpolation_duration: 1}
$data merge entity $(bone_rightforearm) {transformation: [-0.1432f,-0.9438f,-0.2979f,-1.3097f,0.5239f,0.1831f,-0.8319f,2.9125f,0.8397f,-0.2752f,0.4682f,0.416f,0f,0f,0f,1f],start_interpolation: 0,interpolation_duration: 1}
$data merge entity $(bone_rightelbow) {transformation: [-0.1432f,-0.9438f,-0.2979f,-1.4867f,0.5239f,0.1831f,-0.8319f,2.9468f,0.8397f,-0.2752f,0.4682f,0.3644f,0f,0f,0f,1f],start_interpolation: 0,interpolation_duration: 1}
$data merge entity $(bone_rightarm) {transformation: [-0.5609f,0.4012f,-0.7242f,-0.9226f,0.3559f,0.9066f,0.2266f,3.3953f,0.7475f,-0.1306f,-0.6513f,0.2097f,0f,0f,0f,1f],start_interpolation: 0,interpolation_duration: 1}
$data merge entity $(bone_chest1) {transformation: [-1.0179f,-0.0123f,-0.3705f,-0.1496f,-0.0945f,1.0555f,0.2249f,3.378f,0.3584f,0.2436f,-0.9929f,-0.1601f,0f,0f,0f,1f],start_interpolation: 0,interpolation_duration: 1}
$data merge entity $(bone_chest1lid) {transformation: [-0.9396f,-0.0113f,-0.342f,-0.3289f,-0.0873f,0.9743f,0.2076f,2.6011f,0.3308f,0.2249f,-0.9165f,0.1578f,0f,0f,0f,1f],start_interpolation: 0,interpolation_duration: 1}
$data merge entity $(bone_chest2) {transformation: [-0.9396f,-0.0113f,-0.342f,-0.3271f,-0.0873f,0.9743f,0.2076f,2.4489f,0.3308f,0.2249f,-0.9165f,0.1227f,0f,0f,0f,1f],start_interpolation: 0,interpolation_duration: 1}
$data merge entity $(bone_chest1lid3) {transformation: [-0.9396f,-0.0113f,-0.342f,-0.4893f,-0.0873f,0.9743f,0.2076f,2.7395f,0.3308f,0.2249f,-0.9165f,-0.45f,0f,0f,0f,1f],start_interpolation: 0,interpolation_duration: 1}
$data merge entity $(bone_chest3) {transformation: [-0.9396f,-0.0113f,-0.342f,-0.4875f,-0.0873f,0.9743f,0.2076f,2.5873f,0.3308f,0.2249f,-0.9165f,-0.4852f,0f,0f,0f,1f],start_interpolation: 0,interpolation_duration: 1}
$data merge entity $(bone_hugeasssword2) {transformation: [1.3394f,2.6834f,-2.5191f,-1.4111f,-0.8129f,2.8301f,2.5826f,4.456f,3.5896f,-0.3603f,1.5248f,0.2656f,0f,0f,0f,1f],start_interpolation: 0,interpolation_duration: 1}
$data merge entity $(bone_belt) {transformation: [-0.9396f,-0.0113f,-0.342f,-0.0703f,-0.0873f,0.9743f,0.2076f,2.9656f,0.3308f,0.2249f,-0.9165f,-0.1403f,0f,0f,0f,1f],start_interpolation: 0,interpolation_duration: 1}
$data merge entity $(bone_torn_part) {transformation: [-0.9827f,-0.1687f,-0.0769f,-0.072f,-0.1827f,0.9513f,0.2483f,2.6481f,0.0313f,0.258f,-0.9656f,-0.0514f,0f,0f,0f,1f],start_interpolation: 0,interpolation_duration: 1}
$data merge entity $(bone_lowerbody) {transformation: [-0.9827f,-0.184f,-0.0226f,0.117f,-0.1827f,0.9819f,-0.0493f,2.1934f,0.0313f,-0.0443f,-0.9985f,0.1076f,0f,0f,0f,1f],start_interpolation: 0,interpolation_duration: 1}
$data merge entity $(bone_leftfoot) {transformation: [-0.9823f,-0.1034f,-0.1561f,0.5008f,-0.139f,0.9612f,0.2381f,0.2344f,0.1255f,0.2556f,-0.9586f,-0.1737f,0f,0f,0f,1f],start_interpolation: 0,interpolation_duration: 1}
$data merge entity $(bone_leftlowerleg) {transformation: [-0.9823f,-0.1034f,-0.1561f,0.4101f,-0.139f,0.9612f,0.2381f,1.2642f,0.1255f,0.2556f,-0.9586f,0.2571f,0f,0f,0f,1f],start_interpolation: 0,interpolation_duration: 1}
$data merge entity $(bone_leftleg) {transformation: [-0.998f,-0.0487f,0.0398f,0.3399f,-0.0591f,0.9431f,-0.3272f,2.2231f,-0.0216f,-0.3289f,-0.9441f,-0.0257f,0f,0f,0f,1f],start_interpolation: 0,interpolation_duration: 1}
$data merge entity $(bone_rightfoot) {transformation: [-0.9213f,0.1279f,0.3671f,-0.4467f,0.2432f,0.9264f,0.2876f,0.1987f,-0.3033f,0.3542f,-0.8846f,-0.2073f,0f,0f,0f,1f],start_interpolation: 0,interpolation_duration: 1}
$data merge entity $(bone_rightlowerleg) {transformation: [-0.9213f,0.1279f,0.3671f,-0.3612f,0.2432f,0.9264f,0.2876f,1.1822f,-0.3033f,0.3542f,-0.8846f,0.3216f,0f,0f,0f,1f],start_interpolation: 0,interpolation_duration: 1}
$data merge entity $(bone_rightleg) {transformation: [-0.9797f,0.1734f,0.1005f,-0.1763f,0.1228f,0.9156f,-0.3828f,2.1022f,-0.1584f,-0.3627f,-0.9184f,0.0138f,0f,0f,0f,1f],start_interpolation: 0,interpolation_duration: 1}
data modify entity @s data merge value {"cameras":{},"locators":{"lefthand":{"posx":0.9895213387068591,"posy":4.0943459736413,"posz":0.2522578769812508,"roty":133.94737015711095,"rotx":-17.14320147991502},"sword":{"posx":1.510109526244181,"posy":4.28816722089735,"posz":-1.953180726415591,"roty":215.76689240282218,"rotx":-26.92548328782063},"righthand":{"posx":-0.4115503547267644,"posy":2.6183517766760525,"posz":0.7145141463363069,"roty":215.76689240282218,"rotx":-26.92548328782063},"chest":{"posx":-0.304133844356548,"posy":2.5050627971313766,"posz":0.2972834943633442,"roty":339.53867011248246,"rotx":11.97922011802636}}}