# This file was generated by Animated Java via MC-Build. It is not recommended to edit this file directly.
$data merge entity $(bone_nose) {transformation: [-0.9351f,0.0053f,-0.3545f,-0.0647f,-0.075f,0.9743f,0.2125f,4.0602f,0.3465f,0.2253f,-0.9106f,0.2446f,0f,0f,0f,1f],start_interpolation: 0,interpolation_duration: 1}
$data merge entity $(bone_glowing_eye) {transformation: [-0.9351f,0.0053f,-0.3545f,-0.1688f,-0.075f,0.9743f,0.2125f,4.1093f,0.3465f,0.2253f,-0.9106f,0.335f,0f,0f,0f,1f],start_interpolation: 0,interpolation_duration: 1}
$data merge entity $(bone_head) {transformation: [-0.9351f,0.0053f,-0.3545f,-0.1317f,-0.075f,0.9743f,0.2125f,3.9796f,0.3465f,0.2253f,-0.9106f,0.0463f,0f,0f,0f,1f],start_interpolation: 0,interpolation_duration: 1}
$data merge entity $(bone_leftthumb2) {transformation: [-0.5772f,0.2936f,0.762f,0.8069f,-0.6764f,-0.6947f,-0.2447f,4.2039f,0.4575f,-0.6566f,0.5996f,0.033f,0f,0f,0f,1f],start_interpolation: 0,interpolation_duration: 1}
$data merge entity $(bone_leftthumb) {transformation: [-0.5772f,0.2936f,0.762f,0.9441f,-0.6764f,-0.6947f,-0.2447f,4.0127f,0.4575f,-0.6566f,0.5996f,-0.0768f,0f,0f,0f,1f],start_interpolation: 0,interpolation_duration: 1}
$data merge entity $(bone_leftpointerfinger) {transformation: [-0.3502f,0.5447f,0.762f,0.9466f,-0.9345f,-0.2585f,-0.2447f,4.3031f,0.0637f,-0.7978f,0.5996f,0.1167f,0f,0f,0f,1f],start_interpolation: 0,interpolation_duration: 1}
$data merge entity $(bone_leftmidfinger) {transformation: [-0.3869f,0.5193f,0.762f,1.0656f,-0.9145f,-0.3223f,-0.2447f,4.2649f,0.1186f,-0.7915f,0.5996f,0.2104f,0f,0f,0f,1f],start_interpolation: 0,interpolation_duration: 1}
$data merge entity $(bone_leftringfinger) {transformation: [-0.3869f,0.5193f,0.762f,1.1847f,-0.9145f,-0.3223f,-0.2447f,4.2267f,0.1186f,-0.7915f,0.5996f,0.3041f,0f,0f,0f,1f],start_interpolation: 0,interpolation_duration: 1}
$data merge entity $(bone_invisibility) {transformation: [0.3589f,-0.7335f,0.5772f,0.8466f,-0.7134f,0.1832f,0.6764f,4.108f,-0.6019f,-0.6545f,-0.4575f,0.112f,0f,0f,0f,1f],start_interpolation: 0,interpolation_duration: 1}
$data merge entity $(bone_swiftness) {transformation: [0.762f,0.2936f,0.5772f,0.9197f,-0.2447f,-0.6947f,0.6764f,4.1209f,0.5996f,-0.6566f,-0.4575f,0.3371f,0f,0f,0f,1f],start_interpolation: 0,interpolation_duration: 1}
$data merge entity $(bone_suspicious_stew) {transformation: [0.5882f,-0.5665f,0.5772f,0.9757f,-0.733f,-0.0719f,0.6764f,4.0946f,-0.3417f,-0.8209f,-0.4575f,0.2552f,0f,0f,0f,1f],start_interpolation: 0,interpolation_duration: 1}
$data merge entity $(bone_log) {transformation: [-0.5772f,0.2936f,0.762f,0.9941f,-0.6764f,-0.6947f,-0.2447f,3.9329f,0.4575f,-0.6566f,0.5996f,0.2441f,0f,0f,0f,1f],start_interpolation: 0,interpolation_duration: 1}
$data merge entity $(bone_planks) {transformation: [-0.5772f,0.2936f,0.762f,0.9399f,-0.6764f,-0.6947f,-0.2447f,3.8695f,0.4575f,-0.6566f,0.5996f,0.287f,0f,0f,0f,1f],start_interpolation: 0,interpolation_duration: 1}
$data merge entity $(bone_lefthand1) {transformation: [-0.5772f,0.2936f,0.762f,1.1879f,-0.6764f,-0.6947f,-0.2447f,3.936f,0.4575f,-0.6566f,0.5996f,-0.0532f,0f,0f,0f,1f],start_interpolation: 0,interpolation_duration: 1}
$data merge entity $(bone_leftforearm) {transformation: [0.3583f,0.3589f,0.8619f,1.4813f,-0.5898f,-0.6286f,0.5069f,3.4493f,0.7237f,-0.69f,-0.0135f,-0.4813f,0f,0f,0f,1f],start_interpolation: 0,interpolation_duration: 1}
$data merge entity $(bone_leftelbow) {transformation: [0.3583f,0.3589f,0.8619f,1.5486f,-0.5898f,-0.6286f,0.5069f,3.3315f,0.7237f,-0.69f,-0.0135f,-0.6106f,0f,0f,0f,1f],start_interpolation: 0,interpolation_duration: 1}
$data merge entity $(bone_leftarm) {transformation: [-0.0082f,-0.9724f,-0.2332f,0.8347f,-0.2935f,0.2253f,-0.929f,3.6303f,0.9559f,0.0608f,-0.2872f,-0.2007f,0f,0f,0f,1f],start_interpolation: 0,interpolation_duration: 1}
$data merge entity $(bone_rightthumb2) {transformation: [0.1112f,-0.8902f,-0.4418f,-0.1252f,0.7815f,0.353f,-0.5145f,2.6747f,0.614f,-0.2881f,0.7349f,0.4252f,0f,0f,0f,1f],start_interpolation: 0,interpolation_duration: 1}
$data merge entity $(bone_rightthumb) {transformation: [0.1112f,-0.8902f,-0.4418f,-0.3812f,0.7815f,0.353f,-0.5145f,2.7173f,0.614f,-0.2881f,0.7349f,0.4174f,0f,0f,0f,1f],start_interpolation: 0,interpolation_duration: 1}
$data merge entity $(bone_rightpointerfinger) {transformation: [0.1219f,-0.8888f,-0.4418f,-0.0977f,0.7772f,0.3623f,-0.5145f,2.6628f,0.6174f,-0.2807f,0.7349f,0.6135f,0f,0f,0f,1f],start_interpolation: 0,interpolation_duration: 1}
$data merge entity $(bone_rightmidfinger) {transformation: [0.1605f,-0.8826f,-0.4418f,-0.1667f,0.7606f,0.3959f,-0.5145f,2.5824f,0.629f,-0.2535f,0.7349f,0.7283f,0f,0f,0f,1f],start_interpolation: 0,interpolation_duration: 1}
$data merge entity $(bone_rightringfinger) {transformation: [0.1636f,-0.8821f,-0.4418f,-0.2358f,0.7592f,0.3985f,-0.5145f,2.502f,0.6299f,-0.2512f,0.7349f,0.8431f,0f,0f,0f,1f],start_interpolation: 0,interpolation_duration: 1}
$data merge entity $(bone_hugeasssword) {transformation: [0.4354f,-3.4866f,-1.7304f,-0.3702f,3.0607f,1.3824f,-2.0153f,2.4546f,2.4047f,-1.1282f,2.8783f,0.4952f,0f,0f,0f,1f],start_interpolation: 0,interpolation_duration: 1}
$data merge entity $(bone_ice) {transformation: [0.1112f,-0.8902f,-0.4418f,-0.358f,0.7815f,0.353f,-0.5145f,2.4368f,0.614f,-0.2881f,0.7349f,0.4901f,0f,0f,0f,1f],start_interpolation: 0,interpolation_duration: 1}
$data merge entity $(bone_righthand1) {transformation: [0.1112f,-0.8902f,-0.4418f,-0.5666f,0.7815f,0.353f,-0.5145f,2.7044f,0.614f,-0.2881f,0.7349f,0.5946f,0f,0f,0f,1f],start_interpolation: 0,interpolation_duration: 1}
$data merge entity $(bone_rightforearm) {transformation: [-0.1144f,-0.9648f,-0.2367f,-1.2197f,0.3889f,0.1758f,-0.9044f,2.8467f,0.9142f,-0.1955f,0.3551f,0.3758f,0f,0f,0f,1f],start_interpolation: 0,interpolation_duration: 1}
$data merge entity $(bone_rightelbow) {transformation: [-0.1144f,-0.9648f,-0.2367f,-1.4006f,0.3889f,0.1758f,-0.9044f,2.8796f,0.9142f,-0.1955f,0.3551f,0.3391f,0f,0f,0f,1f],start_interpolation: 0,interpolation_duration: 1}
$data merge entity $(bone_rightarm) {transformation: [-0.5139f,0.2785f,-0.8114f,-0.9161f,0.2105f,0.9579f,0.1954f,3.395f,0.8316f,-0.0704f,-0.5509f,0.1844f,0f,0f,0f,1f],start_interpolation: 0,interpolation_duration: 1}
$data merge entity $(bone_chest1) {transformation: [-1.013f,0.0057f,-0.384f,-0.1663f,-0.0813f,1.0555f,0.2302f,3.3571f,0.3753f,0.2441f,-0.9865f,-0.1752f,0f,0f,0f,1f],start_interpolation: 0,interpolation_duration: 1}
$data merge entity $(bone_chest1lid) {transformation: [-0.9351f,0.0053f,-0.3545f,-0.3505f,-0.075f,0.9743f,0.2125f,2.5825f,0.3465f,0.2253f,-0.9106f,0.1455f,0f,0f,0f,1f],start_interpolation: 0,interpolation_duration: 1}
$data merge entity $(bone_chest2) {transformation: [-0.9351f,0.0053f,-0.3545f,-0.3513f,-0.075f,0.9743f,0.2125f,2.4302f,0.3465f,0.2253f,-0.9106f,0.1103f,0f,0f,0f,1f],start_interpolation: 0,interpolation_duration: 1}
$data merge entity $(bone_chest1lid3) {transformation: [-0.9351f,0.0053f,-0.3545f,-0.5191f,-0.075f,0.9743f,0.2125f,2.7233f,0.3465f,0.2253f,-0.9106f,-0.4596f,0f,0f,0f,1f],start_interpolation: 0,interpolation_duration: 1}
$data merge entity $(bone_chest3) {transformation: [-0.9351f,0.0053f,-0.3545f,-0.5199f,-0.075f,0.9743f,0.2125f,2.571f,0.3465f,0.2253f,-0.9106f,-0.4948f,0f,0f,0f,1f],start_interpolation: 0,interpolation_duration: 1}
$data merge entity $(bone_hugeasssword2) {transformation: [1.3883f,2.7141f,-2.459f,-1.4061f,-0.8322f,2.7947f,2.6148f,4.4514f,3.5665f,-0.4044f,1.5673f,0.2718f,0f,0f,0f,1f],start_interpolation: 0,interpolation_duration: 1}
$data merge entity $(bone_belt) {transformation: [-0.9351f,0.0053f,-0.3545f,-0.0921f,-0.075f,0.9743f,0.2125f,2.9436f,0.3465f,0.2253f,-0.9106f,-0.1568f,0f,0f,0f,1f],start_interpolation: 0,interpolation_duration: 1}
$data merge entity $(bone_torn_part) {transformation: [-0.9766f,-0.194f,-0.0932f,-0.077f,-0.2101f,0.9534f,0.2166f,2.625f,0.0469f,0.2311f,-0.9718f,-0.0546f,0f,0f,0f,1f],start_interpolation: 0,interpolation_duration: 1}
$data merge entity $(bone_lowerbody) {transformation: [-0.9766f,-0.2131f,-0.0306f,0.1268f,-0.2101f,0.9744f,-0.0801f,2.181f,0.0469f,-0.0718f,-0.9963f,0.116f,0f,0f,0f,1f],start_interpolation: 0,interpolation_duration: 1}
$data merge entity $(bone_leftfoot) {transformation: [-0.9823f,-0.098f,-0.1597f,0.4979f,-0.1369f,0.9574f,0.2543f,0.24f,0.128f,0.2717f,-0.9538f,-0.1826f,0f,0f,0f,1f],start_interpolation: 0,interpolation_duration: 1}
$data merge entity $(bone_leftlowerleg) {transformation: [-0.9823f,-0.098f,-0.1597f,0.4137f,-0.1369f,0.9574f,0.2543f,1.263f,0.128f,0.2717f,-0.9538f,0.2654f,0f,0f,0f,1f],start_interpolation: 0,interpolation_duration: 1}
$data merge entity $(bone_leftleg) {transformation: [-0.9982f,-0.0516f,0.0313f,0.3409f,-0.0591f,0.9398f,-0.3364f,2.216f,-0.012f,-0.3377f,-0.9412f,-0.0241f,0f,0f,0f,1f],start_interpolation: 0,interpolation_duration: 1}
$data merge entity $(bone_rightfoot) {transformation: [-0.9206f,0.1371f,0.3657f,-0.4425f,0.2615f,0.9119f,0.3163f,0.2026f,-0.2901f,0.3869f,-0.8753f,-0.2181f,0f,0f,0f,1f],start_interpolation: 0,interpolation_duration: 1}
$data merge entity $(bone_rightlowerleg) {transformation: [-0.9206f,0.1371f,0.3657f,-0.3466f,0.2615f,0.9119f,0.3163f,1.1656f,-0.2901f,0.3869f,-0.8753f,0.3456f,0f,0f,0f,1f],start_interpolation: 0,interpolation_duration: 1}
$data merge entity $(bone_rightleg) {transformation: [-0.9805f,0.1648f,0.1066f,-0.1682f,0.1098f,0.9109f,-0.3977f,2.0784f,-0.1627f,-0.3783f,-0.9113f,0.0263f,0f,0f,0f,1f],start_interpolation: 0,interpolation_duration: 1}
data modify entity @s data merge value {"cameras":{},"locators":{"lefthand":{"posx":1.013321542245892,"posy":4.054437251513902,"posz":0.2431376101490788,"roty":128.19778862579577,"rotx":-14.161514637673395},"sword":{"posx":1.3024018354534124,"posy":4.410004208116225,"posz":-2.1691664409733185,"roty":211.01391519551115,"rotx":-30.966751868059294},"righthand":{"posx":-0.3267583190106339,"posy":2.5126358077614777,"posz":0.540720382206194,"roty":211.01391519551115,"rotx":-30.966751868059294},"chest":{"posx":-0.32462645916084804,"posy":2.48601975657766,"posz":0.2844812274116082,"roty":338.7311748993347,"rotx":12.268076806567247}}}