# This file was generated by Animated Java via MC-Build. It is not recommended to edit this file directly.
$data merge entity $(bone_nose) { transformation: [-0.9950046757528587f,0.006649711500469789f,0.09960660905235616f,-0.8226124036883378f,0.028419456474172988f,0.9753609648432733f,0.21877687892853656f,2.5351173818449775f,-0.09569759518222476f,0.22051478317101436f,-0.9706777017524302f,1.2637496784309956f,0f,0f,0f,1f], start_interpolation: 0, interpolation_duration: 1 }
$data merge entity $(bone_glowing_eye) { transformation: [-0.9950046757528587f,0.004709868862349226f,0.0997171618391131f,-0.9501487844533816f,0.028419456474172988f,0.9709182994827892f,0.23771830014359746f,2.596113542832969f,-0.09569759518222476f,0.2393647276955157f,-0.9662020996725224f,1.3017106420810014f,0f,0f,0f,1f], start_interpolation: 0, interpolation_duration: 1 }
$data merge entity $(bone_head) { transformation: [-0.9950046757528587f,0.004709868862349226f,0.0997171618391131f,-0.8045214264369374f,0.028419456474172988f,0.9709182994827892f,0.23771830014359746f,2.4597453646379184f,-0.09569759518222476f,0.2393647276955157f,-0.9662020996725224f,1.0532674956957493f,0f,0f,0f,1f], start_interpolation: 0, interpolation_duration: 1 }
$data merge entity $(bone_leftthumb2) { transformation: [-0.48375005384866476f,-0.6353755175492145f,0.6019001886529703f,1.1071259623861558f,-0.8743050465035024f,0.31962715110447276f,-0.36527957776934017f,1.0874560971077856f,0.03970605822695945f,-0.702948387846438f,-0.7101316729763372f,2.3410344880372445f,0f,0f,0f,1f], start_interpolation: 0, interpolation_duration: 1 }
$data merge entity $(bone_leftthumb) { transformation: [-0.48375005384866476f,-0.6353755175492145f,0.6019001886529703f,1.0027417673954038f,-0.8743050465035024f,0.31962715110447276f,-0.36527957776934017f,1.1346263791953008f,0.03970605822695945f,-0.702948387846438f,-0.7101316729763372f,2.107955590587439f,0f,0f,0f,1f], start_interpolation: 0, interpolation_duration: 1 }
$data merge entity $(bone_leftpointerfinger) { transformation: [-0.23726513032857288f,-0.7625099480201446f,0.6019001886529703f,1.2923485925740457f,-0.9308969245467487f,0.0013213379802122782f,-0.36527957776934017f,1.1082533544925286f,0.2777339982781558f,-0.6469751411269665f,-0.7101316729763372f,2.300980258060212f,0f,0f,0f,1f], start_interpolation: 0, interpolation_duration: 1 }
$data merge entity $(bone_leftmidfinger) { transformation: [-0.48375005384866476f,-0.6353755175492145f,0.6019001886529703f,1.3863954970510723f,-0.8743050465035024f,0.31962715110447276f,-0.36527957776934017f,1.051178420466069f,0.03970605822695945f,-0.702948387846438f,-0.7101316729763372f,2.1900221841576593f,0f,0f,0f,1f], start_interpolation: 0, interpolation_duration: 1 }
$data merge entity $(bone_leftringfinger) { transformation: [-0.6900744574984928f,-0.40188730510888115f,0.6019001886529703f,1.4804424015280988f,-0.6854365223741797f,0.6298790390703943f,-0.36527957776934017f,0.9941034864396097f,-0.23232308732399198f,-0.6646344785911108f,-0.7101316729763372f,2.0790641102551066f,0f,0f,0f,1f], start_interpolation: 0, interpolation_duration: 1 }
$data merge entity $(bone_invisibility) { transformation: [-0.5804986638778211f,-0.6549864018721899f,0.4837500538486647f,1.1133418793500705f,0.28657466038540697f,0.3917469204518364f,0.874305046503502f,0.9906953647304655f,-0.7621655104116511f,0.6461634187100229f,-0.03970605822695964f,2.2537317788375733f,0f,0f,0f,1f], start_interpolation: 0, interpolation_duration: 1 }
$data merge entity $(bone_swiftness) { transformation: [0.6019001886529702f,-0.6353755175492145f,0.4837500538486649f,1.287043517237168f,-0.36527957776934034f,0.31962715110447276f,0.8743050465035023f,0.833385994905821f,-0.7101316729763372f,-0.702948387846438f,-0.039706058226959606f,2.2178411797168547f,0f,0f,0f,1f], start_interpolation: 0, interpolation_duration: 1 }
$data merge entity $(bone_suspicious_stew) { transformation: [-0.3214717677773774f,-0.814028124774262f,0.4837500538486648f,1.2559813921076217f,0.13530675578806844f,0.46613599678271683f,0.8743050465035026f,0.907222921190692f,-0.9372022110303604f,0.3465190392747296f,-0.03970605822695953f,2.153532795834812f,0f,0f,0f,1f], start_interpolation: 0, interpolation_duration: 1 }
$data merge entity $(bone_log) { transformation: [-0.48375005384866476f,-0.6353755175492145f,0.6019001886529703f,1.1594219562087655f,-0.8743050465035024f,0.31962715110447276f,-0.36527957776934017f,0.8480877367611099f,0.03970605822695945f,-0.702948387846438f,-0.7101316729763372f,2.036099268142019f,0f,0f,0f,1f], start_interpolation: 0, interpolation_duration: 1 }
$data merge entity $(bone_planks) { transformation: [-0.48375005384866476f,-0.6353755175492145f,0.6019001886529703f,1.1140703886604533f,-0.8743050465035024f,0.31962715110447276f,-0.36527957776934017f,0.7661216386514067f,0.03970605822695945f,-0.702948387846438f,-0.7101316729763372f,2.0398217111007964f,0f,0f,0f,1f], start_interpolation: 0, interpolation_duration: 1 }
$data merge entity $(bone_lefthand1) { transformation: [-0.48375005384866476f,-0.6353755175492145f,0.6019001886529703f,1.1027062093882227f,-0.8743050465035024f,0.31962715110447276f,-0.36527957776934017f,1.1579857729683956f,0.03970605822695945f,-0.702948387846438f,-0.7101316729763372f,1.8726272714041798f,0f,0f,0f,1f], start_interpolation: 0, interpolation_duration: 1 }
$data merge entity $(bone_leftforearm) { transformation: [-0.7711070949404117f,-0.44299269818360465f,0.45733064350485886f,0.7201419665912802f,-0.5877750258605101f,0.7714068788003979f,-0.24382769800435952f,1.6633406040497456f,-0.2447741144550124f,-0.45682479868702186f,-0.8552173619597107f,1.5317208311862867f,0f,0f,0f,1f], start_interpolation: 0, interpolation_duration: 1 }
$data merge entity $(bone_leftelbow) { transformation: [-0.7711070949404117f,-0.44299269818360465f,0.45733064350485886f,0.6370808356818543f,-0.5877750258605101f,0.7714068788003979f,-0.24382769800435952f,1.8079793938248203f,-0.2447741144550124f,-0.45682479868702186f,-0.8552173619597107f,1.44606618143247f,0f,0f,0f,1f], start_interpolation: 0, interpolation_duration: 1 }
$data merge entity $(bone_leftarm) { transformation: [-0.7423754003329079f,-0.6363256463973215f,0.2096865201141583f,0.10926352963371322f,-0.6587839919857745f,0.7502805710924274f,-0.05552221667502441f,2.0374760352603865f,-0.12199351164648749f,-0.1793564506179022f,-0.9761909888632996f,1.4160174135705614f,0f,0f,0f,1f], start_interpolation: 0, interpolation_duration: 1 }
$data merge entity $(bone_rightthumb2) { transformation: [-0.6536489408773409f,0.28379529138871945f,0.7015720167420605f,-1.5331120422297044f,0.6367711710571753f,0.7072147333813932f,0.30719667413362167f,1.85540448659775f,-0.408981097118686f,0.6475396153702694f,-0.6429828214857061f,-1.3209614022976406f,0f,0f,0f,1f], start_interpolation: 0, interpolation_duration: 1 }
$data merge entity $(bone_rightthumb) { transformation: [-0.6536489408773409f,0.28379529138871945f,0.7015720167420605f,-1.4035587848605717f,0.6367711710571753f,0.7072147333813932f,0.30719667413362167f,2.05509585562881f,-0.408981097118686f,0.6475396153702694f,-0.6429828214857061f,-1.217104872642312f,0f,0f,0f,1f], start_interpolation: 0, interpolation_duration: 1 }
$data merge entity $(bone_rightpointerfinger) { transformation: [-0.20305807308242144f,0.49155244114527546f,0.8468433246830103f,-1.5465136412339098f,0.9755597802710781f,0.17572719023161765f,0.1319206948539402f,2.0936557567951644f,-0.08396745841991154f,0.852933849848522f,-0.5152216161120176f,-1.5331795709911664f,0f,0f,0f,1f], start_interpolation: 0, interpolation_duration: 1 }
$data merge entity $(bone_rightmidfinger) { transformation: [-0.13989522009864216f,0.5131137406398097f,0.8468433246830103f,-1.4141943717521894f,0.9898869668908473f,0.05216055069582787f,0.1319206948539402f,2.1142683653660925f,0.02351850703575664f,0.8567342447443839f,-0.5152216161120176f,-1.6136829485086692f,0f,0f,0f,1f], start_interpolation: 0, interpolation_duration: 1 }
$data merge entity $(bone_rightringfinger) { transformation: [-0.11738036383190663f,0.5187275138514581f,0.8468433246830103f,-1.281875102270469f,0.9912200251053509f,0.008932642352687759f,0.1319206948539402f,2.1348809739370207f,0.06086634551898695f,0.8548929607115057f,-0.5152216161120176f,-1.694186326026172f,0f,0f,0f,1f], start_interpolation: 0, interpolation_duration: 1 }
$data merge entity $(bone_hugeasssword) { transformation: [-0.8885787231617899f,1.8840178730385517f,3.3168030216751236f,-1.269455272198028f,3.7826805355161945f,0.87443571527529f,0.5166893881779325f,1.9010186544882686f,-0.49196910141680417f,3.3205596835021742f,-2.017951329772069f,-1.4000578077930335f,0f,0f,0f,1f], start_interpolation: 0, interpolation_duration: 1 }
$data merge entity $(bone_ice) { transformation: [-0.22687116336045698f,0.4810258399247366f,0.8468433246830103f,-1.2734264390193448f,0.9657907750254113f,0.22326018262347827f,0.1319206948539402f,1.8824397332750047f,-0.12560913227663084f,0.8478024723835338f,-0.5152216161120176f,-1.4113420787322037f,0f,0f,0f,1f], start_interpolation: 0, interpolation_duration: 1 }
$data merge entity $(bone_righthand1) { transformation: [-0.22687116336045698f,0.4810258399247366f,0.8468433246830103f,-1.1834239159819309f,0.9657907750254113f,0.22326018262347827f,0.1319206948539402f,2.1838249944014128f,-0.12560913227663084f,0.8478024723835338f,-0.5152216161120176f,-1.2468944192089786f,0f,0f,0f,1f], start_interpolation: 0, interpolation_duration: 1 }
$data merge entity $(bone_rightforearm) { transformation: [-0.5722106429924042f,0.04342119244590864f,0.8189563969423491f,-1.0827508452458923f,0.743577297154696f,0.44868873534462067f,0.49575318650611017f,2.437450149173691f,-0.3459303155294955f,0.892632633742135f,-0.2890314826731568f,-0.5902883215605158f,0f,0f,0f,1f], start_interpolation: 0, interpolation_duration: 1 }
$data merge entity $(bone_rightelbow) { transformation: [-0.5722106429924042f,0.04342119244590864f,0.8189563969423491f,-1.0746093716622844f,0.743577297154696f,0.44868873534462067f,0.49575318650611017f,2.521579287050807f,-0.3459303155294955f,0.892632633742135f,-0.2890314826731568f,-0.4229197027338655f,0f,0f,0f,1f], start_interpolation: 0, interpolation_duration: 1 }
$data merge entity $(bone_rightarm) { transformation: [-0.4737151381529663f,-0.2782103649382538f,0.8355794161691871f,-1.1858635156419566f,0.84433075492657f,0.1262924079815721f,0.5207262274663575f,2.3339326388116532f,-0.2503987703041782f,0.9521812960393309f,0.17507494196205112f,0.10947632643301763f,0f,0f,0f,1f], start_interpolation: 0, interpolation_duration: 1 }
$data merge entity $(bone_chest1) { transformation: [-0.8211237186069769f,-0.6497389619748307f,0.27271186622076815f,-0.3942882344129747f,0.15632013983499116f,0.24840642203968316f,1.0234965346183613f,2.3777606835196545f,-0.6891523516132917f,0.8305086645498789f,-0.09277637976218044f,0.5422269705157898f,0f,0f,0f,1f], start_interpolation: 0, interpolation_duration: 1 }
$data merge entity $(bone_chest1lid) { transformation: [-0.7579603556372094f,-0.5997590418229207f,0.256486239463186f,-0.34077532266047106f,0.144295513693838f,0.22929823572893832f,0.9626012278297944f,1.9040023353848126f,-0.6361406322584231f,0.7666233826614267f,-0.08725643326772828f,-0.1657120008326458f,0f,0f,0f,1f], start_interpolation: 0, interpolation_duration: 1 }
$data merge entity $(bone_chest2) { transformation: [-0.7579603556372094f,-0.5997590418229207f,0.256486239463186f,-0.2470629723756397f,0.144295513693838f,0.22929823572893832f,0.9626012278297944f,1.8681744860521659f,-0.6361406322584231f,0.7666233826614267f,-0.08725643326772828f,-0.28549690437349373f,0f,0f,0f,1f], start_interpolation: 0, interpolation_duration: 1 }
$data merge entity $(bone_chest1lid3) { transformation: [-0.7579603556372094f,-0.5997590418229207f,0.256486239463186f,-0.12909130327704194f,0.144295513693838f,0.22929823572893832f,0.9626012278297944f,2.51165027735741f,-0.6361406322584231f,0.7666233826614267f,-0.08725643326772828f,-0.18185186387863284f,0f,0f,0f,1f], start_interpolation: 0, interpolation_duration: 1 }
$data merge entity $(bone_chest3) { transformation: [-0.7579603556372094f,-0.5997590418229207f,0.256486239463186f,-0.03537895299221058f,0.144295513693838f,0.22929823572893832f,0.9626012278297944f,2.475822428024763f,-0.6361406322584231f,0.7666233826614267f,-0.08725643326772828f,-0.30163676741948076f,0f,0f,0f,1f], start_interpolation: 0, interpolation_duration: 1 }
$data merge entity $(bone_hugeasssword2) { transformation: [-1.0045711045641461f,0.6017396559070805f,-3.7375157605234754f,-1.953320403113155f,-3.7701881423333616f,0.1900595033093573f,1.043952362126021f,3.0869912051569193f,0.3417543636319354f,3.8654966756535187f,0.5304876843319761f,0.623925076012255f,0f,0f,0f,1f], start_interpolation: 0, interpolation_duration: 1 }
$data merge entity $(bone_belt) { transformation: [-0.7579603556372094f,-0.5997590418229207f,0.256486239463186f,-0.1619203425144001f,0.144295513693838f,0.22929823572893832f,0.9626012278297944f,2.1661693374158197f,-0.6361406322584231f,0.7666233826614267f,-0.08725643326772828f,0.2677144286249027f,0f,0f,0f,1f], start_interpolation: 0, interpolation_duration: 1 }
$data merge entity $(bone_torn_part) { transformation: [-0.6596643151358198f,-0.7106139598414996f,0.24468508621240764f,-0.051230063770072054f,0.13203430037545438f,0.21092986969767702f,0.9685429952220426f,2.060667335131589f,-0.7398715664632303f,0.6712200757931074f,-0.04531749101110205f,-0.043595323546939346f,0f,0f,0f,1f], start_interpolation: 0, interpolation_duration: 1 }
$data merge entity $(bone_lowerbody) { transformation: [-0.6596643151358198f,-0.521433791254146f,0.5412483650550064f,0.1916835715548636f,0.13203430037545438f,0.6285609910149765f,0.7664711502063435f,1.6330738085937502f,-0.7398715664632303f,0.577077015581628f,-0.34579210983862474f,-0.20449111195292474f,0f,0f,0f,1f], start_interpolation: 0, interpolation_duration: 1 }
$data merge entity $(bone_leftfoot) { transformation: [-0.9681224636665968f,-0.03915382703521118f,0.24736162195469383f,0.33356227398344607f,-0.05015526829999433f,0.998010187286803f,-0.03834802680394833f,0.13498168064797333f,-0.24536384785316326f,-0.04950966633977101f,-0.9681699335725812f,0.5054236506339218f,0f,0f,0f,1f], start_interpolation: 0, interpolation_duration: 1 }
$data merge entity $(bone_leftlowerleg) { transformation: [-0.9681224636665968f,-0.04155921167576859f,0.24696887680930318f,0.24951183609772692f,-0.05015526829999433f,0.9983361176901443f,-0.028633917010537357f,1.2469102872857594f,-0.24536384785316326f,-0.04008542314661673f,-0.9686058982817358f,0.6097759429508276f,0f,0f,0f,1f], start_interpolation: 0, interpolation_duration: 1 }
$data merge entity $(bone_leftleg) { transformation: [-0.9290427446828473f,0.35351000595528054f,0.1090457141512491f,0.5454535205687446f,0.04395311157143897f,0.39813773205044795f,-0.9162886246857269f,1.5615655314280612f,-0.36732506399012677f,-0.8464614711297993f,-0.38544025334256904f,-0.13941807624901625f,0f,0f,0f,1f], start_interpolation: 0, interpolation_duration: 1 }
$data merge entity $(bone_rightfoot) { transformation: [-0.45469617667522666f,-0.03729175595308169f,0.8898680231965108f,-0.28399221744826425f,0.09337091118878989f,0.991610534645623f,0.08926124169333194f,0.21402677517408875f,-0.8857385789059147f,0.12367637022520109f,-0.44740338585340705f,-0.2557666379955754f,0f,0f,0f,1f], start_interpolation: 0, interpolation_duration: 1 }
$data merge entity $(bone_rightlowerleg) { transformation: [-0.45469617667522666f,-0.04594988136088274f,0.8894629740313258f,-0.47162996164239535f,0.09337091118878989f,0.9906949183313117f,0.09890702948390145f,1.2978823178359402f,-0.8857385789059147f,0.12802449045196232f,-0.4461786235014953f,-0.045186075430902806f,0f,0f,0f,1f], start_interpolation: 0, interpolation_duration: 1 }
$data merge entity $(bone_rightleg) { transformation: [-0.5860773649287174f,0.7547648022858008f,0.2946727370824256f,0.2066935341529612f,0.07609820175815268f,0.41334186267792317f,-0.9073886439480909f,1.6776257864873f,-0.8066736552084657f,-0.5093707862534137f,-0.29968955079281f,-0.48498567667054343f,0f,0f,0f,1f], start_interpolation: 0, interpolation_duration: 1 }
data modify entity @s data merge value {"locators":{"lefthand":{"posx":1.2450075456179075,"posy":0.9107904570934222,"posz":2.0983904753739995,"roty":40.28426214037438,"rotx":-21.424789406485935},"righthand":{"posx":-1.3154435662813837,"posy":1.9674329172230525,"posz":-1.4283145107623803,"roty":58.6835632943683,"rotx":7.580596051175174},"chest":{"posx":-0.3670526185763241,"posy":1.7437739886062809,"posz":-0.21987153930897815,"roty":71.21173278069473,"rotx":74.28084537043522},"sack":{"posx":0,"posy":-0.4375,"posz":0,"roty":0,"rotx":0}},"cameras":{}}