# This file was generated by Animated Java via MC-Build. It is not recommended to edit this file directly.
$data merge entity $(bone_nose) { transformation: [-0.9954619453695351f,0.007683717295400589f,0.09484975387224275f,-0.816511846820873f,0.028419456474172933f,0.9752520724037952f,0.21926178364187265f,2.5359952509762698f,-0.09081767347170504f,0.22096234014109092f,-0.9710446922899891f,1.2601440737505056f,0f,0f,0f,1f], start_interpolation: 0, interpolation_duration: 1 }
$data merge entity $(bone_glowing_eye) { transformation: [-0.9954619453695351f,0.006389730199256843f,0.09494570379475509f,-0.9438251430160002f,0.028419456474172933f,0.9721717864173917f,0.2325389261773826f,2.597257020705975f,-0.09081767347170504f,0.23418195712308482f,-0.9679416103997123f,1.2984248132505816f,0f,0f,0f,1f], start_interpolation: 0, interpolation_duration: 1 }
$data merge entity $(bone_head) { transformation: [-0.9954619453695351f,0.006389730199256843f,0.09494570379475509f,-0.7995217729738835f,0.028419456474172933f,0.9721717864173917f,0.2325389261773826f,2.459498593447629f,-0.09081767347170504f,0.23418195712308482f,-0.9679416103997123f,1.0499761112481651f,0f,0f,0f,1f], start_interpolation: 0, interpolation_duration: 1 }
$data merge entity $(bone_leftthumb2) { transformation: [-0.4866791626314532f,-0.6180966547881965f,0.6173329069472879f,1.085425345686243f,-0.8720601818990115f,0.30207017434146477f,-0.3850514886603869f,1.1289846340099716f,0.051521178233909795f,-0.7257479831959288f,-0.6860287407102061f,2.395469758419143f,0f,0f,0f,1f], start_interpolation: 0, interpolation_duration: 1 }
$data merge entity $(bone_leftthumb) { transformation: [-0.4866791626314532f,-0.6180966547881965f,0.6173329069472879f,0.9865975037197967f,-0.8720601818990115f,0.30207017434146477f,-0.3850514886603869f,1.1701595411487133f,0.051521178233909795f,-0.7257479831959288f,-0.6860287407102061f,2.158859207540973f,0f,0f,0f,1f], start_interpolation: 0, interpolation_duration: 1 }
$data merge entity $(bone_leftpointerfinger) { transformation: [-0.24592731135526633f,-0.7472749423937494f,0.6173329069472879f,1.271578481998143f,-0.9227826021343957f,-0.014409034613521277f,-0.3850514886603869f,1.1483750590571689f,0.2966345002315871f,-0.6643587435956007f,-0.6860287407102061f,2.359202538437012f,0f,0f,0f,1f], start_interpolation: 0, interpolation_duration: 1 }
$data merge entity $(bone_leftmidfinger) { transformation: [-0.4866791626314532f,-0.6180966547881965f,0.6173329069472879f,1.3680367487086569f,-0.8720601818990115f,0.30207017434146477f,-0.3850514886603869f,1.0882107639539833f,0.051521178233909795f,-0.7257479831959288f,-0.6860287407102061f,2.2520105477010426f,0f,0f,0f,1f], start_interpolation: 0, interpolation_duration: 1 }
$data merge entity $(bone_leftringfinger) { transformation: [-0.6861682666426585f,-0.384802796056137f,0.6173329069472879f,1.4644950154191705f,-0.6900813020424535f,0.6127994350942336f,-0.3850514886603869f,1.028046468850798f,-0.23013236718028424f,-0.6902200087621101f,-0.6860287407102061f,2.1448185569650726f,0f,0f,0f,1f], start_interpolation: 0, interpolation_duration: 1 }
$data merge entity $(bone_invisibility) { transformation: [-0.5619405023806835f,-0.6688544418963611f,0.48667916263145317f,1.0934301640451838f,0.26736125764032875f,0.40991340190245623f,0.8720601818990111f,1.0299355592903392f,-0.7827776374533999f,0.6201650897110078f,-0.051521178233909976f,2.3109224718410095f,0f,0f,0f,1f], start_interpolation: 0, interpolation_duration: 1 }
$data merge entity $(bone_swiftness) { transformation: [0.6173329069472878f,-0.6180966547881965f,0.48667916263145333f,1.2675330298749423f,-0.3850514886603871f,0.30207017434146477f,0.8720601818990114f,0.8714133866651212f,-0.6860287407102061f,-0.7257479831959288f,-0.05152117823390995f,2.2832539908458953f,0f,0f,0f,1f], start_interpolation: 0, interpolation_duration: 1 }
$data merge entity $(bone_suspicious_stew) { transformation: [-0.2992896513264508f,-0.8207125545946274f,0.4866791626314533f,1.238153364790997f,0.11103876041886662f,0.4766355345868629f,0.8720601818990117f,0.9435788657442605f,-0.9476793224997225f,0.31503883871652505f,-0.05152117823390989f,2.216311519670155f,0f,0f,0f,1f], start_interpolation: 0, interpolation_duration: 1 }
$data merge entity $(bone_log) { transformation: [-0.4866791626314532f,-0.6180966547881965f,0.6173329069472879f,1.1442025914589278f,-0.8720601818990115f,0.30207017434146477f,-0.3850514886603869f,0.8815327069529556f,0.051521178233909795f,-0.7257479831959288f,-0.6860287407102061f,2.0982655350093022f,0f,0f,0f,1f], start_interpolation: 0, interpolation_duration: 1 }
$data merge entity $(bone_planks) { transformation: [-0.4866791626314532f,-0.6180966547881965f,0.6173329069472879f,1.098576419962229f,-0.8720601818990115f,0.30207017434146477f,-0.3850514886603869f,0.7997770648999232f,0.051521178233909795f,-0.7257479831959288f,-0.6860287407102061f,2.103095645468731f,0f,0f,0f,1f], start_interpolation: 0, interpolation_duration: 1 }
$data merge entity $(bone_lefthand1) { transformation: [-0.4866791626314532f,-0.6180966547881965f,0.6173329069472879f,1.0920565650776393f,-0.8720601818990115f,0.30207017434146477f,-0.3850514886603869f,1.1870981550337116f,0.051521178233909795f,-0.7257479831959288f,-0.6860287407102061f,1.9253866427990365f,0f,0f,0f,1f], start_interpolation: 0, interpolation_duration: 1 }
$data merge entity $(bone_leftforearm) { transformation: [-0.7648968035751001f,-0.43433409757378083f,0.47569609160194326f,0.7160674125073014f,-0.5964206134414803f,0.7565082630866621f,-0.2682866000076968f,1.6812581628723722f,-0.2433420057094188f,-0.4889265175528641f,-0.8376965612266447f,1.5615265736125041f,0f,0f,0f,1f], start_interpolation: 0, interpolation_duration: 1 }
$data merge entity $(bone_leftelbow) { transformation: [-0.7648968035751001f,-0.43433409757378083f,0.47569609160194326f,0.6346297692122175f,-0.5964206134414803f,0.7565082630866621f,-0.2682866000076968f,1.8231034622011213f,-0.2433420057094188f,-0.4889265175528641f,-0.8376965612266447f,1.469852851571342f,0f,0f,0f,1f], start_interpolation: 0, interpolation_duration: 1 }
$data merge entity $(bone_leftarm) { transformation: [-0.738669439378996f,-0.6334701981521966f,0.23039741183558593f,0.10723540443012358f,-0.6636742513341619f,0.7432687545727688f,-0.0841905374248488f,2.050502448751468f,-0.1179150009267663f,-0.2150978068899403f,-0.9694477737493539f,1.4218150502466806f,0f,0f,0f,1f], start_interpolation: 0, interpolation_duration: 1 }
$data merge entity $(bone_rightthumb2) { transformation: [-0.6589963161884755f,0.29070738950387676f,0.693695227702959f,-1.547328574908627f,0.6324187692866456f,0.7134099844066403f,0.30181566295154727f,1.8510462877826266f,-0.4071490580905023f,0.6376012922169768f,-0.6539833611486292f,-1.3127243928289956f,0f,0f,0f,1f], start_interpolation: 0, interpolation_duration: 1 }
$data merge entity $(bone_rightthumb) { transformation: [-0.6589963161884755f,0.29070738950387676f,0.693695227702959f,-1.4167533080167969f,0.6324187692866456f,0.7134099844066403f,0.30181566295154727f,2.051797147900154f,-0.4071490580905023f,0.6376012922169768f,-0.6539833611486292f,-1.2122452410078326f,0f,0f,0f,1f], start_interpolation: 0, interpolation_duration: 1 }
$data merge entity $(bone_rightpointerfinger) { transformation: [-0.20193892859232196f,0.5025738533858213f,0.840618933293744f,-1.5634411372933426f,0.9756563007519492f,0.17818328377385625f,0.1278495216517752f,2.0873128223806936f,-0.08553041518668869f,0.8459729542228241f,-0.5263214880674173f,-1.5269633521538668f,0f,0f,0f,1f], start_interpolation: 0, interpolation_duration: 1 }
$data merge entity $(bone_rightmidfinger) { transformation: [-0.14053669558341472f,0.5230767115658873f,0.840618933293744f,-1.432094428966195f,0.9899460199986564f,0.060509315830144184f,0.1278495216517752f,2.1072893101387837f,0.016009830833412397f,0.8501349166545187f,-0.5263214880674173f,-1.6092010846644007f,0f,0f,0f,1f], start_interpolation: 0, interpolation_duration: 1 }
$data merge entity $(bone_rightringfinger) { transformation: [-0.11758665008602281f,0.5287089830044833f,0.840618933293744f,-1.3007477206390474f,0.9916431900281024f,0.017270885452146445f,0.1278495216517752f,2.1272657978968734f,0.05307695726429815f,0.8486274375755617f,-0.5263214880674173f,-1.6914388171749346f,0f,0f,0f,1f], start_interpolation: 0, interpolation_duration: 1 }
$data merge entity $(bone_hugeasssword) { transformation: [-0.8978290351187035f,1.9220104012233952f,3.292424155400498f,-1.284660367832465f,3.777230133935539f,0.9066784324048515f,0.5007439598027863f,1.8961450151303638f,-0.5164429462824619f,3.28999817865888f,-2.0614258282640514f,-1.3953276847802332f,0f,0f,0f,1f], start_interpolation: 0, interpolation_duration: 1 }
$data merge entity $(bone_ice) { transformation: [-0.22923294513669024f,0.4907260598868243f,0.840618933293744f,-1.288746197750436f,0.964399183132478f,0.2314923657203876f,0.1278495216517752f,1.8774592096795377f,-0.13185777351892644f,0.8399995349767352f,-0.5263214880674173f,-1.4063923998030115f,0f,0f,0f,1f], start_interpolation: 0, interpolation_duration: 1 }
$data merge entity $(bone_righthand1) { transformation: [-0.22923294513669024f,0.4907260598868243f,0.840618933293744f,-1.197103577397473f,0.964399183132478f,0.2314923657203876f,0.1278495216517752f,2.180427394444372f,-0.13185777351892644f,0.8399995349767352f,-0.5263214880674173f,-1.245804505940666f,0f,0f,0f,1f], start_interpolation: 0, interpolation_duration: 1 }
$data merge entity $(bone_rightforearm) { transformation: [-0.5748466876199186f,0.05560768292354906f,0.8163694453691183f,-1.0876419622076232f,0.7433948347478863f,0.4523979435869273f,0.49264614106728005f,2.4366252309398932f,-0.34192894788621f,0.8900808312946603f,-0.30139792361467277f,-0.591607916872157f,0f,0f,0f,1f], start_interpolation: 0, interpolation_duration: 1 }
$data merge entity $(bone_rightelbow) { transformation: [-0.5748466876199186f,0.05560768292354906f,0.8163694453691183f,-1.0772155216594577f,0.7433948347478863f,0.4523979435869273f,0.49264614106728005f,2.5214498453624423f,-0.34192894788621f,0.8900808312946603f,-0.30139792361467277f,-0.42471776100440817f,0f,0f,0f,1f], start_interpolation: 0, interpolation_duration: 1 }
$data merge entity $(bone_rightarm) { transformation: [-0.4749372150441943f,-0.2659686414127559f,0.8388654978905246f,-1.1822032258657043f,0.84433075492657f,0.1309928148946878f,0.5195637196062622f,2.336333409058036f,-0.248073009517749f,0.9550400851435604f,0.16235214109394355f,0.10983230025848378f,0f,0f,0f,1f], start_interpolation: 0, interpolation_duration: 1 }
$data merge entity $(bone_chest1) { transformation: [-0.82449294422959f,-0.6456589475799158f,0.27381228414823616f,-0.39108152431684495f,0.15632013983499116f,0.24840642203968316f,1.029355868237969f,2.380212203896125f,-0.6851178803014134f,0.8336845230724568f,-0.09465121977571392f,0.5366821343721034f,0f,0f,0f,1f], start_interpolation: 0, interpolation_duration: 1 }
$data merge entity $(bone_chest1lid) { transformation: [-0.7610704100580831f,-0.5959928746891531f,0.25605531483212907f,-0.3417582230833701f,0.144295513693838f,0.22929823572893832f,0.9626012278297944f,1.903755564194523f,-0.6324165048936125f,0.7695549443745755f,-0.08851300428067951f,-0.17126260174618946f,0f,0f,0f,1f], start_interpolation: 0, interpolation_duration: 1 }
$data merge entity $(bone_chest2) { transformation: [-0.7610704100580831f,-0.5959928746891531f,0.25605531483212907f,-0.24863433641318994f,0.144295513693838f,0.22929823572893832f,0.9626012278297944f,1.8679277148618763f,-0.6324165048936125f,0.7695549443745755f,-0.08851300428067951f,-0.2915055618047169f,0f,0f,0f,1f], start_interpolation: 0, interpolation_duration: 1 }
$data merge entity $(bone_chest1lid3) { transformation: [-0.7610704100580831f,-0.5959928746891531f,0.25605531483212907f,-0.13015588639040726f,0.144295513693838f,0.22929823572893832f,0.9626012278297944f,2.5114035061671203f,-0.6324165048936125f,0.7695549443745755f,-0.08851300428067951f,-0.18844021355764906f,0f,0f,0f,1f], start_interpolation: 0, interpolation_duration: 1 }
$data merge entity $(bone_chest3) { transformation: [-0.7610704100580831f,-0.5959928746891531f,0.25605531483212907f,-0.03703199972022708f,0.144295513693838f,0.22929823572893832f,0.9626012278297944f,2.4755756568344736f,-0.6324165048936125f,0.7695549443745755f,-0.08851300428067951f,-0.3086831736161765f,0f,0f,0f,1f], start_interpolation: 0, interpolation_duration: 1 }
$data merge entity $(bone_hugeasssword2) { transformation: [-1.0028833164258397f,0.6206859758236609f,-3.7348697100204595f,-1.9504121193908917f,-3.7701881423333616f,0.1900595033093573f,1.043952362126021f,3.08674443396663f,0.34667593343266107f,3.8624997194039263f,0.5488073364678753f,0.6262717182143644f,0f,0f,0f,1f], start_interpolation: 0, interpolation_duration: 1 }
$data merge entity $(bone_belt) { transformation: [-0.7610704100580831f,-0.5959928746891531f,0.25605531483212907f,-0.16078018844622277f,0.144295513693838f,0.22929823572893832f,0.9626012278297944f,2.16592256622553f,-0.6324165048936125f,0.7695549443745755f,-0.08851300428067951f,0.2612816441457725f,0f,0f,0f,1f], start_interpolation: 0, interpolation_duration: 1 }
$data merge entity $(bone_torn_part) { transformation: [-0.6632841714107702f,-0.7204392881420552f,0.20253725597355388f,-0.053298362443961994f,0.13203430037545438f,0.1537374089499688f,0.9792506076657368f,2.058033546069089f,-0.7366281636485889f,0.676263292801494f,-0.006848892537392126f,-0.04946047902954159f,0f,0f,0f,1f], start_interpolation: 0, interpolation_duration: 1 }
$data merge entity $(bone_lowerbody) { transformation: [-0.6632841714107702f,-0.518597961688521f,0.5395463484154436f,0.1888234381551724f,0.13203430037545438f,0.6285609910149765f,0.7664711502063435f,1.63044001953125f,-0.7366281636485889f,0.5796268064080389f,-0.34844183705882076f,-0.21154540315326265f,0f,0f,0f,1f], start_interpolation: 0, interpolation_duration: 1 }
$data merge entity $(bone_leftfoot) { transformation: [-0.9693139096928077f,-0.038688978570808254f,0.24272523466171209f,0.3319982201109839f,-0.05015526829999432f,0.9978942016715048f,-0.041256296971594705f,0.13476018791254774f,-0.24061393759554953f,-0.052141626349835137f,-0.9692233390963834f,0.5054824848158539f,0f,0f,0f,1f], start_interpolation: 0, interpolation_duration: 1 }
$data merge entity $(bone_leftlowerleg) { transformation: [-0.9693139096928077f,-0.04034289259019627f,0.24245582612486663f,0.24999054670388843f,-0.05015526829999432f,0.9981522807992634f,-0.03445205515853533f,1.2473787819715982f,-0.24061393759554953f,-0.045532599164991305f,-0.9695562967980915f,0.60393784081142f,0f,0f,0f,1f], start_interpolation: 0, interpolation_duration: 1 }
$data merge entity $(bone_leftleg) { transformation: [-0.9308326686175386f,0.34935533171709277f,0.1071544877087968f,0.5422551770352373f,0.04395311157143897f,0.39813773205044795f,-0.9162886246857269f,1.5620340261139f,-0.3627653058349719f,-0.8481846488934861f,-0.3859702999395226f,-0.14669825269170966f,0f,0f,0f,1f], start_interpolation: 0, interpolation_duration: 1 }
$data merge entity $(bone_rightfoot) { transformation: [-0.4610667359003404f,-0.04189928114882999f,0.886378190782487f,-0.28378754095527237f,0.09239686710033512f,0.9911769956260418f,0.0949112558151646f,0.2149510721423098f,-0.882541701166473f,0.1256608423526999f,-0.45313127500481537f,-0.2580153692098078f,0f,0f,0f,1f], start_interpolation: 0, interpolation_duration: 1 }
$data merge entity $(bone_rightlowerleg) { transformation: [-0.4610667359003404f,-0.04794131442597735f,0.8860719368238299f,-0.47311351317484884f,0.09239686710033512f,0.9905068895674383f,0.10166653755349803f,1.2981740340521934f,-0.882541701166473f,0.12874720766090209f,-0.45226403373228813f,-0.04569804558317603f,0f,0f,0f,1f], start_interpolation: 0, interpolation_duration: 1 }
$data merge entity $(bone_rightleg) { transformation: [-0.591868234386242f,0.7508091433431916f,0.293200185778018f,0.2017770094032607f,0.07508480894647152f,0.41352789256342143f,-0.9073883035282451f,1.6780976821770015f,-0.8025299150748119f,-0.5150342827854454f,-0.30113139603812356f,-0.4905939438692015f,0f,0f,0f,1f], start_interpolation: 0, interpolation_duration: 1 }
data modify entity @s data merge value {"locators":{"lefthand":{"posx":1.228471737439903,"posy":0.9457055461458794,"posz":2.160853684810652,"roty":41.982922808028235,"rotx":-22.646936778530254},"righthand":{"posx":-1.3310390518754471,"posy":1.9622569161080174,"posz":-1.4236552855533688,"roty":57.948829222262546,"rotx":7.345342011725587},"chest":{"posx":-0.3683007616721333,"posy":1.7435272174159913,"posz":-0.22529264462866963,"roty":70.93079528069471,"rotx":74.28084537043523},"sack":{"posx":0,"posy":-0.4375,"posz":0,"roty":0,"rotx":0}},"cameras":{}}