# This file was generated by Animated Java via MC-Build. It is not recommended to edit this file directly.
$data merge entity $(bone_nose) { transformation: [-0.9995800833574708f,0.00026008235144199104f,0.02897566758924039f,-0.005428533133551237f,0.002498210027264171f,0.9970099984541749f,0.07723225963977597f,0.23131356715881707f,-0.028868943550662954f,0.07727221583193118f,-0.9965919871033944f,2.1531952630071034f,0f,0f,0f,1f], start_interpolation: 0, interpolation_duration: 1 }
$data merge entity $(bone_glowing_eye) { transformation: [-0.9995800833574708f,-0.000020062327017109317f,0.0289768278556284f,-0.13138856645432012f,0.002498210027264171f,0.9962167331891587f,0.0868675972994547f,0.2960465114100757f,-0.028868943550662954f,0.08690351035155935f,-0.9957983550834201f,2.1902197247797006f,0f,0f,0f,1f], start_interpolation: 0, interpolation_duration: 1 }
$data merge entity $(bone_head) { transformation: [-0.9995800833574708f,-0.000020062327017109317f,0.0289768278556284f,-2.39791858576115e-16f,0.002498210027264171f,0.9962167331891587f,0.0868675972994547f,0.12457023005422063f,-0.028868943550662954f,0.08690351035155935f,-0.9957983550834201f,1.955996468141217f,0f,0f,0f,1f], start_interpolation: 0, interpolation_duration: 1 }
$data merge entity $(bone_leftthumb2) { transformation: [-0.7027670490210206f,-0.3280599581328691f,0.6312647136345785f,1.3862599158248028f,-0.6286274227314793f,-0.1290909689309495f,-0.7669179129023176f,0.21291905047296406f,0.3330856319330876f,-0.9357949484851522f,-0.11550660669159488f,2.6635274517112975f,0f,0f,0f,1f], start_interpolation: 0, interpolation_duration: 1 }
$data merge entity $(bone_leftthumb) { transformation: [-0.7027670490210206f,-0.3280599581328691f,0.6312647136345785f,1.3597519758078296f,-0.6286274227314793f,-0.1290909689309495f,-0.7669179129023176f,0.11572157098306587f,0.3330856319330876f,-0.9357949484851522f,-0.11550660669159488f,2.4241598532160804f,0f,0f,0f,1f], start_interpolation: 0, interpolation_duration: 1 }
$data merge entity $(bone_leftpointerfinger) { transformation: [-0.5237289819140432f,-0.5720251872279168f,0.6312647136345785f,1.5852881991223027f,-0.5313750343591032f,-0.3598298038370574f,-0.7669179129023176f,0.20170227524371692f,0.6658442207927779f,-0.7370954466332371f,-0.11550660669159488f,2.6800579183571123f,0f,0f,0f,1f], start_interpolation: 0, interpolation_duration: 1 }
$data merge entity $(bone_leftmidfinger) { transformation: [-0.5237289819140432f,-0.5720251872279168f,0.6312647136345785f,1.6839233106277056f,-0.5313750343591032f,-0.3598298038370574f,-0.7669179129023176f,0.08187135135272978f,0.6658442207927779f,-0.7370954466332371f,-0.11550660669159488f,2.6620100110615508f,0f,0f,0f,1f], start_interpolation: 0, interpolation_duration: 1 }
$data merge entity $(bone_leftringfinger) { transformation: [-0.5237289819140432f,-0.5720251872279168f,0.6312647136345785f,1.7825584221331086f,-0.5313750343591032f,-0.3598298038370574f,-0.7669179129023176f,-0.03795957253825734f,0.6658442207927779f,-0.7370954466332371f,-0.11550660669159488f,2.643962103765989f,0f,0f,0f,1f], start_interpolation: 0, interpolation_duration: 1 }
$data merge entity $(bone_invisibility) { transformation: [-0.27179324596095494f,-0.6574548701320069f,0.7027670490210206f,1.386474927095168f,-0.1954410391460235f,0.752748539425684f,0.628627422731479f,0.08286561064671555f,-0.942301030280414f,0.033507165386005275f,-0.3330856319330876f,2.6530825224624235f,0f,0f,0f,1f], start_interpolation: 0, interpolation_duration: 1 }
$data merge entity $(bone_swiftness) { transformation: [0.6312647136345784f,-0.3280599581328691f,0.7027670490210207f,1.5126596111845922f,-0.7669179129023177f,-0.1290909689309495f,0.6286274227314791f,-0.07619128305566925f,-0.11550660669159481f,-0.9357949484851522f,-0.3330856319330876f,2.7754956018760697f,0f,0f,0f,1f], start_interpolation: 0, interpolation_duration: 1 }
$data merge entity $(bone_suspicious_stew) { transformation: [-0.030539298696250605f,-0.7107642549013191f,0.7027670490210207f,1.5202148714391295f,-0.4411096656268085f,0.6405074755852453f,0.6286274227314794f,-0.054880358853830746f,-0.8969334502212227f,-0.29079949737575034f,-0.33308563193308777f,2.6752904219179907f,0f,0f,0f,1f], start_interpolation: 0, interpolation_duration: 1 }
$data merge entity $(bone_log) { transformation: [-0.7027670490210206f,-0.3280599581328691f,0.6312647136345785f,1.4429134992784212f,-0.6286274227314793f,-0.1290909689309495f,-0.7669179129023176f,-0.16589982801857173f,0.3330856319330876f,-0.9357949484851522f,-0.11550660669159488f,2.584128459162405f,0f,0f,0f,1f], start_interpolation: 0, interpolation_duration: 1 }
$data merge entity $(bone_planks) { transformation: [-0.7027670490210206f,-0.3280599581328691f,0.6312647136345785f,1.3770290884327003f,-0.6286274227314793f,-0.1290909689309495f,-0.7669179129023176f,-0.22483364889964796f,0.3330856319330876f,-0.9357949484851522f,-0.11550660669159488f,2.615355237156132f,0f,0f,0f,1f], start_interpolation: 0, interpolation_duration: 1 }
$data merge entity $(bone_lefthand1) { transformation: [-0.7027670490210206f,-0.3280599581328691f,0.6312647136345785f,1.5168632496993784f,-0.6286274227314793f,-0.1290909689309495f,-0.7669179129023176f,-0.01704952979024188f,0.3330856319330876f,-0.9357949484851522f,-0.11550660669159488f,2.270517895516958f,0f,0f,0f,1f], start_interpolation: 0, interpolation_duration: 1 }
$data merge entity $(bone_leftforearm) { transformation: [-0.9986160596017705f,0.014480107823341748f,-0.05055978622242797f,1.4654210684472804f,0.04771751933860004f,-0.15475673311215585f,-0.9867995702799143f,-0.10746176951544029f,-0.022113431520312532f,-0.9878464860664724f,0.15385160419221855f,1.5721523142159466f,0f,0f,0f,1f], start_interpolation: 0, interpolation_duration: 1 }
$data merge entity $(bone_leftelbow) { transformation: [-0.39553169654984877f,-0.917059640940294f,-0.05055978622242797f,1.2934723857709753f,0.16123728232507556f,-0.01513759834982388f,-0.9867995702799143f,-0.11030006920603226f,0.9041887058644464f,-0.3984626307129174f,0.15385160419221855f,1.4974405709572747f,0f,0f,0f,1f], start_interpolation: 0, interpolation_duration: 1 }
$data merge entity $(bone_leftarm) { transformation: [-0.39553169654984877f,-0.917059640940294f,-0.05055978622242797f,0.7499999999999998f,0.16123728232507556f,-0.01513759834982388f,-0.9867995702799143f,-0.05176072630108661f,0.9041887058644464f,-0.3984626307129174f,0.15385160419221855f,1.4911926723776567f,0f,0f,0f,1f], start_interpolation: 0, interpolation_duration: 1 }
$data merge entity $(bone_rightthumb2) { transformation: [-0.70085604396603f,0.32816185086040706f,-0.6333329339898236f,-1.3861010301691048f,0.6301693950682308f,-0.13113652598150863f,-0.7653036946682296f,0.21610604110188453f,-0.3341965576657351f,-0.9354747517669163f,-0.11488972822232449f,2.6628896357144614f,0f,0f,0f,1f], start_interpolation: 0, interpolation_duration: 1 }
$data merge entity $(bone_rightthumb) { transformation: [-0.70085604396603f,0.32816185086040706f,-0.6333329339898236f,-1.3597448466659068f,0.6301693950682308f,-0.13113652598150863f,-0.7653036946682296f,0.11854485114175418f,-0.3341965576657351f,-0.9354747517669163f,-0.11488972822232449f,2.423653279954704f,0f,0f,0f,1f], start_interpolation: 0, interpolation_duration: 1 }
$data merge entity $(bone_rightpointerfinger) { transformation: [-0.5219244507985044f,0.5713880138596901f,-0.6333329339898236f,-1.585167791459627f,0.5320168302475199f,-0.3623097393950932f,-0.7653036946682296f,0.20546143500621297f,-0.6667480483601445f,-0.7363744905664095f,-0.11488972822232449f,2.6793349036293383f,0f,0f,0f,1f], start_interpolation: 0, interpolation_duration: 1 }
$data merge entity $(bone_rightmidfinger) { transformation: [-0.5219244507985044f,0.5713880138596901f,-0.6333329339898236f,-1.6841260623955367f,0.5320168302475199f,-0.3623097393950932f,-0.7653036946682296f,0.0858827327143021f,-0.6667480483601445f,-0.7363744905664095f,-0.11488972822232449f,2.6613833835946004f,0f,0f,0f,1f], start_interpolation: 0, interpolation_duration: 1 }
$data merge entity $(bone_rightringfinger) { transformation: [-0.5219244507985044f,0.5713880138596901f,-0.6333329339898236f,-1.7830843333314468f,0.5320168302475199f,-0.3623097393950932f,-0.7653036946682296f,-0.03369596957760876f,-0.6667480483601445f,-0.7363744905664095f,-0.11488972822232449f,2.6434318635598624f,0f,0f,0f,1f], start_interpolation: 0, interpolation_duration: 1 }
$data merge entity $(bone_hugeasssword) { transformation: [-0.000027450195055336178f,0.000012853005825365945f,-0.000024805539914601428f,-1.4100062462768574f,0.000024681634640172378f,-0.000005136180600942422f,-0.000029974394707838992f,-0.10702149384026133f,-0.000013089365175241293f,-0.00003663942777753756f,-0.00000449984768870771f,2.571264012019154f,0f,0f,0f,1f], start_interpolation: 0, interpolation_duration: 1 }
$data merge entity $(bone_ice) { transformation: [-0.70085604396603f,0.32816185086040706f,-0.6333329339898236f,-1.4041828995095822f,0.6301693950682308f,-0.13113652598150863f,-0.7653036946682296f,-0.11481888241974136f,-0.3341965576657351f,-0.9354747517669163f,-0.11488972822232449f,2.591102626229039f,0f,0f,0f,1f], start_interpolation: 0, interpolation_duration: 1 }
$data merge entity $(bone_righthand1) { transformation: [-0.70085604396603f,0.32816185086040706f,-0.6333329339898236f,-1.5171481019731698f,0.6301693950682308f,-0.13113652598150863f,-0.7653036946682296f,-0.01397640560644299f,-0.3341965576657351f,-0.9354747517669163f,-0.11488972822232449f,2.270094494863929f,0f,0f,0f,1f], start_interpolation: 0, interpolation_duration: 1 }
$data merge entity $(bone_rightforearm) { transformation: [-0.9987553800631839f,-0.014422399398707986f,0.04774604895098036f,-1.4656126723112965f,-0.044920578290711916f,-0.15591526402734918f,-0.9867484847159946f,-0.10537884440881597f,0.0216756185810994f,-0.987665138009268f,0.15507334625995728f,1.5718646975045316f,0f,0f,0f,1f], start_interpolation: 0, interpolation_duration: 1 }
$data merge entity $(bone_rightelbow) { transformation: [-0.39553169654984854f,0.9172104403210691f,0.04774604895098036f,-1.2936357147510962f,-0.1612372823250756f,-0.01816498552473564f,-0.9867484847159946f,-0.1087847791947039f,-0.9041887058644466f,-0.39798874540232604f,0.15507334625995728f,1.4972418077415954f,0f,0f,0f,1f], start_interpolation: 0, interpolation_duration: 1 }
$data merge entity $(bone_rightarm) { transformation: [-0.39553169654984854f,0.9172104403210691f,0.04774604895098036f,-0.7500000000000002f,-0.1612372823250756f,-0.01816498552473564f,-0.9867484847159946f,-0.05176072630108661f,-0.9041887058644466f,-0.39798874540232604f,0.15507334625995728f,1.4911926723776565f,0f,0f,0f,1f], start_interpolation: 0, interpolation_duration: 1 }
$data merge entity $(bone_chest1) { transformation: [-1.0833333333333333f,-1.265296945278589e-16f,3.9894659441861674e-17f,-0.00232312500000016f,0f,0.3257646161296293f,1.0331933633105792f,0.0050109747930167925f,-1.3267006990762992e-16f,1.0331933633105792f,-0.3257646161296293f,1.3052127496893111f,0f,0f,0f,1f], start_interpolation: 0, interpolation_duration: 1 }
$data merge entity $(bone_chest1lid) { transformation: [-1f,-1.0746045541222296e-16f,5.87354096709661e-17f,-0.34375000000000006f,0f,0.4796110169222667f,0.877481209170196f,-0.5457601968091946f,-1.2246467991473532e-16f,0.877481209170196f,-0.4796110169222667f,0.7591556666728496f,0f,0f,0f,1f], start_interpolation: 0, interpolation_duration: 1 }
$data merge entity $(bone_chest2) { transformation: [-1f,-1.0746045541222296e-16f,5.87354096709661e-17f,-0.34375000000000006f,0f,0.4796110169222667f,0.877481209170196f,-0.6206994182032988f,-1.2246467991473532e-16f,0.877481209170196f,-0.4796110169222667f,0.6220492277400065f,0f,0f,0f,1f], start_interpolation: 0, interpolation_duration: 1 }
$data merge entity $(bone_chest1lid3) { transformation: [-1f,-9.550342782976131e-17f,7.665959235075639e-17f,-0.28125000000000006f,0f,0.6259730756992937f,0.779844669469226f,0.08808379644779882f,-1.2246467991473532e-16f,0.779844669469226f,-0.6259730756992937f,0.551260304537148f,0f,0f,0f,1f], start_interpolation: 0, interpolation_duration: 1 }
$data merge entity $(bone_chest3) { transformation: [-1f,-9.550342782976131e-17f,7.665959235075639e-17f,-0.28125000000000006f,0f,0.6259730756992937f,0.779844669469226f,-0.009724496630215823f,-1.2246467991473532e-16f,0.779844669469226f,-0.6259730756992937f,0.4294095749325815f,0f,0f,0f,1f], start_interpolation: 0, interpolation_duration: 1 }
$data merge entity $(bone_hugeasssword2) { transformation: [-1.4487465919166744e-15f,1.655254858484406f,-3.549705499226879f,-1.7343750000000002f,-3.735391390430555f,1.0674170301497339f,0.49774473560388766f,0.37636105198831243f,1.177764381391737f,3.385414304776872f,1.5786446163449348f,1.6019554078951694f,0f,0f,0f,1f], start_interpolation: 0, interpolation_duration: 1 }
$data merge entity $(bone_belt) { transformation: [-1f,-1.16796641102639e-16f,3.6825839484795395e-17f,0.02970562499999988f,0f,0.30070579950427323f,0.9537169507482269f,-0.23961309946884018f,-1.2246467991473532e-16f,0.9537169507482269f,-0.30070579950427323f,0.9646818176173777f,0f,0f,0f,1f], start_interpolation: 0, interpolation_duration: 1 }
$data merge entity $(bone_torn_part) { transformation: [-1f,-1.224646799147353e-16f,1.8488927466117464e-32f,-0.09375000000000008f,0f,1.6653345369377348e-16f,1f,-0.32038307198825816f,-1.2246467991473532e-16f,1f,-1.6653345369377348e-16f,0.6911925233010944f,0f,0f,0f,1f], start_interpolation: 0, interpolation_duration: 1 }
$data merge entity $(bone_lowerbody) { transformation: [-1f,-1.16796641102639e-16f,3.6825839484795395e-17f,0.0039062499999999675f,0f,0.30070579950427323f,0.9537169507482269f,-0.6013285218514235f,-1.2246467991473532e-16f,0.9537169507482269f,-0.30070579950427323f,0.2677971714988501f,0f,0f,0f,1f], start_interpolation: 0, interpolation_duration: 1 }
$data merge entity $(bone_leftfoot) { transformation: [-1f,-1.2093596672133856e-16f,1.928962881431033e-17f,0.28125000000000017f,0f,0.15751177260039823f,0.9875171094681248f,-1.3057620337735425f,-1.2246467991473532e-16f,0.9875171094681248f,-0.15751177260039823f,-1.6990411511802472f,0f,0f,0f,1f], start_interpolation: 0, interpolation_duration: 1 }
$data merge entity $(bone_leftlowerleg) { transformation: [-1f,-1.148489961346684e-16f,4.251242069651527e-17f,0.28125000000000006f,0f,0.34714025893926387f,0.9378132226747395f,-1.064744207743921f,-1.2246467991473532e-16f,0.9378132226747395f,-0.34714025893926387f,-0.6053180252280731f,0f,0f,0f,1f], start_interpolation: 0, interpolation_duration: 1 }
$data merge entity $(bone_leftleg) { transformation: [-1f,-9.381338752702731e-17f,7.871877887341985e-17f,0.24999999999999997f,0f,0.6427876096865394f,0.7660444431189779f,-0.40173160608412206f,-1.2246467991473532e-16f,0.7660444431189779f,-0.6427876096865394f,0.22534359016884664f,0f,0f,0f,1f], start_interpolation: 0, interpolation_duration: 1 }
$data merge entity $(bone_rightfoot) { transformation: [-1f,-1.195617780139768e-16f,2.650620804179866e-17f,-0.28124999999999983f,0f,0.21643961393810313f,0.9762960071199333f,-1.1982152345524835f,-1.2246467991473532e-16f,0.9762960071199333f,-0.21643961393810313f,-1.7040497603171532f,0f,0f,0f,1f], start_interpolation: 0, interpolation_duration: 1 }
$data merge entity $(bone_rightlowerleg) { transformation: [-1f,-1.1993463577201612e-16f,2.4764510268777867e-17f,-0.28124999999999994f,0f,0.2022175723320382f,0.9793406217655514f,-1.1243515171656853f,-1.2246467991473532e-16f,0.9793406217655514f,-0.2022175723320382f,-0.586523912759056f,0f,0f,0f,1f], start_interpolation: 0, interpolation_duration: 1 }
$data merge entity $(bone_rightleg) { transformation: [-1f,-9.381338752702731e-17f,7.871877887341985e-17f,-0.25000000000000006f,0f,0.6427876096865394f,0.7660444431189779f,-0.46133891550588624f,-1.2246467991473532e-16f,0.7660444431189779f,-0.6427876096865394f,0.24413770263786366f,0f,0f,0f,1f], start_interpolation: 0, interpolation_duration: 1 }
data modify entity @s data merge value {"locators":{"lefthand":{"posx":1.5245640832027318,"posy":-0.08489768280066642,"posz":2.627815452248637,"roty":79.63092374881002,"rotx":-50.07792112996656},"righthand":{"posx":-1.4651198554575002,"posy":-0.04173362318444257,"posz":2.5761836439477084,"roty":280.28192592220927,"rotx":-49.934017606552},"chest":{"posx":-0.37500000000000006,"posy":-0.7128423242996794,"posz":0.7792523124938165,"roty":0,"rotx":61.34},"sack":{"posx":0,"posy":-0.4375,"posz":0,"roty":0,"rotx":0}},"cameras":{}}