# This file was generated by Animated Java via MC-Build. It is not recommended to edit this file directly.
$data merge entity $(bone_nose) { transformation: [-0.9961947052712221f,-0.00920723701062088f,-0.08666796395562283f,0.016320337803417788f,-0.007596075238260988f,0.9997924945029499f,-0.018901523127622083f,0.30114261800848363f,0.08682401067998165f,-0.018171260886344798f,-0.9960579282588152f,0.06113158694302623f,0f,0f,0f,1f], start_interpolation: 0, interpolation_duration: 1 }
$data merge entity $(bone_glowing_eye) { transformation: [-0.9961947052712221f,3.694371787281289e-8f,-0.08715566068581845f,-0.10516264660217554f,-0.007596075238260988f,0.9961947025490947f,0.0868240419129167f,0.36461380484065575f,0.08682401067998165f,0.08715569179990418f,-0.9924038878180208f,0.11251629067071306f,0f,0f,0f,1f], start_interpolation: 0, interpolation_duration: 1 }
$data merge entity $(bone_head) { transformation: [-0.9961947052712221f,3.694371787281289e-8f,-0.08715566068581845f,1.6513534999458275e-17f,-0.007596075238260988f,0.9961947025490947f,0.0868240419129167f,0.19439384521457037f,0.08682401067998165f,0.08715569179990418f,-0.9924038878180208f,-0.13546271553225253f,0f,0f,0f,1f], start_interpolation: 0, interpolation_duration: 1 }
$data merge entity $(bone_leftthumb2) { transformation: [-0.620953471755475f,0.4551912740010035f,0.638136106162444f,0.7796316676282082f,-0.7062753015113536f,0.02820268358034933f,-0.7073752943904061f,0.10092583823526116f,-0.33998821213369956f,-0.8899469156709349f,0.30397780000835695f,0.5983071529459705f,0f,0f,0f,1f], start_interpolation: 0, interpolation_duration: 1 }
$data merge entity $(bone_leftthumb) { transformation: [-0.620953471755475f,0.4551912740010035f,0.638136106162444f,0.9457974299347764f,-0.7062753015113536f,0.02820268358034933f,-0.7073752943904061f,0.047391810642846866f,-0.33998821213369956f,-0.8899469156709349f,0.30397780000835695f,0.4060315293237553f,0f,0f,0f,1f], start_interpolation: 0, interpolation_duration: 1 }
$data merge entity $(bone_leftpointerfinger) { transformation: [-0.7100587704847295f,0.2976555937145284f,0.638136106162444f,0.9016516941162455f,-0.6933446444395677f,-0.13745325355573193f,-0.7073752943904061f,0.08999357132455256f,-0.12284032922735191f,-0.944726283437375f,0.30397780000835695f,0.7520483139698477f,0f,0f,0f,1f], start_interpolation: 0, interpolation_duration: 1 }
$data merge entity $(bone_leftmidfinger) { transformation: [-0.7100587704847295f,0.2976555937145284f,0.638136106162444f,1.0013604607041273f,-0.6933446444395677f,-0.13745325355573193f,-0.7073752943904061f,-0.020533818423948396f,-0.12284032922735191f,-0.944726283437375f,0.30397780000835695f,0.7995448452211535f,0f,0f,0f,1f], start_interpolation: 0, interpolation_duration: 1 }
$data merge entity $(bone_leftringfinger) { transformation: [-0.7100587704847295f,0.2976555937145284f,0.638136106162444f,1.1010692272920093f,-0.6933446444395677f,-0.13745325355573193f,-0.7073752943904061f,-0.13106120817244937f,-0.12284032922735191f,-0.944726283437375f,0.30397780000835695f,0.8470413764724593f,0f,0f,0f,1f], start_interpolation: 0, interpolation_duration: 1 }
$data merge entity $(bone_invisibility) { transformation: [0.5090763600841127f,-0.5960352720421275f,0.620953471755475f,0.8076832254249485f,-0.03355645532923617f,0.7071415436677327f,0.7062753015113534f,-0.02500802329577917f,-0.8600669880359596f,-0.38038505714720594f,0.3399882121336995f,0.5788954911789576f,0f,0f,0f,1f], start_interpolation: 0, interpolation_duration: 1 }
$data merge entity $(bone_swiftness) { transformation: [0.6381361061624439f,0.4551912740010035f,0.6209534717554751f,0.8333519681892978f,-0.7073752943904063f,0.02820268358034933f,0.7062753015113535f,-0.19824503508407354f,0.3039778000083569f,-0.8899469156709349f,0.3399882121336996f,0.738697510365485f,0f,0f,0f,1f], start_interpolation: 0, interpolation_duration: 1 }
$data merge entity $(bone_suspicious_stew) { transformation: [0.6822313681585935f,-0.3859755772264309f,0.6209534717554751f,0.9059966543616098f,-0.2733894055693878f,0.6530187067745181f,0.7062753015113538f,-0.15896289178680922f,-0.6780992502745233f,-0.6516052657761906f,0.3399882121336995f,0.6776075903525997f,0f,0f,0f,1f], start_interpolation: 0, interpolation_duration: 1 }
$data merge entity $(bone_log) { transformation: [-0.620953471755475f,0.4551912740010035f,0.638136106162444f,0.934593805611024f,-0.7062753015113536f,0.02820268358034933f,-0.7073752943904061f,-0.25480908278050524f,-0.33998821213369956f,-0.8899469156709349f,0.30397780000835695f,0.5487392903815902f,0f,0f,0f,1f], start_interpolation: 0, interpolation_duration: 1 }
$data merge entity $(bone_planks) { transformation: [-0.620953471755475f,0.4551912740010035f,0.638136106162444f,0.8763794176339482f,-0.7062753015113536f,0.02820268358034933f,-0.7073752943904061f,-0.3210223922971946f,-0.33998821213369956f,-0.8899469156709349f,0.30397780000835695f,0.5168653954940559f,0f,0f,0f,1f], start_interpolation: 0, interpolation_duration: 1 }
$data merge entity $(bone_lefthand1) { transformation: [-0.620953471755475f,0.4551912740010035f,0.638136106162444f,1.1836882387325673f,-0.7062753015113536f,0.02820268358034933f,-0.7073752943904061f,-0.04908410855787927f,-0.33998821213369956f,-0.8899469156709349f,0.30397780000835695f,0.4017503082470202f,0f,0f,0f,1f], start_interpolation: 0, interpolation_duration: 1 }
$data merge entity $(bone_leftforearm) { transformation: [-0.9252025083948582f,0.3792791808118137f,0.012149957307817098f,1.3923539128832605f,-0.0015792651124836993f,0.028169172423143363f,-0.9996019225905383f,-0.013757583226909662f,-0.37947045258039125f,-0.924853394180783f,-0.02546320660715201f,-0.2718562752193806f,0f,0f,0f,1f], start_interpolation: 0, interpolation_duration: 1 }
$data merge entity $(bone_leftelbow) { transformation: [-0.7044679438050175f,-0.7096318021964271f,0.012149957307817098f,1.2592979499714305f,-0.026629280443383224f,0.009320824875939715f,-0.9996019225905383f,-0.012009928562670965f,0.7092360661826205f,-0.7045110556514238f,-0.02546320660715201f,-0.40395209815402255f,0f,0f,0f,1f], start_interpolation: 0, interpolation_duration: 1 }
$data merge entity $(bone_leftarm) { transformation: [-0.7044679438050175f,-0.7096318021964271f,0.012149957307817098f,0.7500000000000001f,-0.026629280443383224f,0.009320824875939715f,-0.9996019225905383f,0.018062888859263132f,0.7092360661826205f,-0.7045110556514238f,-0.02546320660715201f,-0.6002665112958128f,0f,0f,0f,1f], start_interpolation: 0, interpolation_duration: 1 }
$data merge entity $(bone_rightthumb2) { transformation: [-0.6399092001258231f,-0.45520597304470467f,-0.6191152862744973f,-0.7826240496896685f,0.6800533091843936f,0.03970454084101021f,-0.7320867749822829f,0.06811444236748049f,0.35783196092814945f,-0.8895004617992212f,0.2841570273586194f,0.6000474668336395f,0f,0f,0f,1f], start_interpolation: 0, interpolation_duration: 1 }
$data merge entity $(bone_rightthumb) { transformation: [-0.6399092001258231f,-0.45520597304470467f,-0.6191152862744973f,-0.9471679451108873f,0.6800533091843936f,0.03970454084101021f,-0.7320867749822829f,0.01528937765163349f,0.35783196092814945f,-0.8895004617992212f,0.2841570273586194f,0.4061874989963432f,0f,0f,0f,1f], start_interpolation: 0, interpolation_duration: 1 }
$data merge entity $(bone_rightpointerfinger) { transformation: [-0.72849418199489f,-0.2932447597159124f,-0.6191152862744973f,-0.9044065148882596f,0.6705322231011666f,-0.12014779098696371f,-0.7320867749822829f,0.049818666357361804f,0.14029527640873438f,-0.9484577055515493f,0.2841570273586194f,0.7532761902090547f,0f,0f,0f,1f], start_interpolation: 0, interpolation_duration: 1 }
$data merge entity $(bone_rightmidfinger) { transformation: [-0.72849418199489f,-0.2932447597159124f,-0.6191152862744973f,-1.0011432783686498f,0.6705322231011666f,-0.12014779098696371f,-0.7320867749822829f,-0.06456989223361989f,0.14029527640873438f,-0.9484577055515493f,0.2841570273586194f,0.7976757257338389f,0f,0f,0f,1f], start_interpolation: 0, interpolation_duration: 1 }
$data merge entity $(bone_rightringfinger) { transformation: [-0.72849418199489f,-0.2932447597159124f,-0.6191152862744973f,-1.09788004184904f,0.6705322231011666f,-0.12014779098696371f,-0.7320867749822829f,-0.1789584508246016f,0.14029527640873438f,-0.9484577055515493f,0.2841570273586194f,0.8420752612586232f,0f,0f,0f,1f], start_interpolation: 0, interpolation_duration: 1 }
$data merge entity $(bone_hugeasssword) { transformation: [-0.000025063110338261406f,-0.000017828900610917602f,-0.000024248682045751148f,-0.9063655021371075f,0.00002663542127638875f,0.0000015550945162729f,-0.000028673398686806088f,-0.23319828982273236f,0.000014015085136352523f,-0.000034838768087136165f,0.00001112948357154593f,0.5147432554559637f,0f,0f,0f,1f], start_interpolation: 0, interpolation_duration: 1 }
$data merge entity $(bone_ice) { transformation: [-0.6399092001258231f,-0.45520597304470467f,-0.6191152862744973f,-0.8892543275563181f,0.6800533091843936f,0.03970454084101021f,-0.7320867749822829f,-0.24444450622937927f,0.35783196092814945f,-0.8895004617992212f,0.2841570273586194f,0.5230505757820741f,0f,0f,0f,1f], start_interpolation: 0, interpolation_duration: 1 }
$data merge entity $(bone_righthand1) { transformation: [-0.6399092001258231f,-0.45520597304470467f,-0.6191152862744973f,-1.182380473545028f,0.6800533091843936f,0.03970454084101021f,-0.7320867749822829f,-0.08738275544122467f,0.35783196092814945f,-0.8895004617992212f,0.2841570273586194f,0.3990133576692631f,0f,0f,0f,1f], start_interpolation: 0, interpolation_duration: 1 }
$data merge entity $(bone_rightforearm) { transformation: [-0.9251578694773936f,-0.37929767085683697f,0.014703517491681369f,-1.391481523984712f,-0.0333502491727628f,0.04263745096719723f,-0.998533829499599f,-0.0397168160706852f,0.37811463529485906f,-0.9242917962730157f,-0.052096045130483104f,-0.27369747558596597f,0f,0f,0f,1f], start_interpolation: 0, interpolation_duration: 1 }
$data merge entity $(bone_rightelbow) { transformation: [-0.7044679438050173f,0.709583485380334f,0.014703517491681369f,-1.2584346204758994f,0.026629280443383224f,0.04712825869829229f,-0.998533829499599f,-0.030880267564755398f,-0.7092360661826206f,-0.7030435295965421f,-0.052096045130483104f,-0.4055181373853176f,0f,0f,0f,1f], start_interpolation: 0, interpolation_duration: 1 }
$data merge entity $(bone_rightarm) { transformation: [-0.7044679438050173f,0.709583485380334f,0.014703517491681369f,-0.7499999999999999f,0.026629280443383224f,0.04712825869829229f,-0.998533829499599f,0.018062888859263132f,-0.7092360661826206f,-0.7030435295965421f,-0.052096045130483104f,-0.6002665112958129f,0f,0f,0f,1f], start_interpolation: 0, interpolation_duration: 1 }
$data merge entity $(bone_chest1) { transformation: [-1.0833333333333333f,-1.265296945278589e-16f,3.9894659441861674e-17f,-0.002323124999999904f,0f,0.3257646161296293f,1.0331933633105792f,0.07483458995336653f,-1.3267006990762992e-16f,1.0331933633105792f,-0.3257646161296293f,-0.7862464339841585f,0f,0f,0f,1f], start_interpolation: 0, interpolation_duration: 1 }
$data merge entity $(bone_chest1lid) { transformation: [-1f,-1.1966267291900248e-16f,2.6046929502311892e-17f,-0.34374999999999983f,0f,0.21268932005903074f,0.9771198765416796f,-0.5176430967837254f,-1.2246467991473532e-16f,0.9771198765416796f,-0.21268932005903074f,-1.3167349752238255f,0f,0f,0f,1f], start_interpolation: 0, interpolation_duration: 1 }
$data merge entity $(bone_chest2) { transformation: [-1f,-1.1966267291900248e-16f,2.6046929502311892e-17f,-0.34374999999999983f,0f,0.21268932005903074f,0.9771198765416796f,-0.550875803042949f,-1.2246467991473532e-16f,0.9771198765416796f,-0.21268932005903074f,-1.469409955933463f,0f,0f,0f,1f], start_interpolation: 0, interpolation_duration: 1 }
$data merge entity $(bone_chest1lid3) { transformation: [-1f,-1.0973513665570841e-16f,5.4367247583187193e-17f,-0.28124999999999983f,0f,0.4439422666277313f,0.8960553910899887f,0.12946509769071693f,-1.2246467991473532e-16f,0.8960553910899887f,-0.4439422666277313f,-1.5220409538830773f,0f,0f,0f,1f], start_interpolation: 0, interpolation_duration: 1 }
$data merge entity $(bone_chest3) { transformation: [-1f,-1.0973513665570841e-16f,5.4367247583187193e-17f,-0.28124999999999983f,0f,0.4439422666277313f,0.8960553910899887f,0.060099118530133916f,-1.2246467991473532e-16f,0.8960553910899887f,-0.4439422666277313f,-1.662049608740888f,0f,0f,0f,1f], start_interpolation: 0, interpolation_duration: 1 }
$data merge entity $(bone_hugeasssword2) { transformation: [-1.4487465919166744e-15f,1.655254858484406f,-3.549705499226879f,-1.734375f,-3.735391390430555f,1.0674170301497339f,0.49774473560388766f,0.4461846671486622f,1.177764381391737f,3.385414304776872f,1.5786446163449348f,-0.48950377577829995f,0f,0f,0f,1f], start_interpolation: 0, interpolation_duration: 1 }
$data merge entity $(bone_belt) { transformation: [-1f,-1.16796641102639e-16f,3.6825839484795395e-17f,0.029705625000000138f,0f,0.30070579950427323f,0.9537169507482269f,-0.16978948430849045f,-1.2246467991473532e-16f,0.9537169507482269f,-0.30070579950427323f,-1.1267773660560918f,0f,0f,0f,1f], start_interpolation: 0, interpolation_duration: 1 }
$data merge entity $(bone_torn_part) { transformation: [-1f,-1.224646799147353e-16f,1.8488927466117464e-32f,-0.09374999999999983f,0f,1.6653345369377348e-16f,1f,-0.2505594568279084f,-1.2246467991473532e-16f,1f,-1.6653345369377348e-16f,-1.4002666603723752f,0f,0f,0f,1f], start_interpolation: 0, interpolation_duration: 1 }
$data merge entity $(bone_lowerbody) { transformation: [-1f,-1.16796641102639e-16f,3.6825839484795395e-17f,0.003906250000000224f,0f,0.30070579950427323f,0.9537169507482269f,-0.5315049066910738f,-1.2246467991473532e-16f,0.9537169507482269f,-0.30070579950427323f,-1.8236620121746194f,0f,0f,0f,1f], start_interpolation: 0, interpolation_duration: 1 }
$data merge entity $(bone_leftfoot) { transformation: [-1f,-9.638932776604514e-17f,7.554267217558892e-17f,0.28125000000000033f,0f,0.6168527303397572f,0.7870785914204419f,-1.8128428584257281f,-1.2246467991473532e-16f,0.7870785914204419f,-0.6168527303397572f,-3.0407656451616227f,0f,0f,0f,1f], start_interpolation: 0, interpolation_duration: 1 }
$data merge entity $(bone_leftlowerleg) { transformation: [-1f,-1.0632015434199736e-16f,6.077518084968926e-17f,0.2812500000000002f,0f,0.4962670125950054f,0.8681699443139165f,-1.3956871550284708f,-1.2246467991473532e-16f,0.8681699443139165f,-0.4962670125950054f,-2.0013903578713292f,0f,0f,0f,1f], start_interpolation: 0, interpolation_duration: 1 }
$data merge entity $(bone_leftleg) { transformation: [-1f,-1.2971088495929515e-17f,1.2177581323830007e-16f,0.2500000000000002f,0f,0.994374976712348f,0.10591697544925188f,-0.3419220189066287f,-1.2246467991473532e-16f,0.10591697544925188f,-0.994374976712348f,-1.862958182609828f,0f,0f,0f,1f], start_interpolation: 0, interpolation_duration: 1 }
$data merge entity $(bone_rightfoot) { transformation: [-1f,-3.2081411133905677e-17f,-1.1818790499148332e-16f,-0.2812499999999996f,0f,-0.9650774825343139f,0.2619646020080401f,0.7843247491595621f,-1.2246467991473532e-16f,0.2619646020080401f,0.9650774825343139f,-3.5122999704948428f,0f,0f,0f,1f], start_interpolation: 0, interpolation_duration: 1 }
$data merge entity $(bone_rightlowerleg) { transformation: [-1f,-8.171163100668086e-17f,-9.1218458575261e-17f,-0.28124999999999967f,0f,-0.7448552402110621f,0.6672261019550426f,-0.14451540440078126f,-1.2246467991473532e-16f,0.6672261019550426f,0.7448552402110621f,-2.886539762555221f,0f,0f,0f,1f], start_interpolation: 0, interpolation_duration: 1 }
$data merge entity $(bone_rightleg) { transformation: [-1f,-1.2001468060840268e-16f,-2.437363873289479e-17f,-0.24999999999999978f,0f,-0.19902586402760924f,0.9799942374565596f,-0.3815012723626801f,-1.2246467991473532e-16f,0.9799942374565596f,0.19902586402760924f,-1.8504788919304007f,0f,0f,0f,1f], start_interpolation: 0, interpolation_duration: 1 }
data modify entity @s data merge value {"locators":{"lefthand":{"posx":0.9472754986479833,"posy":-0.1797463689436805,"posz":0.6453906349307856,"roty":115.47091707712082,"rotx":-45.02176134674906},"righthand":{"posx":-0.9324595453912514,"posy":-0.169871036084885,"posz":0.5660558132822225,"roty":245.34616808860264,"rotx":-47.06162222037944},"chest":{"posx":-0.37499999999999983,"posy":-0.6836111599970524,"posz":-1.344572261248457,"roty":0,"rotx":77.72000000000001},"sack":{"posx":0,"posy":-0.4375,"posz":0,"roty":0,"rotx":0}},"cameras":{}}