# This file was generated by Animated Java via MC-Build. It is not recommended to edit this file directly.
$data merge entity $(bone_nose) { transformation: [-0.9947752650826029f,-0.040349328502630386f,0.0937768823816606f,-0.1906394716105296f,-0.034938654692769563f,0.9976675808732026f,0.05864033153786609f,4.465244193762724f,-0.09592425338826682f,0.05505751323841514f,-0.993864783483098f,1.0793882488476834f,0f,0f,0f,1f], start_interpolation: 0, interpolation_duration: 1 }
$data merge entity $(bone_glowing_eye) { transformation: [-0.9947752650826029f,-0.040349328502630386f,0.0937768823816606f,-0.3209907600450367f,-0.034938654692769563f,0.9976675808732026f,0.05864033153786609f,4.526380772181118f,-0.09592425338826682f,0.05505751323841514f,-0.993864783483098f,1.1058070909478181f,0f,0f,0f,1f], start_interpolation: 0, interpolation_duration: 1 }
$data merge entity $(bone_head) { transformation: [-0.9947752650826029f,-0.040349328502630386f,0.0937768823816606f,-0.16809707250829853f,-0.034938654692769563f,0.9976675808732026f,0.05864033153786609f,4.353036013869815f,-0.09592425338826682f,0.05505751323841514f,-0.993864783483098f,0.8864837691366053f,0f,0f,0f,1f], start_interpolation: 0, interpolation_duration: 1 }
$data merge entity $(bone_leftthumb2) { transformation: [-0.1807941585072391f,0.08869384172094338f,0.979513590865609f,0.17333010890376258f,-0.9635197615345562f,-0.21580153397963137f,-0.1583015068293054f,4.044728940459789f,0.1973401666717902f,-0.9724006892083209f,0.1244739259649662f,3.1190015457030524f,0f,0f,0f,1f], start_interpolation: 0, interpolation_duration: 1 }
$data merge entity $(bone_leftthumb) { transformation: [-0.1807941585072391f,0.08869384172094338f,0.979513590865609f,0.2787883910734088f,-0.9635197615345562f,-0.21580153397963137f,-0.1583015068293054f,3.9782771817429246f,0.1973401666717902f,-0.9724006892083209f,0.1244739259649662f,2.8911648002080317f,0f,0f,0f,1f], start_interpolation: 0, interpolation_duration: 1 }
$data merge entity $(bone_leftpointerfinger) { transformation: [-0.1807941585072391f,0.08869384172094338f,0.979513590865609f,0.315374784917279f,-0.9635197615345562f,-0.21580153397963137f,-0.1583015068293054f,4.147051650865209f,0.1973401666717902f,-0.9724006892083209f,0.1244739259649662f,3.194484410904393f,0f,0f,0f,1f], start_interpolation: 0, interpolation_duration: 1 }
$data merge entity $(bone_leftmidfinger) { transformation: [-0.1807941585072391f,0.08869384172094338f,0.979513590865609f,0.4684237834900304f,-0.9635197615345562f,-0.21580153397963137f,-0.1583015068293054f,4.12231704042313f,0.1973401666717902f,-0.9724006892083209f,0.1244739259649662f,3.213933461836419f,0f,0f,0f,1f], start_interpolation: 0, interpolation_duration: 1 }
$data merge entity $(bone_leftringfinger) { transformation: [-0.1807941585072391f,0.08869384172094338f,0.979513590865609f,0.6214727820627818f,-0.9635197615345562f,-0.21580153397963137f,-0.1583015068293054f,4.097582429981052f,0.1973401666717902f,-0.9724006892083209f,0.1244739259649662f,3.233382512768445f,0f,0f,0f,1f], start_interpolation: 0, interpolation_duration: 1 }
$data merge entity $(bone_invisibility) { transformation: [0.17372656941911002f,-0.9680560682767946f,0.1807941585072393f,0.26056696942084956f,-0.2287772293963562f,0.13889077882320955f,0.963519761534556f,3.947735324886873f,-0.9578517935398947f,-0.20875056941324976f,-0.19734016667179016f,3.1212395565867883f,0f,0f,0f,1f], start_interpolation: 0, interpolation_duration: 1 }
$data merge entity $(bone_swiftness) { transformation: [0.979513590865609f,0.08869384172094338f,0.18079415850723932f,0.4227988000737541f,-0.15830150682930563f,-0.21580153397963137f,0.9635197615345562f,3.897093841528132f,0.12447392596496624f,-0.9724006892083209f,-0.19734016667179016f,3.286535972853944f,0f,0f,0f,1f], start_interpolation: 0, interpolation_duration: 1 }
$data merge entity $(bone_suspicious_stew) { transformation: [0.49434425053690156f,-0.8502571576945228f,0.18079415850723912f,0.440068243877482f,-0.26248371834732864f,0.052268219167586755f,0.9635197615345564f,3.928169489261674f,-0.828689362525952f,-0.523765977373751f,-0.19734016667179036f,3.1901597000118596f,0f,0f,0f,1f], start_interpolation: 0, interpolation_duration: 1 }
$data merge entity $(bone_log) { transformation: [-0.1807941585072391f,0.08869384172094338f,0.979513590865609f,0.4801202213043717f,-0.9635197615345562f,-0.21580153397963137f,-0.1583015068293054f,3.8034439367377315f,0.1973401666717902f,-0.9724006892083209f,0.1244739259649662f,3.0929449697659073f,0f,0f,0f,1f], start_interpolation: 0, interpolation_duration: 1 }
$data merge entity $(bone_planks) { transformation: [-0.1807941585072391f,0.08869384172094338f,0.979513590865609f,0.463170768944318f,-0.9635197615345562f,-0.21580153397963137f,-0.1583015068293054f,3.713113959093867f,0.1973401666717902f,-0.9724006892083209f,0.1244739259649662f,3.111445610391388f,0f,0f,0f,1f], start_interpolation: 0, interpolation_duration: 1 }
$data merge entity $(bone_lefthand1) { transformation: [-0.1807941585072391f,0.08869384172094338f,0.979513590865609f,0.516882421646867f,-0.9635197615345562f,-0.21580153397963137f,-0.1583015068293054f,3.995320415714879f,0.1973401666717902f,-0.9724006892083209f,0.1244739259649662f,2.7966199456094745f,0f,0f,0f,1f], start_interpolation: 0, interpolation_duration: 1 }
$data merge entity $(bone_leftforearm) { transformation: [-0.9744299236595734f,0.08869384172094338f,0.2064454560351916f,0.5151176986276321f,-0.22113815763067013f,-0.21580153397963137f,-0.951066566109728f,3.8446242423789982f,-0.039802501385098776f,-0.9724006892083209f,0.22989706503274684f,2.1068209130321685f,0f,0f,0f,1f], start_interpolation: 0, interpolation_duration: 1 }
$data merge entity $(bone_leftelbow) { transformation: [-0.9936678865585769f,0.0749811875338312f,0.0836776716826388f,0.5291766712902255f,-0.08699897257162521f,-0.04217627192400125f,-0.9953151967382359f,3.836716191393248f,-0.07110070318704781f,-0.9962926194660927f,0.0484324932632859f,1.9200160468822762f,0f,0f,0f,1f], start_interpolation: 0, interpolation_duration: 1 }
$data merge entity $(bone_leftarm) { transformation: [-0.9936678865585769f,0.0749811875338312f,0.0836776716826388f,0.3466874876323699f,-0.08699897257162521f,-0.04217627192400125f,-0.9953151967382359f,3.827700630079274f,-0.07110070318704781f,-0.9962926194660927f,0.0484324932632859f,1.4048029429125857f,0f,0f,0f,1f], start_interpolation: 0, interpolation_duration: 1 }
$data merge entity $(bone_rightthumb2) { transformation: [0.10199221275645282f,0.8411092519616927f,-0.5311617595436293f,-1.2678391880684903f,0.11287506452197091f,0.5207128934852777f,0.8462371431031324f,4.373184664753342f,0.9883606671383699f,-0.14626451662187817f,-0.04183160086782417f,-0.5270379567083424f,0f,0f,0f,1f], start_interpolation: 0, interpolation_duration: 1 }
$data merge entity $(bone_rightthumb) { transformation: [0.10199221275645282f,0.8411092519616927f,-0.5311617595436293f,-1.1069552084104746f,0.11287506452197091f,0.5207128934852777f,0.8462371431031324f,4.573202907190641f,0.9883606671383699f,-0.14626451662187817f,-0.04183160086782417f,-0.5664830564571455f,0f,0f,0f,1f], start_interpolation: 0, interpolation_duration: 1 }
$data merge entity $(bone_rightpointerfinger) { transformation: [-0.6417911758322757f,0.7474982058451423f,-0.17131993136269463f,-1.3327165783078632f,0.764466338490591f,0.6058944357972735f,-0.2201888961430458f,4.830674959135278f,-0.06078901166012174f,-0.27228361120015454f,-0.9602949188312874f,-0.6340561147309305f,0f,0f,0f,1f], start_interpolation: 0, interpolation_duration: 1 }
$data merge entity $(bone_rightmidfinger) { transformation: [-0.7338686578542519f,0.6573326966894923f,-0.17131993136269463f,-1.3594853175832842f,0.6788411293978137f,0.7004938051497727f,-0.2201888961430458f,4.796270444112928f,-0.024728810264539203f,-0.27788874538151365f,-0.9602949188312874f,-0.7841021957983191f,0f,0f,0f,1f], start_interpolation: 0, interpolation_duration: 1 }
$data merge entity $(bone_rightringfinger) { transformation: [-0.6737857466378174f,0.7187922152789361f,-0.17131993136269463f,-1.3862540568587052f,0.7373099918306764f,0.6386633118959905f,-0.2201888961430458f,4.761865929090576f,-0.04885430968059131f,-0.27467603698255916f,-0.9602949188312874f,-0.9341482768657077f,0f,0f,0f,1f], start_interpolation: 0, interpolation_duration: 1 }
$data merge entity $(bone_hugeasssword) { transformation: [1.8757526269943734f,3.384555057767789f,0.6054889933268535f,-1.3249218699165748f,3.2571504499496853f,-1.5282440027819753f,-1.5478110324362178f,4.474070547344574f,-1.1012723579996229f,1.244803240145682f,-3.546539420985835f,-0.7001192125049572f,0f,0f,0f,1f], start_interpolation: 0, interpolation_duration: 1 }
$data merge entity $(bone_ice) { transformation: [0.5199113809249674f,0.8368641688485504f,-0.17131993136269463f,-1.346121487881786f,0.8077312552938105f,-0.5468885345632986f,-0.2201888961430458f,4.46999487983316f,-0.2779611037648586f,-0.023901750158363433f,-0.9602949188312874f,-0.695402605412407f,0f,0f,0f,1f], start_interpolation: 0, interpolation_duration: 1 }
$data merge entity $(bone_righthand1) { transformation: [0.5199113809249674f,0.8368641688485504f,-0.17131993136269463f,-1.0122813482934907f,0.8077312552938105f,-0.5468885345632986f,-0.2201888961430458f,4.528324657011318f,-0.2779611037648586f,-0.023901750158363433f,-0.9602949188312874f,-0.8008775351066901f,0f,0f,0f,1f], start_interpolation: 0, interpolation_duration: 1 }
$data merge entity $(bone_rightforearm) { transformation: [0.7756950220237355f,0.5792067277105812f,0.25063279789843373f,-0.6574236942156346f,0.6264663589462358f,-0.6585911830300789f,-0.4168903389905877f,4.032612495555882f,-0.07640113818682494f,0.4803927770167262f,-0.8737194320111668f,-0.4446744265049535f,0f,0f,0f,1f], start_interpolation: 0, interpolation_duration: 1 }
$data merge entity $(bone_rightelbow) { transformation: [0.6465035941683106f,0.45273308279573155f,0.6140568853695313f,-0.572536241191435f,0.7340577568294806f,-0.1498815294650389f,-0.6623403481320549f,4.004509708781187f,-0.2078276025120998f,0.8789586354701193f,-0.4292311786981212f,-0.2798696823543061f,0f,0f,0f,1f], start_interpolation: 0, interpolation_duration: 1 }
$data merge entity $(bone_rightarm) { transformation: [0.6465035941683106f,0.24712874857064104f,0.7217759239247076f,-0.6129500257530796f,0.7340577568294806f,0.056225028674110694f,-0.6767554623267302f,3.8931956970095043f,-0.2078276025120998f,0.9673500544169646f,-0.14505709170381237f,0.25380066701944215f,0f,0f,0f,1f], start_interpolation: 0, interpolation_duration: 1 }
$data merge entity $(bone_chest1) { transformation: [-0.6930715374450469f,-0.123440451682139f,0.823422983637923f,-0.032690214067280725f,0.04730199278294386f,1.0637939915511188f,0.1992886753671949f,3.7233884343142414f,-0.8312794214783813f,0.16345002153367363f,-0.6751812534411187f,0.7347334186348319f,0f,0f,0f,1f], start_interpolation: 0, interpolation_duration: 1 }
$data merge entity $(bone_chest1lid) { transformation: [-0.6397583422569664f,-0.11394503232197448f,0.7600827541273136f,-0.470680352787828f,0.04366337795348664f,0.9819636845087251f,0.18395877726202609f,2.995187184806719f,-0.7673348505954289f,0.1508769429541603f,-0.6232442339456481f,0.613515470253476f,0f,0f,0f,1f], start_interpolation: 0, interpolation_duration: 1 }
$data merge entity $(bone_chest2) { transformation: [-0.6397583422569664f,-0.11394503232197448f,0.7600827541273136f,-0.4528764414875195f,0.04366337795348664f,0.9819636845087251f,0.18395877726202609f,2.8417553591022306f,-0.7673348505954289f,0.1508769429541603f,-0.6232442339456481f,0.5899409479168884f,0f,0f,0f,1f], start_interpolation: 0, interpolation_duration: 1 }
$data merge entity $(bone_chest1lid3) { transformation: [-0.6397583422569664f,-0.11394503232197448f,0.7600827541273136f,0.0562325579660427f,0.04366337795348664f,0.9819636845087251f,0.18395877726202609f,3.1103068153681113f,-0.7673348505954289f,0.1508769429541603f,-0.6232442339456481f,0.2622080610442594f,0f,0f,0f,1f], start_interpolation: 0, interpolation_duration: 1 }
$data merge entity $(bone_chest3) { transformation: [-0.6397583422569664f,-0.11394503232197448f,0.7600827541273136f,0.07403646926635121f,0.04366337795348664f,0.9819636845087251f,0.18395877726202609f,2.956874989663623f,-0.7673348505954289f,0.1508769429541603f,-0.6232442339456481f,0.2386335387076719f,0f,0f,0f,1f], start_interpolation: 0, interpolation_duration: 1 }
$data merge entity $(bone_hugeasssword2) { transformation: [-2.9769907869986456f,1.5459051167242255f,-2.0218756148657655f,-0.7517469723080297f,-0.7205052109429353f,2.4722510360255474f,2.95112263954795f,4.965293371687709f,2.4410399162871212f,2.6150391895216876f,-1.5947325613207046f,-0.2007167960131766f,0f,0f,0f,1f], start_interpolation: 0, interpolation_duration: 1 }
$data merge entity $(bone_belt) { transformation: [-0.6397583422569664f,-0.11394503232197448f,0.7600827541273136f,-0.0663085620600565f,0.04366337795348664f,0.9819636845087251f,0.18395877726202609f,3.3067636926067108f,-0.7673348505954289f,0.1508769429541603f,-0.6232442339456481f,0.7807956103779797f,0f,0f,0f,1f], start_interpolation: 0, interpolation_duration: 1 }
$data merge entity $(bone_torn_part) { transformation: [-0.6397583422569664f,-0.305795390923093f,0.7051229980668698f,-0.11401305878044049f,0.04366337795348664f,0.9014982355408558f,0.43057454725333477f,3.0355793101818698f,-0.7673348505954289f,0.30625171053712674f,-0.563388956986889f,0.6442488324445143f,0f,0f,0f,1f], start_interpolation: 0, interpolation_duration: 1 }
$data merge entity $(bone_lowerbody) { transformation: [-0.6397583422569664f,-0.07960767290148618f,0.7644422031310334f,-0.12016540895078139f,0.04366337795348664f,0.9892504117829364f,0.1395604966062443f,2.52865718596496f,-0.7673348505954289f,0.12266312079227618f,-0.6294052636093777f,0.7477998896936893f,0f,0f,0f,1f], start_interpolation: 0, interpolation_duration: 1 }
$data merge entity $(bone_leftfoot) { transformation: [-0.9554439528050437f,-0.10672900738700813f,0.27520132999398383f,0.3571738403553486f,-0.07681140833638403f,0.9901196817353348f,0.1173159127727379f,0.46504103935658403f,-0.2850032641877194f,0.0909501776936324f,-0.9542018678350203f,0.8166258496993731f,0f,0f,0f,1f], start_interpolation: 0, interpolation_duration: 1 }
$data merge entity $(bone_leftlowerleg) { transformation: [-0.9554439528050437f,-0.10672900738700813f,0.27520132999398383f,0.19648786743762953f,-0.07681140833638403f,0.9901196817353348f,0.1173159127727379f,1.5454299845413082f,-0.2850032641877194f,0.0909501776936324f,-0.9542018678350203f,1.0641326454379256f,0f,0f,0f,1f], start_interpolation: 0, interpolation_duration: 1 }
$data merge entity $(bone_leftleg) { transformation: [-0.9554439528050437f,0.01896590915256785f,0.294562637376654f,0.1791105590048421f,-0.07681140833638403f,0.9475772537196061f,-0.31015698570657807f,2.5579075295600253f,-0.2850032641877194f,-0.3189633874337708f,-0.9039001586896194f,0.7398669492287531f,0f,0f,0f,1f], start_interpolation: 0, interpolation_duration: 1 }
$data merge entity $(bone_rightfoot) { transformation: [-0.7366411274882696f,-0.16392873942042238f,0.6561152472583168f,-0.2775769105691124f,0.1752301295714601f,0.8907783361357422f,0.4192950721885579f,0.621328490400897f,-0.65318776089512f,0.42384115451814003f,-0.6274587036240311f,-0.05807299821530132f,0f,0f,0f,1f], start_interpolation: 0, interpolation_duration: 1 }
$data merge entity $(bone_rightlowerleg) { transformation: [-0.7366411274882696f,-0.16392873942042238f,0.6561152472583168f,-0.5602445931006771f,0.1752301295714601f,0.8907783361357422f,0.4192950721885579f,1.5451128536256549f,-0.65318776089512f,0.42384115451814003f,-0.6274587036240311f,0.5085320672582643f,0f,0f,0f,1f], start_interpolation: 0, interpolation_duration: 1 }
$data merge entity $(bone_rightleg) { transformation: [-0.7366411274882696f,0.2953168562164977f,0.6083977348143362f,-0.23929421589695796f,0.1752301295714601f,0.9522435400048476f,-0.25005327874156247f,2.5579075295600253f,-0.65318776089512f,-0.07758991528182413f,-0.753210165932045f,0.46611990478923027f,0f,0f,0f,1f], start_interpolation: 0, interpolation_duration: 1 }
data modify entity @s data merge value {"locators":{"lefthand":{"posx":0.4748355674227015,"posy":3.913106870267963,"posz":3.1484682278916245,"roty":97.24217472112497,"rotx":-9.108323337026324},"righthand":{"posx":-1.3077789246307867,"posy":4.557705269871741,"posz":-0.706083385937399,"roty":349.8846553812883,"rotx":-12.720128011910644},"chest":{"posx":-0.6023141667956275,"posy":2.9064353761387784,"posz":0.6774883587917413,"roty":50.64931222686815,"rotx":10.600432903305764},"sack":{"posx":0,"posy":-0.4375,"posz":0,"roty":0,"rotx":0}},"cameras":{}}