# This file was generated by Animated Java via MC-Build. It is not recommended to edit this file directly.
$data merge entity $(bone_nose) { transformation: [-0.984948494282644f,-0.12480906976388216f,0.11957909397142513f,-0.12811472700192386f,-0.09166644097219899f,0.9636891100530387f,0.2507998460220271f,4.062396915514381f,-0.14653916612920548f,0.23606354074667385f,-0.9606249411296277f,0.29988620676846917f,0f,0f,0f,1f], start_interpolation: 0, interpolation_duration: 1 }
$data merge entity $(bone_glowing_eye) { transformation: [-0.984948494282644f,-0.12480906976388216f,0.11957909397142513f,-0.2638566641050276f,-0.09166644097219899f,0.9636891100530387f,0.2507998460220271f,4.107436375740624f,-0.14653916612920548f,0.23606354074667385f,-0.9606249411296277f,0.33107383843844346f,0f,0f,0f,1f], start_interpolation: 0, interpolation_duration: 1 }
$data merge entity $(bone_head) { transformation: [-0.984948494282644f,-0.12480906976388216f,0.11957909397142513f,-0.09031190985420352f,-0.09166644097219899f,0.9636891100530387f,0.2507998460220271f,3.9903671209003564f,-0.14653916612920548f,0.23606354074667385f,-0.9606249411296277f,0.09085599510440634f,0f,0f,0f,1f], start_interpolation: 0, interpolation_duration: 1 }
$data merge entity $(bone_leftthumb2) { transformation: [-0.6470438539055728f,0.18164989885022f,0.7404981872838912f,0.7668983037926064f,-0.39340139164748095f,0.7524032079672821f,-0.5283225886618592f,2.7253992824579663f,-0.65312295639707f,-0.6331609012630577f,-0.41537654837376586f,0.027839735808293242f,0f,0f,0f,1f], start_interpolation: 0, interpolation_duration: 1 }
$data merge entity $(bone_leftthumb) { transformation: [-0.6470438539055728f,0.18164989885022f,0.7404981872838912f,0.8747277029511946f,-0.39340139164748095f,0.7524032079672821f,-0.5283225886618592f,2.8647713985673118f,-0.65312295639707f,-0.6331609012630577f,-0.41537654837376586f,-0.1629352679023633f,0f,0f,0f,1f], start_interpolation: 0, interpolation_duration: 1 }
$data merge entity $(bone_leftpointerfinger) { transformation: [-0.3245418439616453f,0.5885023586590341f,0.7404981872838912f,0.9206051039408206f,0.2601106188717193f,0.8082188492356529f,-0.5283225886618592f,2.636152251820966f,-0.909403682348024f,0.02114865463688964f,-0.41537654837376586f,0.0967852004754867f,0f,0f,0f,1f], start_interpolation: 0, interpolation_duration: 1 }
$data merge entity $(bone_leftmidfinger) { transformation: [-0.383579894696426f,0.5518413712417276f,0.7404981872838912f,1.0363079457039286f,0.17525721732764432f,0.8307587797214079f,-0.5283225886618592f,2.5536018473425504f,-0.9067256322390194f,-0.07287627118511952f,-0.41537654837376586f,0.03188261479208578f,0f,0f,0f,1f], start_interpolation: 0, interpolation_duration: 1 }
$data merge entity $(bone_leftringfinger) { transformation: [-0.383579894696426f,0.5518413712417276f,0.7404981872838912f,1.1520107874670367f,0.17525721732764432f,0.8307587797214079f,-0.5283225886618592f,2.471051442864135f,-0.9067256322390194f,-0.07287627118511952f,-0.41537654837376586f,-0.033019970891315135f,0f,0f,0f,1f], start_interpolation: 0, interpolation_duration: 1 }
$data merge entity $(bone_invisibility) { transformation: [0.24549733565951282f,-0.7218485362644327f,0.6470438539055728f,0.796011770667647f,0.7034937389790373f,0.5918884221431595f,0.3934013916474808f,2.6611936726541674f,-0.6669539844707234f,0.35861230657323645f,0.6531229563970697f,-0.0819468102879306f,0f,0f,0f,1f], start_interpolation: 0, interpolation_duration: 1 }
$data merge entity $(bone_swiftness) { transformation: [0.740498187283891f,0.18164989885022f,0.647043853905573f,0.8765566532135679f,-0.5283225886618593f,0.7524032079672821f,0.39340139164748084f,2.439755522260815f,-0.41537654837376603f,-0.6331609012630577f,0.6531229563970699f,-0.10810592706518302f,0f,0f,0f,1f], start_interpolation: 0, interpolation_duration: 1 }
$data merge entity $(bone_suspicious_stew) { transformation: [0.47757877457443126f,-0.5943507089244603f,0.647043853905573f,0.9263403417747724f,0.4586301123134822f,0.7968022120508627f,0.39340139164748117f,2.5268642869066027f,-0.7493843701034253f,0.10887364084958173f,0.65312295639707f,-0.13015049586130586f,0f,0f,0f,1f], start_interpolation: 0, interpolation_duration: 1 }
$data merge entity $(bone_log) { transformation: [-0.6470438539055728f,0.18164989885022f,0.7404981872838912f,0.9230970703563349f,-0.39340139164748095f,0.7524032079672821f,-0.5283225886618592f,2.5592681860920368f,-0.65312295639707f,-0.6331609012630577f,-0.41537654837376586f,-0.28999666138643365f,0f,0f,0f,1f], start_interpolation: 0, interpolation_duration: 1 }
$data merge entity $(bone_planks) { transformation: [-0.6470438539055728f,0.18164989885022f,0.7404981872838912f,0.8624367090526874f,-0.39340139164748095f,0.7524032079672821f,-0.5283225886618592f,2.5223868056250853f,-0.65312295639707f,-0.6331609012630577f,-0.41537654837376586f,-0.35122693854865894f,0f,0f,0f,1f], start_interpolation: 0, interpolation_duration: 1 }
$data merge entity $(bone_lefthand1) { transformation: [-0.6470438539055728f,0.18164989885022f,0.7404981872838912f,1.1071299401926615f,-0.39340139164748095f,0.7524032079672821f,-0.5283225886618592f,2.862229416891411f,-0.65312295639707f,-0.6331609012630577f,-0.41537654837376586f,-0.27202563046625045f,0f,0f,0f,1f], start_interpolation: 0, interpolation_duration: 1 }
$data merge entity $(bone_leftforearm) { transformation: [-0.47701969607144107f,0.4755060112972277f,0.739152381299087f,1.3971296474493153f,0.1766433914259338f,0.8757133331168087f,-0.44935873249219666f,3.5132999095191577f,-0.8609583740375921f,-0.08378658258724989f,-0.5017275024880494f,-0.4023039093022229f,0f,0f,0f,1f], start_interpolation: 0, interpolation_duration: 1 }
$data merge entity $(bone_leftelbow) { transformation: [-0.47701969607144107f,0.4755060112972277f,0.739152381299087f,1.4862870245675455f,0.1766433914259338f,0.8757133331168087f,-0.44935873249219666f,3.6774961594785593f,-0.8609583740375921f,-0.08378658258724989f,-0.5017275024880494f,-0.4180138935373322f,0f,0f,0f,1f], start_interpolation: 0, interpolation_duration: 1 }
$data merge entity $(bone_leftarm) { transformation: [-0.7719178206712345f,-0.6135505759690502f,0.16642887026660602f,0.8021525447936095f,-0.05908006613444419f,0.32989722356581763f,0.9421663163524339f,3.646754126023966f,-0.6329711082788232f,0.7174423409665838f,-0.2909021544654948f,-0.03265345601087283f,0f,0f,0f,1f], start_interpolation: 0, interpolation_duration: 1 }
$data merge entity $(bone_rightthumb2) { transformation: [-0.968385921619743f,-0.23734149168883872f,0.07679663489761684f,-0.7200592492307267f,-0.24709244771456215f,0.8703363434490677f,-0.4259811868546928f,2.4505690308451116f,0.03426410791348988f,-0.4314900527180475f,-0.9014667521957034f,-0.045098378704918396f,0f,0f,0f,1f], start_interpolation: 0, interpolation_duration: 1 }
$data merge entity $(bone_rightthumb) { transformation: [-0.968385921619743f,-0.23734149168883872f,0.07679663489761684f,-0.7717026215794637f,-0.24709244771456215f,0.8703363434490677f,-0.4259811868546928f,2.6276092042777845f,0.03426410791348988f,-0.4314900527180475f,-0.9014667521957034f,-0.2279551729343885f,0f,0f,0f,1f], start_interpolation: 0, interpolation_duration: 1 }
$data merge entity $(bone_rightpointerfinger) { transformation: [-0.7771721318547976f,-0.6245844653340903f,0.07679663489761684f,-0.796142312535397f,-0.5919576801934963f,0.684197437371554f,-0.4259811868546928f,2.295036486980965f,0.2135171710383113f,-0.37652106495855875f,-0.9014667521957034f,-0.12488111659241477f,0f,0f,0f,1f], start_interpolation: 0, interpolation_duration: 1 }
$data merge entity $(bone_rightmidfinger) { transformation: [-0.7491884444567376f,-0.6578897715885967f,0.07679663489761684f,-0.7841428383326444f,-0.6212385407041146f,0.6577254016606697f,-0.4259811868546928f,2.2284769265349196f,0.22973756818665048f,-0.36684921214228444f,-0.9014667521957034f,-0.26573529662299344f,0f,0f,0f,1f], start_interpolation: 0, interpolation_duration: 1 }
$data merge entity $(bone_rightringfinger) { transformation: [-0.777191992899625f,-0.6245597513778097f,0.07679663489761684f,-0.7721433641298917f,-0.5919359227971595f,0.6842162609498129f,-0.4259811868546928f,2.1619173660888737f,0.21350519777041602f,-0.3765278544951837f,-0.9014667521957034f,-0.40658947665357204f,0f,0f,0f,1f], start_interpolation: 0, interpolation_duration: 1 }
$data merge entity $(bone_hugeasssword) { transformation: [-3.792844859677327f,-0.9295875091146184f,0.300786820015666f,-0.5763252658219709f,-0.9677787535487018f,3.4088173451755157f,-1.6684263151808802f,2.4775538837667965f,0.1342010893278354f,-1.6900027064790195f,-3.5307447794331717f,-0.3483976992428097f,0f,0f,0f,1f], start_interpolation: 0, interpolation_duration: 1 }
$data merge entity $(bone_ice) { transformation: [-0.968385921619743f,-0.23734149168883872f,0.07679663489761684f,-0.5574857749890242f,-0.24709244771456215f,0.8703363434490677f,-0.4259811868546928f,2.467815697895945f,0.03426410791348988f,-0.4314900527180475f,-0.9014667521957034f,-0.3421910438552386f,0f,0f,0f,1f], start_interpolation: 0, interpolation_duration: 1 }
$data merge entity $(bone_righthand1) { transformation: [-0.968385921619743f,-0.23734149168883872f,0.07679663489761684f,-0.8565177334756191f,-0.24709244771456215f,0.8703363434490677f,-0.4259811868546928f,2.610314759740362f,0.03426410791348988f,-0.4314900527180475f,-0.9014667521957034f,-0.4696683660624937f,0f,0f,0f,1f], start_interpolation: 0, interpolation_duration: 1 }
$data merge entity $(bone_rightforearm) { transformation: [-0.5575566243829894f,-0.6534371413499613f,-0.5120063602251801f,-1.2534697600003535f,-0.31036389589720154f,0.7361269104739232f,-0.6014910005973718f,3.169331131330977f,0.7699382200736351f,-0.17645700320618443f,-0.613235732234624f,-0.680038403352655f,0f,0f,0f,1f], start_interpolation: 0, interpolation_duration: 1 }
$data merge entity $(bone_rightelbow) { transformation: [-0.5575566243829894f,-0.6534371413499613f,-0.5120063602251801f,-1.3759892240034712f,-0.31036389589720154f,0.7361269104739232f,-0.6014910005973718f,3.3073549270448375f,0.7699382200736351f,-0.17645700320618443f,-0.613235732234624f,-0.7131240914538146f,0f,0f,0f,1f], start_interpolation: 0, interpolation_duration: 1 }
$data merge entity $(bone_rightarm) { transformation: [-0.8518779304137818f,0.35846952652668956f,-0.3818423630579289f,-0.8466928683223559f,-0.16375437901825063f,0.5102139169068246f,0.8443140780224756f,3.4968293451076513f,0.497482155485279f,0.7817808884504193f,-0.3759390208895506f,-0.27885818617515257f,0f,0f,0f,1f], start_interpolation: 0, interpolation_duration: 1 }
$data merge entity $(bone_chest1) { transformation: [-1.0670275354728642f,-0.135209825577539f,0.1295440184690439f,-0.000882607845524977f,-0.09930531105321556f,1.0439965358907919f,0.2716998331905293f,3.3778633509213143f,-0.15875076330663926f,0.2557355024755633f,-1.0406770195570967f,-0.1429404812038781f,0f,0f,0f,1f], start_interpolation: 0, interpolation_duration: 1 }
$data merge entity $(bone_chest1lid) { transformation: [-0.984948494282644f,-0.12480906976388216f,0.11957909397142513f,-0.29866342987591116f,-0.09166644097219899f,0.9636891100530387f,0.2507998460220271f,2.5897904054823138f,-0.14653916612920548f,0.23606354074667385f,-0.9606249411296277f,0.021600781428177875f,0f,0f,0f,1f], start_interpolation: 0, interpolation_duration: 1 }
$data merge entity $(bone_chest2) { transformation: [-0.984948494282644f,-0.12480906976388216f,0.11957909397142513f,-0.27916201272530455f,-0.09166644097219899f,0.9636891100530387f,0.2507998460220271f,2.4392139820365264f,-0.14653916612920548f,0.23606354074667385f,-0.9606249411296277f,-0.015284146813489913f,0f,0f,0f,1f], start_interpolation: 0, interpolation_duration: 1 }
$data merge entity $(bone_chest1lid3) { transformation: [-0.984948494282644f,-0.12480906976388216f,0.11957909397142513f,-0.16049879190780167f,-0.09166644097219899f,0.9636891100530387f,0.2507998460220271f,2.756188209400937f,-0.14653916612920548f,0.23606354074667385f,-0.9606249411296277f,-0.5846408735999146f,0f,0f,0f,1f], start_interpolation: 0, interpolation_duration: 1 }
$data merge entity $(bone_chest3) { transformation: [-0.984948494282644f,-0.12480906976388216f,0.11957909397142513f,-0.1409973747571951f,-0.09166644097219899f,0.9636891100530387f,0.2507998460220271f,2.6056117859551495f,-0.14653916612920548f,0.23606354074667385f,-0.9606249411296277f,-0.6215258018415823f,0f,0f,0f,1f], start_interpolation: 0, interpolation_duration: 1 }
$data merge entity $(bone_hugeasssword2) { transformation: [-0.46835145138808265f,2.5139533015058575f,-2.9666417872079287f,-1.327526124554801f,-0.982299396919606f,2.814683185365737f,2.540260663516353f,4.449539177103694f,3.762447686091042f,1.047795372028797f,0.2939218358015952f,-0.304078627770284f,0f,0f,0f,1f], start_interpolation: 0, interpolation_duration: 1 }
$data merge entity $(bone_belt) { transformation: [-0.984948494282644f,-0.12480906976388216f,0.11957909397142513f,0.06472605565118299f,-0.09166644097219899f,0.9636891100530387f,0.2507998460220271f,2.9641027023912776f,-0.14653916612920548f,0.23606354074667385f,-0.9606249411296277f,-0.10652999871611882f,0f,0f,0f,1f], start_interpolation: 0, interpolation_duration: 1 }
$data merge entity $(bone_torn_part) { transformation: [-0.9628873311060073f,-0.23725598044112717f,0.12867628895981442f,0.0007975698763818817f,-0.17446358226944916f,0.9108786192357018f,0.3739820844385094f,2.652686073632227f,-0.20593796652696494f,0.3376532848413898f,-0.9184660108999995f,-0.055512732800335474f,0f,0f,0f,1f], start_interpolation: 0, interpolation_duration: 1 }
$data merge entity $(bone_lowerbody) { transformation: [-0.9628873311060073f,-0.18758134386418893f,0.19406500722607128f,0.15913159722222264f,-0.17446358226944916f,0.9811789609405853f,0.08276656975654105f,2.1789931944444443f,-0.20593796652696494f,0.04583760510386805f,-0.9774909042549095f,0.07967641203703701f,0f,0f,0f,1f], start_interpolation: 0, interpolation_duration: 1 }
$data merge entity $(bone_leftfoot) { transformation: [-0.9916939980632532f,-0.1284424463047504f,0.005012979644661825f,0.5301474649063271f,-0.11993906237044225f,0.9386785299426306f,0.32325950887138677f,0.25489125694458037f,-0.046225677419268724f,0.3199776214034898f,-0.946296062188771f,-0.242395220033797f,0f,0f,0f,1f], start_interpolation: 0, interpolation_duration: 1 }
$data merge entity $(bone_leftlowerleg) { transformation: [-0.9916939980632532f,-0.1284424463047504f,0.005012979644661825f,0.3868864036463783f,-0.11993906237044225f,0.9386785299426306f,0.32325950887138677f,1.246570341821949f,-0.046225677419268724f,0.3199776214034898f,-0.946296062188771f,0.2579742036207321f,0f,0f,0f,1f], start_interpolation: 0, interpolation_duration: 1 }
$data merge entity $(bone_leftleg) { transformation: [-0.9755398838682988f,0.032439665759418354f,0.21741897663381313f,0.3934332448453027f,-0.031304708306202945f,0.9584697524518557f,-0.2834684979657506f,2.2147855791250506f,-0.21758545838846854f,-0.2833406434653569f,-0.9340099567245237f,0.018265867524959747f,0f,0f,0f,1f], start_interpolation: 0, interpolation_duration: 1 }
$data merge entity $(bone_rightfoot) { transformation: [-0.901886643025918f,0.11204213370482957f,0.4171760170004942f,-0.4583243217231364f,0.24431771946598818f,0.9287674441744669f,0.27874414817584076f,0.2029169301806606f,-0.356222944197106f,0.3533258000063607f,-0.865028154848291f,-0.3018537384158941f,0f,0f,0f,1f], start_interpolation: 0, interpolation_duration: 1 }
$data merge entity $(bone_rightlowerleg) { transformation: [-0.901886643025918f,0.11204213370482957f,0.4171760170004942f,-0.39812484951139265f,0.24431771946598818f,0.9287674441744669f,0.27874414817584076f,1.1904404947001401f,-0.356222944197106f,0.3533258000063607f,-0.865028154848291f,0.2230248624604248f,0f,0f,0f,1f], start_interpolation: 0, interpolation_duration: 1 }
$data merge entity $(bone_rightleg) { transformation: [-0.9156730396843281f,0.2703559323294935f,0.29738863178566055f,-0.11495101981226041f,0.12742629929462432f,0.8970516588451536f,-0.42315854145111587f,2.090817528142294f,-0.3811710227952613f,-0.3495797351355027f,-0.8558685206298987f,-0.052814273698230496f,0f,0f,0f,1f], start_interpolation: 0, interpolation_duration: 1 }
data modify entity @s data merge value {"locators":{"lefthand":{"posx":0.957995749135998,"posy":2.545623106384386,"posz":-0.17281043024469192,"roty":60.710101763887224,"rotx":-31.89218880969827},"righthand":{"posx":-0.6457634417535123,"posy":2.4377077316009172,"posz":-0.3181513336615715,"roty":4.86931390717865,"rotx":-25.2127851564785},"chest":{"posx":-0.3403267368950363,"posy":2.487507783882676,"posz":0.15236510824147742,"roty":7.095708478183525,"rotx":14.524847989718188},"sack":{"posx":0,"posy":-0.4375,"posz":0,"roty":0,"rotx":0}},"cameras":{}}