# This file was generated by Animated Java via MC-Build. It is not recommended to edit this file directly.
$data merge entity $(bone_nose) { transformation: [-0.9998003878143081f,-0.019393612829641884f,-0.004803364214093164f,-0.14379298191401713f,-0.019971466458113624f,0.9769420272276182f,0.21256861471982225f,4.104892515771003f,0.0005701349592192179f,0.21262211366131634f,-0.9771343365823978f,0.22790266485500993f,0f,0f,0f,1f], start_interpolation: 0, interpolation_duration: 1 }
$data merge entity $(bone_glowing_eye) { transformation: [-0.9998003878143081f,-0.019393612829641884f,-0.004803364214093164f,-0.26991351915612327f,-0.019971466458113624f,0.9769420272276182f,0.21256861471982225f,4.161125280694987f,0.0005701349592192179f,0.21262211366131634f,-0.9771343365823978f,0.2764678897584601f,0f,0f,0f,1f], start_interpolation: 0, interpolation_duration: 1 }
$data merge entity $(bone_head) { transformation: [-0.9998003878143081f,-0.019393612829641884f,-0.004803364214093164f,-0.14229777317276307f,-0.019971466458113624f,0.9769420272276182f,0.21256861471982225f,4.024067303142132f,0.0005701349592192179f,0.21262211366131634f,-0.9771343365823978f,0.018675460507478925f,0f,0f,0f,1f], start_interpolation: 0, interpolation_duration: 1 }
$data merge entity $(bone_leftthumb2) { transformation: [-0.6497630295594468f,0.3437997553647203f,0.677945229077459f,0.5443157446510946f,-0.3859771066599495f,0.6191160928371552f,-0.6838983380038803f,3.3342610208470385f,-0.6548508826840993f,-0.7060431940053059f,-0.26957991328480413f,1.624458556416312f,0f,0f,0f,1f], start_interpolation: 0, interpolation_duration: 1 }
$data merge entity $(bone_leftthumb) { transformation: [-0.6497630295594468f,0.3437997553647203f,0.677945229077459f,0.6865655605700139f,-0.3859771066599495f,0.6191160928371552f,-0.6838983380038803f,3.427650357024688f,-0.6548508826840993f,-0.7060431940053059f,-0.26957991328480413f,1.4282691329709296f,0f,0f,0f,1f], start_interpolation: 0, interpolation_duration: 1 }
$data merge entity $(bone_leftpointerfinger) { transformation: [-0.5835395487747425f,0.4470703092209121f,0.677945229077459f,0.6766027798120355f,-0.27764078548508386f,0.6746841168359876f,-0.6838983380038803f,3.2346614005094962f,-0.7631495195903593f,-0.5873069734835112f,-0.26957991328480413f,1.7189273128622689f,0f,0f,0f,1f], start_interpolation: 0, interpolation_duration: 1 }
$data merge entity $(bone_leftmidfinger) { transformation: [-0.593143243178831f,0.4342480390772192f,0.677945229077459f,0.7825317218553884f,-0.29227712845419374f,0.668473741786543f,-0.6838983380038803f,3.12780228519639f,-0.7501700962140982f,-0.6037975630122141f,-0.26957991328480413f,1.6768054514115183f,0f,0f,0f,1f], start_interpolation: 0, interpolation_duration: 1 }
$data merge entity $(bone_leftringfinger) { transformation: [-0.593143243178831f,0.4342480390772192f,0.677945229077459f,0.8884606638987415f,-0.29227712845419374f,0.668473741786543f,-0.6838983380038803f,3.020943169883284f,-0.7501700962140982f,-0.6037975630122141f,-0.26957991328480413f,1.6346835899607675f,0f,0f,0f,1f], start_interpolation: 0, interpolation_duration: 1 }
$data merge entity $(bone_invisibility) { transformation: [0.4015783134820504f,-0.645401319768283f,0.6497630295594468f,0.5711895216039848f,0.5571545015750335f,0.7352554212714725f,0.3859771066599493f,3.251378338727441f,-0.7268519240640339f,0.207018361340893f,0.6548508826840991f,1.5273436703048198f,0f,0f,0f,1f], start_interpolation: 0, interpolation_duration: 1 }
$data merge entity $(bone_swiftness) { transformation: [0.6779452290774589f,0.3437997553647203f,0.6497630295594469f,0.6179062744698302f,-0.6838983380038804f,0.6191160928371552f,0.38597710665994933f,3.0192057399041876f,-0.2695799132848043f,-0.7060431940053059f,0.6548508826840992f,1.5383009191319401f,0f,0f,0f,1f], start_interpolation: 0, interpolation_duration: 1 }
$data merge entity $(bone_suspicious_stew) { transformation: [0.5981004297364574f,-0.46913098529813085f,0.6497630295594469f,0.6821886385232871f,0.272081809203466f,0.8814721562448717f,0.38597710665994966f,3.094126333499972f,-0.7538218390638693f,-0.05406437272569087f,0.6548508826840993f,1.5098932112829178f,0f,0f,0f,1f], start_interpolation: 0, interpolation_duration: 1 }
$data merge entity $(bone_log) { transformation: [-0.6497630295594468f,0.3437997553647203f,0.677945229077459f,0.6960270065356849f,-0.3859771066599495f,0.6191160928371552f,-0.6838983380038803f,3.103272756761314f,-0.6548508826840993f,-0.7060431940053059f,-0.26957991328480413f,1.347608983345395f,0f,0f,0f,1f], start_interpolation: 0, interpolation_duration: 1 }
$data merge entity $(bone_planks) { transformation: [-0.6497630295594468f,0.3437997553647203f,0.677945229077459f,0.6351117225144868f,-0.3859771066599495f,0.6191160928371552f,-0.6838983380038803f,3.0670874030119437f,-0.6548508826840993f,-0.7060431940053059f,-0.26957991328480413f,1.2862167130937607f,0f,0f,0f,1f], start_interpolation: 0, interpolation_duration: 1 }
$data merge entity $(bone_lefthand1) { transformation: [-0.6497630295594468f,0.3437997553647203f,0.677945229077459f,0.9232319143580562f,-0.3859771066599495f,0.6191160928371552f,-0.6838983380038803f,3.3759178796982114f,-0.6548508826840993f,-0.7060431940053059f,-0.26957991328480413f,1.3432352778052437f,0f,0f,0f,1f], start_interpolation: 0, interpolation_duration: 1 }
$data merge entity $(bone_leftforearm) { transformation: [-0.44836248292015135f,0.2337159040753399f,0.8627560258218565f,1.0568561001589656f,-0.8559423234146768f,0.16585349179922065f,-0.4897503019350692f,3.4441571574094905f,-0.2575535340412989f,-0.9580550586684738f,0.12568485056913287f,0.6739532262975736f,0f,0f,0f,1f], start_interpolation: 0, interpolation_duration: 1 }
$data merge entity $(bone_leftelbow) { transformation: [-0.44836248292015135f,0.2337159040753399f,0.8627560258218565f,1.100677832173092f,-0.8559423234146768f,0.16585349179922065f,-0.4897503019350692f,3.4752546871218444f,-0.2575535340412989f,-0.9580550586684738f,0.12568485056913287f,0.4943179027972348f,0f,0f,0f,1f], start_interpolation: 0, interpolation_duration: 1 }
$data merge entity $(bone_leftarm) { transformation: [-0.5826012307621529f,-0.2894726744809218f,0.7594612410408365f,0.6997962701552096f,-0.802777556434198f,0.3509404413909254f,-0.4820674242073208f,3.527683575361706f,-0.12698031658474904f,-0.890531513942772f,-0.4368404993528324f,0.05584231962190972f,0f,0f,0f,1f], start_interpolation: 0, interpolation_duration: 1 }
$data merge entity $(bone_rightthumb2) { transformation: [0.014729199668210902f,-0.8881968064747718f,0.45922705021062393f,0.2608684824440564f,0.9102818378825525f,-0.178124574758961f,-0.3737092606400088f,3.906245162609955f,0.41372699488708325f,0.42353048158893597f,0.8058857889718286f,-0.056326736822975676f,0f,0f,0f,1f], start_interpolation: 0, interpolation_duration: 1 }
$data merge entity $(bone_rightthumb) { transformation: [0.014729199668210902f,-0.8881968064747718f,0.45922705021062393f,0.08228927277554154f,0.9102818378825525f,-0.178124574758961f,-0.3737092606400088f,3.830625187443487f,0.41372699488708325f,0.42353048158893597f,0.8058857889718286f,0.11640992211915901f,0f,0f,0f,1f], start_interpolation: 0, interpolation_duration: 1 }
$data merge entity $(bone_rightpointerfinger) { transformation: [-0.28760694556599764f,-0.8404717492081734f,0.45922705021062393f,0.3968661240924096f,0.7957895238771842f,-0.47650857515812123f,-0.3737092606400088f,3.9711167679621746f,0.5329177033553326f,0.25796669665623584f,0.8058857889718286f,0.06046626927161863f,0f,0f,0f,1f], start_interpolation: 0, interpolation_duration: 1 }
$data merge entity $(bone_rightmidfinger) { transformation: [-0.2506723446839672f,-0.8522170451038231f,0.45922705021062393f,0.4686203506878196f,0.8158171207057006f,-0.4413431930769508f,-0.3737092606400088f,3.9127246959871735f,0.5211581345178287f,0.28096671325826045f,0.8058857889718286f,0.18638592379846686f,0f,0f,0f,1f], start_interpolation: 0, interpolation_duration: 1 }
$data merge entity $(bone_rightringfinger) { transformation: [-0.2135266963545019f,-0.8622742407719145f,0.45922705021062393f,0.5403745772832296f,0.8341666299383687f,-0.4055951454457545f,-0.3737092606400088f,3.854332624012172f,0.5085001312105998f,0.30327497702918954f,0.8058857889718286f,0.3123055783253151f,0f,0f,0f,1f], start_interpolation: 0, interpolation_duration: 1 }
$data merge entity $(bone_hugeasssword) { transformation: [0.05768936536715937f,-3.4787708253595233f,1.7986392799916104f,0.27711750805122204f,3.565270531706664f,-0.6976545844725973f,-1.463694604173368f,3.6405887357492066f,1.6204307299744096f,1.658827719556666f,3.1563860068063287f,0.14992735440165317f,0f,0f,0f,1f], start_interpolation: 0, interpolation_duration: 1 }
$data merge entity $(bone_ice) { transformation: [0.014729199668210902f,-0.8881968064747718f,0.45922705021062393f,0.2907654394075746f,0.9102818378825525f,-0.178124574758961f,-0.3737092606400088f,3.6291487785129006f,0.41372699488708325f,0.42353048158893597f,0.8058857889718286f,0.13684520633171537f,0f,0f,0f,1f], start_interpolation: 0, interpolation_duration: 1 }
$data merge entity $(bone_righthand1) { transformation: [0.014729199668210902f,-0.8881968064747718f,0.45922705021062393f,0.08674938302501634f,0.9102818378825525f,-0.178124574758961f,-0.3737092606400088f,3.800509679898798f,0.41372699488708325f,0.42353048158893597f,0.8058857889718286f,0.3713435063560898f,0f,0f,0f,1f], start_interpolation: 0, interpolation_duration: 1 }
$data merge entity $(bone_rightforearm) { transformation: [-0.29494333313695387f,-0.8777597414657625f,0.37755299826649724f,-0.5074116620007982f,0.954112522210974f,-0.29194335052827586f,0.06662113060086974f,3.542396863971771f,0.05174674094354137f,0.3798775017611359f,0.9235883057171305f,0.6376613560946696f,0f,0f,0f,1f], start_interpolation: 0, interpolation_duration: 1 }
$data merge entity $(bone_rightelbow) { transformation: [-0.29494333313695387f,-0.8777597414657625f,0.37755299826649724f,-0.6719916135256286f,0.954112522210974f,-0.29194335052827586f,0.06662113060086974f,3.4876574857477194f,0.05174674094354137f,0.3798775017611359f,0.9235883057171305f,0.7088883876748826f,0f,0f,0f,1f], start_interpolation: 0, interpolation_duration: 1 }
$data merge entity $(bone_rightarm) { transformation: [-0.44922828055813074f,-0.7648330470281987f,-0.4617622354852624f,-0.965938055339826f,0.6871291924152442f,0.03455526282874202f,-0.7257130333276447f,3.469857775998917f,0.5710056259596397f,-0.6433011300972492f,0.5100159126321864f,0.014508881726761985f,0f,0f,0f,1f], start_interpolation: 0, interpolation_duration: 1 }
$data merge entity $(bone_chest1) { transformation: [-1.0831170867988338f,-0.02100974723211204f,-0.005203644565267594f,-0.13227856999072057f,-0.021635755329623092f,1.0583538628299196f,0.2302826659464741f,3.399905720185687f,0.0006176462058208193f,0.23034062313309267f,-1.058562197964264f,-0.20073555689905392f,0f,0f,0f,1f], start_interpolation: 0, interpolation_duration: 1 }
$data merge entity $(bone_chest1lid) { transformation: [-0.9998003878143081f,-0.019393612829641884f,-0.004803364214093164f,-0.4585030899763808f,-0.019971466458113624f,0.9769420272276182f,0.21256861471982225f,2.642214289427001f,0.0005701349592192179f,0.21262211366131634f,-0.9771343365823978f,0.03651424968785848f,0f,0f,0f,1f], start_interpolation: 0, interpolation_duration: 1 }
$data merge entity $(bone_chest2) { transformation: [-0.9998003878143081f,-0.019393612829641884f,-0.004803364214093164f,-0.45547283797174926f,-0.019971466458113624f,0.9769420272276182f,0.21256861471982225f,2.4895670976726856f,0.0005701349592192179f,0.21262211366131634f,-0.9771343365823978f,0.003292044428277796f,0f,0f,0f,1f], start_interpolation: 0, interpolation_duration: 1 }
$data merge entity $(bone_chest1lid3) { transformation: [-0.9998003878143081f,-0.019393612829641884f,-0.004803364214093164f,-0.39909272093764f,-0.019971466458113624f,0.9769420272276182f,0.21256861471982225f,2.779639274885519f,0.0005701349592192179f,0.21262211366131634f,-0.9771343365823978f,-0.5894980681201913f,0f,0f,0f,1f], start_interpolation: 0, interpolation_duration: 1 }
$data merge entity $(bone_chest3) { transformation: [-0.9998003878143081f,-0.019393612829641884f,-0.004803364214093164f,-0.39606246893300845f,-0.019971466458113624f,0.9769420272276182f,0.21256861471982225f,2.6269920831312037f,0.0005701349592192179f,0.21262211366131634f,-0.9771343365823978f,-0.622720273379772f,0f,0f,0f,1f], start_interpolation: 0, interpolation_duration: 1 }
$data merge entity $(bone_hugeasssword2) { transformation: [0.018813176505197354f,2.835776460043245f,-2.701535805950417f,-1.3878594917936498f,-0.832560407652637f,2.6427198250386055f,2.7682400314522906f,4.565162218223548f,3.827109484947725f,0.5609648587837807f,0.6154910196019379f,-0.21220036018323346f,0f,0f,0f,1f], start_interpolation: 0, interpolation_duration: 1 }
$data merge entity $(bone_belt) { transformation: [-0.9998003878143081f,-0.019393612829641884f,-0.004803364214093164f,-0.09190238313704646f,-0.019971466458113624f,0.9769420272276182f,0.21256861471982225f,2.9835743004980686f,0.0005701349592192179f,0.21262211366131634f,-0.9771343365823978f,-0.15753825664936383f,0f,0f,0f,1f], start_interpolation: 0, interpolation_duration: 1 }
$data merge entity $(bone_torn_part) { transformation: [-0.9921403040454075f,-0.11662236106595068f,0.0453524198702706f,-0.14991888615562457f,-0.10669075741133037f,0.9777942850320308f,0.18037577010700862f,2.665152162900039f,-0.06538118515049217f,0.17411938736999621f,-0.9825516472787649f,-0.07440820664976858f,0f,0f,0f,1f], start_interpolation: 0, interpolation_duration: 1 }
$data merge entity $(bone_lowerbody) { transformation: [-0.9921403040454075f,-0.09758698690833403f,0.07832239191214048f,-0.016394375000000017f,-0.10669075741133037f,0.986779024141018f,-0.12200098277594645f,2.2109018750000002f,-0.06538118515049217f,-0.12939836746053934f,-0.98943487058364f,0.13429875000000002f,0f,0f,0f,1f], start_interpolation: 0, interpolation_duration: 1 }
$data merge entity $(bone_leftfoot) { transformation: [-0.9725584898648378f,-0.1812737088541434f,-0.14584178506206352f,0.5102816843240046f,-0.20505871067115553f,0.9640061923577055f,0.16924238911656153f,0.20978087560850134f,0.10991318833383548f,0.1945042507871269f,-0.9747241596759717f,-0.04684791331330934f,0f,0f,0f,1f], start_interpolation: 0, interpolation_duration: 1 }
$data merge entity $(bone_leftlowerleg) { transformation: [-0.9725584898648378f,-0.1812737088541434f,-0.14584178506206352f,0.3315891157809156f,-0.20505871067115553f,0.9640061923577055f,0.16924238911656153f,1.2532218926030234f,0.10991318833383548f,0.1945042507871269f,-0.9747241596759717f,0.31869234261967405f,0f,0f,0f,1f], start_interpolation: 0, interpolation_duration: 1 }
$data merge entity $(bone_leftleg) { transformation: [-0.9952776089703087f,-0.07128942418325457f,0.06588094627405691f,0.2333874950883422f,-0.0894936798214138f,0.9367595838569732f,-0.33833764692113777f,2.2130314304137984f,-0.03759471178726398f,-0.34263581256449277f,-0.938715791703699f,0.018875887309554945f,0f,0f,0f,1f], start_interpolation: 0, interpolation_duration: 1 }
$data merge entity $(bone_rightfoot) { transformation: [-0.9338642322505696f,0.061952862137508044f,0.3522207242568573f,-0.44038422283245676f,0.15688749351145384f,0.9560215368315457f,0.24780866710820038f,0.2046424073361961f,-0.32137814191812697f,0.2866786772454837f,-0.9025139477648155f,-0.10342570253274452f,0f,0f,0f,1f], start_interpolation: 0, interpolation_duration: 1 }
$data merge entity $(bone_rightlowerleg) { transformation: [-0.9338642322505696f,0.061952862137508044f,0.3522207242568573f,-0.4257724397150563f,0.15688749351145384f,0.9560215368315457f,0.24780866710820038f,1.2271540822204359f,-0.32137814191812697f,0.2866786772454837f,-0.9025139477648155f,0.3532757746120063f,0f,0f,0f,1f], start_interpolation: 0, interpolation_duration: 1 }
$data merge entity $(bone_rightleg) { transformation: [-0.9840395819104103f,0.1302345867866047f,0.12126439559123289f,-0.2855740943825426f,0.06861992920593532f,0.9064616162633811f,-0.41667570550363414f,2.142451725712526f,-0.1641871083531138f,-0.4017042327953505f,-0.9009307980111135f,0.004485834883066198f,0f,0f,0f,1f], start_interpolation: 0, interpolation_duration: 1 }
data modify entity @s data merge value {"locators":{"lefthand":{"posx":0.7194900404646791,"posy":3.101775577289092,"posz":1.4683730642737691,"roty":68.31512322614677,"rotx":-43.149029152445515},"righthand":{"posx":0.29884895431809666,"posy":3.723110104492499,"posz":0.15642248287486749,"roty":150.3237209362228,"rotx":-21.9445597108032},"chest":{"posx":-0.48778422563527324,"posy":2.5473174583484863,"posz":0.17592042439250144,"roty":359.71834959652347,"rotx":12.272922246587989},"sack":{"posx":0,"posy":-0.4375,"posz":0,"roty":0,"rotx":0}},"cameras":{}}