# This file was generated by Animated Java via MC-Build. It is not recommended to edit this file directly.
$data merge entity $(bone_nose) { transformation: [-1f,-1.159952817494225e-16f,3.9277123602558643e-17f,-1.9933293625921837e-16f,0f,0.3207220533292122f,0.9471733550455764f,3.1241612576765303f,-1.2246467991473532e-16f,0.9471733550455764f,-0.3207220533292122f,1.6283455839331777f,0f,0f,0f,1f], start_interpolation: 0, interpolation_duration: 1 }
$data merge entity $(bone_glowing_eye) { transformation: [-1f,-1.159952817494225e-16f,3.9277123602558643e-17f,-0.1250000000000002f,0f,0.3207220533292122f,0.9471733550455764f,3.112824540345939f,-1.2246467991473532e-16f,0.9471733550455764f,-0.3207220533292122f,1.7036687123554792f,0f,0f,0f,1f], start_interpolation: 0, interpolation_duration: 1 }
$data merge entity $(bone_head) { transformation: [-1f,-1.159952817494225e-16f,3.9277123602558643e-17f,-1.7765536357385807e-16f,0f,0.3207220533292122f,0.9471733550455764f,3.2619224473869153f,-1.2246467991473532e-16f,0.9471733550455764f,-0.3207220533292122f,1.451334769872723f,0f,0f,0f,1f], start_interpolation: 0, interpolation_duration: 1 }
$data merge entity $(bone_leftthumb2) { transformation: [-1f,1.0408340855860843e-16f,-1.3877787807814457e-17f,1.2379312046583293f,-1.3877787807814457e-17f,0.3778335141774145f,-0.925873552686513f,1.8205328704615338f,-8.326672684688674e-17f,-0.9258735526865131f,-0.37783351417741456f,1.932841432017168f,0f,0f,0f,1f], start_interpolation: 0, interpolation_duration: 1 }
$data merge entity $(bone_leftthumb) { transformation: [-1f,1.0408340855860843e-16f,-1.3877787807814457e-17f,1.2379312046583293f,-1.3877787807814457e-17f,0.3778335141774145f,-0.925873552686513f,1.8340708669334806f,-8.326672684688674e-17f,-0.9258735526865131f,-0.37783351417741456f,1.6734891797346294f,0f,0f,0f,1f], start_interpolation: 0, interpolation_duration: 1 }
$data merge entity $(bone_leftpointerfinger) { transformation: [-0.12854320606946837f,0.02266563541681549f,-0.9914448613738105f,1.2057335290555f,0.8827090262569594f,0.45827426010146066f,-0.10396863706401617f,1.5444396583264486f,0.4519971450550021f,-0.8885217901096238f,-0.07891520362082767f,1.8655913519285034f,0f,0f,0f,1f], start_interpolation: 0, interpolation_duration: 1 }
$data merge entity $(bone_leftmidfinger) { transformation: [-0.12854320606946837f,0.02266563541681549f,-0.9914448613738105f,1.0508202694658422f,0.8827090262569594f,0.45827426010146066f,-0.10396863706401617f,1.5281945587851962f,0.4519971450550021f,-0.8885217901096238f,-0.07891520362082767f,1.853260851362749f,0f,0f,0f,1f], start_interpolation: 0, interpolation_duration: 1 }
$data merge entity $(bone_leftringfinger) { transformation: [-0.1260786200725189f,0.033782664431261884f,-0.9914448613738105f,0.8959070098761843f,0.9192912854361865f,0.37959722737150536f,-0.10396863706401617f,1.5119494592439435f,0.3728373828919157f,-0.9245348433432837f,-0.07891520362082767f,1.8409303507969947f,0f,0f,0f,1f], start_interpolation: 0, interpolation_duration: 1 }
$data merge entity $(bone_invisibility) { transformation: [-0.08641011328638329f,0.9876721143508954f,0.13052619222005118f,1.2122425199321718f,0.5932307360308227f,0.1562667446250408f,-0.7897202025734306f,1.7618885600799465f,-0.8003815253678475f,0.009192336913085866f,-0.5994204824594446f,1.8933278132919327f,0f,0f,0f,1f], start_interpolation: 0, interpolation_duration: 1 }
$data merge entity $(bone_swiftness) { transformation: [-0.9914448613738105f,9.754736304381422e-17f,0.1305261922200512f,1.0195483964394114f,-0.10396863706401599f,0.6045928581735233f,-0.7897202025734308f,1.701653461154924f,-0.07891520362082753f,-0.7965346670707871f,-0.5994204824594447f,2.0176151399724147f,0f,0f,0f,1f], start_interpolation: 0, interpolation_duration: 1 }
$data merge entity $(bone_suspicious_stew) { transformation: [-0.4190027039255485f,0.8985541982805566f,0.13052619222005146f,1.0263466084245825f,0.5040081706778649f,0.3497395681608406f,-0.7897202025734309f,1.7140541504035596f,-0.7552565775900474f,-0.26510863285652386f,-0.5994204824594449f,1.9158687751319707f,0f,0f,0f,1f], start_interpolation: 0, interpolation_duration: 1 }
$data merge entity $(bone_log) { transformation: [-0.13052619222005143f,9.754736304381422e-17f,-0.9914448613738105f,0.9676358000270553f,0.7897202025734308f,0.6045928581735233f,-0.10396863706401617f,1.8587909968041334f,0.5994204824594447f,-0.7965346670707871f,-0.07891520362082767f,1.868798461808969f,0f,0f,0f,1f], start_interpolation: 0, interpolation_duration: 1 }
$data merge entity $(bone_planks) { transformation: [-0.13052619222005143f,9.754736304381422e-17f,-0.9914448613738105f,0.9553989695064254f,0.7897202025734308f,0.6045928581735233f,-0.10396863706401617f,1.9328272657953924f,0.5994204824594447f,-0.7965346670707871f,-0.07891520362082767f,1.9249941320395418f,0f,0f,0f,1f], start_interpolation: 0, interpolation_duration: 1 }
$data merge entity $(bone_lefthand) { transformation: [-0.13052619222005143f,9.754736304381422e-17f,-0.9914448613738105f,1.0312499999999998f,0.7897202025734308f,0.6045928581735233f,-0.10396863706401617f,1.815758180612407f,0.5994204824594447f,-0.7965346670707871f,-0.07891520362082767f,1.5222757745395619f,0f,0f,0f,1f], start_interpolation: 0, interpolation_duration: 1 }
$data merge entity $(bone_leftforearm) { transformation: [-1f,9.754736304381422e-17f,7.404127085495551e-17f,0.9687499999999999f,0f,0.6045928581735233f,-0.7965346670707871f,2.2533083881886466f,-1.2246467991473532e-16f,-0.7965346670707871f,-0.6045928581735233f,0.9716591001643758f,0f,0f,0f,1f], start_interpolation: 0, interpolation_duration: 1 }
$data merge entity $(bone_leftelbow) { transformation: [-1f,3.804825873319864e-17f,1.1640415728826075e-16f,0.9687499999999999f,0f,0.9505120771907937f,-0.3106876101720867f,2.4315294026619205f,-1.2246467991473532e-16f,-0.3106876101720867f,-0.9505120771907937f,0.9134051732571096f,0f,0f,0f,1f], start_interpolation: 0, interpolation_duration: 1 }
$data merge entity $(bone_leftarm) { transformation: [-1f,-7.352911875286547e-17f,9.793399063678342e-17f,0.7499999999999999f,0f,0.7996917209514521f,0.600410818891286f,2.812612425047294f,-1.2246467991473532e-16f,0.600410818891286f,-0.7996917209514521f,1.2386009489824854f,0f,0f,0f,1f], start_interpolation: 0, interpolation_duration: 1 }
$data merge entity $(bone_rightthumb2) { transformation: [0.9819083728078282f,-0.14206490429931462f,-0.1251938911301524f,-0.9933420018633261f,0.13977046304529067f,0.9898165822770684f,-0.02696944770378981f,1.6724509820008187f,0.1277504014474591f,0.008983118376650733f,0.9917656671382828f,1.9325618776143805f,0f,0f,0f,1f], start_interpolation: 0, interpolation_duration: 1 }
$data merge entity $(bone_rightthumb) { transformation: [0.9819083728078282f,-0.14206490429931462f,-0.1251938911301524f,-1.0388811111072058f,0.13977046304529067f,0.9898165822770684f,-0.02696944770378981f,1.912891333602756f,0.1277504014474591f,0.008983118376650733f,0.9917656671382828f,2.019518734522336f,0f,0f,0f,1f], start_interpolation: 0, interpolation_duration: 1 }
$data merge entity $(bone_rightpointerfinger) { transformation: [-0.08141580032630567f,0.02159026715505421f,-0.9964463496954563f,-1.1128260790077074f,-0.06798665516492639f,0.9973163637050648f,0.027164046193287994f,1.9264430171019473f,0.9943587291197838f,0.06995663692802173f,-0.07972945988157962f,2.360362783130393f,0f,0f,0f,1f], start_interpolation: 0, interpolation_duration: 1 }
$data merge entity $(bone_rightmidfinger) { transformation: [-0.08228006475101672f,0.018018410672642128f,-0.9964463496954563f,-1.2685208211476224f,-0.11142427572805827f,0.9934016032667178f,0.027164046193287994f,1.9306873993196485f,0.9903608542965767f,0.11326337229636688f,-0.07972945988157962f,2.3479050550238956f,0f,0f,0f,1f], start_interpolation: 0, interpolation_duration: 1 }
$data merge entity $(bone_rightringfinger) { transformation: [-0.08353737222891483f,0.010778665023425548f,-0.9964463496954563f,-1.4242155632875375f,-0.19758092729842958f,0.9799101447389452f,0.027164046193287994f,1.9349317815373497f,0.9767206789092671f,0.19914800681405553f,-0.07972945988157962f,2.335447326917399f,0f,0f,0f,1f], start_interpolation: 0, interpolation_duration: 1 }
$data merge entity $(bone_hugeasssword) { transformation: [0.013539474964758724f,0.3296223969630503f,-3.902748202973871f,-1.2367748040368804f,3.7559304984348305f,1.1054159857786183f,0.10639251425704466f,1.7328677058122266f,1.1104416019415553f,-3.742951021798601f,-0.3122737178695202f,2.079725812476614f,0f,0f,0f,1f], start_interpolation: 0, interpolation_duration: 1 }
$data merge entity $(bone_ice) { transformation: [0.00345688722504478f,0.08415890986290644f,-0.9964463496954563f,-1.2381438008663797f,0.9589609783237865f,0.28223386870943445f,0.027164046193287994f,1.7134740363273324f,0.28351700475103536f,-0.9556470693953873f,-0.07972945988157962f,2.090227844736682f,0f,0f,0f,1f], start_interpolation: 0, interpolation_duration: 1 }
$data merge entity $(bone_righthand) { transformation: [0.00345688722504478f,0.08415890986290644f,-0.9964463496954563f,-1.247378800022375f,0.9589609783237865f,0.28223386870943445f,0.027164046193287994f,2.024621624529178f,0.28351700475103536f,-0.9556470693953873f,-0.07972945988157962f,1.9197037829542944f,0f,0f,0f,1f], start_interpolation: 0, interpolation_duration: 1 }
$data merge entity $(bone_rightforearm) { transformation: [-0.9536955904735654f,0.08336785075108422f,-0.2889887924685355f,-1.1246393556761f,0.2951385435808541f,0.44450522305061246f,-0.845759035880609f,2.331933185448471f,0.05794791458067804f,-0.891888394442864f,-0.4485277372179788f,1.2959812568443942f,0f,0f,0f,1f], start_interpolation: 0, interpolation_duration: 1 }
$data merge entity $(bone_rightelbow) { transformation: [-0.9536955904735654f,0.08336785075108422f,-0.2889887924685355f,-1.1090078836602717f,0.2951385435808541f,0.44450522305061246f,-0.845759035880609f,2.415277914770461f,0.05794791458067804f,-0.891888394442864f,-0.4485277372179788f,1.1287521828863571f,0f,0f,0f,1f], start_interpolation: 0, interpolation_duration: 1 }
$data merge entity $(bone_rightarm) { transformation: [-0.9536955904735654f,0.30077353718103095f,-0.0000065489172389304845f,-0.7500000000000001f,0.2951385435808541f,0.9358322937255468f,0.19264256568410348f,2.812612425047294f,0.05794791458067804f,0.18372043259254778f,-0.9812689956600877f,1.2386009489824854f,0f,0f,0f,1f], start_interpolation: 0, interpolation_duration: 1 }
$data merge entity $(bone_chest) { transformation: [-1.0833333333333333f,-6.353066990192065e-17f,1.1646974470268493e-16f,-0.00232312500000013f,0f,0.951047639072553f,0.5187672882185556f,2.7245941421887307f,-1.3267006990762992e-16f,0.5187672882185556f,-0.951047639072553f,1.0652102353588566f,0f,0f,0f,1f], start_interpolation: 0, interpolation_duration: 1 }
$data merge entity $(bone_chest1lid) { transformation: [-1f,-5.86436952940806e-17f,1.0751053357170916e-16f,-0.34375000000000017f,0f,0.8778901283746643f,0.4788621122017436f,1.9372126601744308f,-1.2246467991473532e-16f,0.4788621122017436f,-0.8778901283746643f,1.0814676404176384f,0f,0f,0f,1f], start_interpolation: 0, interpolation_duration: 1 }
$data merge entity $(bone_chest1) { transformation: [-1f,-5.86436952940806e-17f,1.0751053357170916e-16f,-0.34375000000000017f,0f,0.8778901283746643f,0.4788621122017436f,1.8000423276158894f,-1.2246467991473532e-16f,0.4788621122017436f,-0.8778901283746643f,1.006645435386116f,0f,0f,0f,1f], start_interpolation: 0, interpolation_duration: 1 }
$data merge entity $(bone_chest1lid3) { transformation: [-1f,-5.86436952940806e-17f,1.0751053357170916e-16f,-0.28125000000000006f,0f,0.8778901283746643f,0.4788621122017436f,2.243983700803673f,-1.2246467991473532e-16f,0.4788621122017436f,-0.8778901283746643f,0.5190692769276191f,0f,0f,0f,1f], start_interpolation: 0, interpolation_duration: 1 }
$data merge entity $(bone_chest3) { transformation: [-1f,-5.86436952940806e-17f,1.0751053357170916e-16f,-0.28125000000000006f,0f,0.8778901283746643f,0.4788621122017436f,2.1068133682451315f,-1.2246467991473532e-16f,0.4788621122017436f,-0.8778901283746643f,0.4442470718960967f,0f,0f,0f,1f], start_interpolation: 0, interpolation_duration: 1 }
$data merge entity $(bone_hugeasssword2) { transformation: [-1.2907576257789003e-15f,2.887669569172986f,-2.646061646494669f,-1.2343750000000002f,-1.8755432727901622f,2.322951398528481f,2.5350566087848847f,3.8700758454976123f,3.4384030028007686f,1.2670986690564614f,1.3827955492348736f,1.3882542630437298f,0f,0f,0f,1f], start_interpolation: 0, interpolation_duration: 1 }
$data merge entity $(bone_belt) { transformation: [-1f,-5.86436952940806e-17f,1.0751053357170916e-16f,0.029705624999999878f,0f,0.8778901283746643f,0.4788621122017436f,2.312219919710762f,-1.2246467991473532e-16f,0.4788621122017436f,-0.8778901283746643f,0.9893831027351006f,0f,0f,0f,1f], start_interpolation: 0, interpolation_duration: 1 }
$data merge entity $(bone_torn_part) { transformation: [-1f,-7.642177402562274e-17f,9.569383617242663e-17f,-0.09375000000000011f,0f,0.7813994715786823f,0.6240311417041269f,2.065949154818161f,-1.2246467991473532e-16f,0.6240311417041269f,-0.7813994715786823f,0.869264440198743f,0f,0f,0f,1f], start_interpolation: 0, interpolation_duration: 1 }
$data merge entity $(bone_lowerbody) { transformation: [-1f,-4.4109049780626505e-17f,1.1424530429767688e-16f,0.003906249999999899f,0f,0.9328837047320004f,0.36017772480471055f,1.5597895408163267f,-1.2246467991473532e-16f,0.36017772480471055f,-0.9328837047320004f,0.8245831814868805f,0f,0f,0f,1f], start_interpolation: 0, interpolation_duration: 1 }
$data merge entity $(bone_leftfoot) { transformation: [-0.9753667896506382f,0.21945074870958553f,0.02238290726000655f,-0.0006681617599305079f,-0.042585433717795204f,-0.28688559764426913f,0.957017834055018f,0.5411311199704257f,0.21643961393810277f,0.9324902266271176f,0.28916408968478796f,-0.8255570574689534f,0f,0f,0f,1f], start_interpolation: 0, interpolation_duration: 1 }
$data merge entity $(bone_leftlowerleg) { transformation: [-0.9753667896506382f,0.20570170678916608f,-0.0796645057138476f,0.2397722719800208f,-0.042585433717795204f,0.1787609895522584f,0.9829704926646399f,0.5884149770529459f,0.21643961393810277f,0.9621493212793539f,-0.16559763609425027f,0.26727069812155346f,0f,0f,0f,1f], start_interpolation: 0, interpolation_duration: 1 }
$data merge entity $(bone_leftleg) { transformation: [-0.9753667896506382f,0.032967434327222433f,-0.21811183810258436f,0.24999999999999992f,-0.042585433717795204f,0.9420272412718134f,0.3328230123307041f,1.5793207908163267f,0.21643961393810277f,0.3339129002834377f,-0.9174181535933481f,0.6527081814868805f,0f,0f,0f,1f], start_interpolation: 0, interpolation_duration: 1 }
$data merge entity $(bone_rightfoot) { transformation: [-0.9905012255519768f,0.03975505246065447f,0.1316315235188085f,-0.3870685155221866f,0.043246217459636076f,0.998781645728307f,0.023769493719656642f,0.11362755970829497f,-0.1305261922200517f,0.029236278150707395f,-0.9910136997965411f,0.9678238200275318f,0f,0f,0f,1f], start_interpolation: 0, interpolation_duration: 1 }
$data merge entity $(bone_rightlowerleg) { transformation: [-0.9905012255519768f,-0.014657963553476414f,0.13672039454484097f,-0.42433618430941317f,0.043246217459636076f,0.9106372728323398f,0.4109373699286947f,1.0607270552181214f,-0.1305261922200517f,0.41294660845313147f,-0.9013534332943934f,1.5644254753846374f,0f,0f,0f,1f], start_interpolation: 0, interpolation_duration: 1 }
$data merge entity $(bone_rightleg) { transformation: [-0.9905012255519768f,0.1355192622994258f,0.023277708775810698f,-0.25000000000000006f,0.043246217459636076f,0.46772232835174654f,-0.8828168486365985f,1.5793207908163267f,-0.1305261922200517f,-0.8734244976568041f,-0.46914023493779944f,0.6527081814868805f,0f,0f,0f,1f], start_interpolation: 0, interpolation_duration: 1 }
data modify entity @s data merge value {"locators":{"lefthand":{"posx":0.9953639565066509,"posy":1.739145420722193,"posz":1.8760651124998766,"roty":274.5509293277628,"rotx":-5.967748591798376},"righthand":{"posx":-1.2235652264416481,"posy":1.7985422856248323,"posz":2.132985322202044,"roty":274.5747069666806,"rotx":1.5565766706119537},"chest":{"posx":-0.37500000000000017,"posy":1.8075223221194918,"posz":1.1887090909635707,"roty":0,"rotx":28.611111111111125},"sack":{"posx":0,"posy":-0.4375,"posz":0,"roty":0,"rotx":0}},"cameras":{}}