# This file was generated by Animated Java via MC-Build. It is not recommended to edit this file directly.
$data merge entity $(bone_nose) {transformation: [-1f,0f,0f,0f,0f,0.9943f,0.1064f,3.6464f,0f,0.1064f,-0.9943f,0.7219f,0f,0f,0f,1f],start_interpolation: 0,interpolation_duration: 1}
$data merge entity $(bone_glowing_eye) {transformation: [-1f,0f,0f,-0.125f,0f,0.9943f,0.1064f,3.71f,0f,0.1064f,-0.9943f,0.7638f,0f,0f,0f,1f],start_interpolation: 0,interpolation_duration: 1}
$data merge entity $(bone_head) {transformation: [-1f,0f,0f,0f,0f,0.9943f,0.1064f,3.5436f,0f,0.1064f,-0.9943f,0.5225f,0f,0f,0f,1f],start_interpolation: 0,interpolation_duration: 1}
$data merge entity $(bone_leftthumb2) {transformation: [-0.9414f,0.2562f,0.2192f,0.8476f,-0.206f,0.0778f,-0.9755f,2.7481f,-0.267f,-0.9635f,-0.0205f,1.8215f,0f,0f,0f,1f],start_interpolation: 0,interpolation_duration: 1}
$data merge entity $(bone_leftthumb) {transformation: [-0.9414f,0.2562f,0.2192f,0.9292f,-0.206f,0.0778f,-0.9755f,2.6838f,-0.267f,-0.9635f,-0.0205f,1.5835f,0f,0f,0f,1f],start_interpolation: 0,interpolation_duration: 1}
$data merge entity $(bone_leftpointerfinger) {transformation: [-0.9414f,0.2673f,0.2057f,0.9844f,-0.206f,0.0272f,-0.9782f,2.6578f,-0.267f,-0.9632f,0.0294f,1.9254f,0f,0f,0f,1f],start_interpolation: 0,interpolation_duration: 1}
$data merge entity $(bone_leftmidfinger) {transformation: [-0.9414f,0.2673f,0.2057f,1.0165f,-0.206f,0.0272f,-0.9782f,2.5049f,-0.267f,-0.9632f,0.0294f,1.93f,0f,0f,0f,1f],start_interpolation: 0,interpolation_duration: 1}
$data merge entity $(bone_leftringfinger) {transformation: [-0.9414f,0.2673f,0.2057f,1.0487f,-0.206f,0.0272f,-0.9782f,2.3521f,-0.267f,-0.9632f,0.0294f,1.9346f,0f,0f,0f,1f],start_interpolation: 0,interpolation_duration: 1}
$data merge entity $(bone_invisibility) {transformation: [0.1857f,-0.1902f,0.964f,0.8203f,-0.0795f,0.975f,0.2077f,2.651f,-0.9794f,-0.1152f,0.1659f,1.7866f,0f,0f,0f,1f],start_interpolation: 0,interpolation_duration: 1}
$data merge entity $(bone_swiftness) {transformation: [0.2057f,0.1684f,0.964f,0.7858f,-0.9782f,0.0057f,0.2077f,2.456f,0.0294f,-0.9857f,0.1659f,1.9169f,0f,0f,0f,1f],start_interpolation: 0,interpolation_duration: 1}
$data merge entity $(bone_suspicious_stew) {transformation: [0.2396f,-0.1152f,0.964f,0.8509f,-0.4082f,0.889f,0.2077f,2.4674f,-0.8809f,-0.4433f,0.1659f,1.8383f,0f,0f,0f,1f],start_interpolation: 0,interpolation_duration: 1}
$data merge entity $(bone_log) {transformation: [-0.964f,0.1684f,0.2057f,0.7913f,-0.2077f,0.0057f,-0.9782f,2.4028f,-0.1659f,-0.9857f,0.0294f,1.7009f,0f,0f,0f,1f],start_interpolation: 0,interpolation_duration: 1}
$data merge entity $(bone_planks) {transformation: [-0.964f,0.1684f,0.2057f,0.7009f,-0.2077f,0.0057f,-0.9782f,2.3833f,-0.1659f,-0.9857f,0.0294f,1.6854f,0f,0f,0f,1f],start_interpolation: 0,interpolation_duration: 1}
$data merge entity $(bone_lefthand1) {transformation: [-0.964f,0.1684f,0.2057f,1.0679f,-0.2077f,0.0057f,-0.9782f,2.4867f,-0.1659f,-0.9857f,0.0294f,1.4951f,0f,0f,0f,1f],start_interpolation: 0,interpolation_duration: 1}
$data merge entity $(bone_leftforearm) {transformation: [-0.9819f,0.0504f,0.1827f,1.0391f,-0.1781f,0.0853f,-0.9803f,2.5509f,-0.065f,-0.9951f,-0.0748f,0.7925f,0f,0f,0f,1f],start_interpolation: 0,interpolation_duration: 1}
$data merge entity $(bone_leftelbow) {transformation: [-0.9819f,-0.1009f,0.1605f,1.0202f,-0.1781f,0.781f,-0.5986f,2.6973f,-0.065f,-0.6163f,-0.7848f,0.6769f,0f,0f,0f,1f],start_interpolation: 0,interpolation_duration: 1}
$data merge entity $(bone_leftarm) {transformation: [-0.9819f,-0.1009f,0.1605f,0.75f,-0.1781f,0.781f,-0.5986f,3.0676f,-0.065f,-0.6163f,-0.7848f,0.3791f,0f,0f,0f,1f],start_interpolation: 0,interpolation_duration: 1}
$data merge entity $(bone_rightthumb2) {transformation: [-0.0166f,0.1187f,-0.9928f,-1.0695f,-0.5686f,0.8156f,0.1071f,1.5869f,0.8224f,0.5663f,0.054f,-0.4869f,0f,0f,0f,1f],start_interpolation: 0,interpolation_duration: 1}
$data merge entity $(bone_rightthumb) {transformation: [-0.0166f,0.1187f,-0.9928f,-1.1253f,-0.5686f,0.8156f,0.1071f,1.796f,0.8224f,0.5663f,0.054f,-0.3434f,0f,0f,0f,1f],start_interpolation: 0,interpolation_duration: 1}
$data merge entity $(bone_rightpointerfinger) {transformation: [-0.2048f,-0.9784f,-0.0267f,-1.274f,-0.8053f,0.1529f,0.5727f,1.5642f,-0.5563f,0.1388f,-0.8193f,-0.5578f,0f,0f,0f,1f],start_interpolation: 0,interpolation_duration: 1}
$data merge entity $(bone_rightmidfinger) {transformation: [-0.2048f,-0.9784f,-0.0267f,-1.2782f,-0.8053f,0.1529f,0.5727f,1.6537f,-0.5563f,0.1388f,-0.8193f,-0.6858f,0f,0f,0f,1f],start_interpolation: 0,interpolation_duration: 1}
$data merge entity $(bone_rightringfinger) {transformation: [-0.3308f,-0.9433f,-0.0267f,-1.2824f,-0.7785f,0.2568f,0.5727f,1.7432f,-0.5334f,0.2102f,-0.8193f,-0.8138f,0f,0f,0f,1f],start_interpolation: 0,interpolation_duration: 1}
$data merge entity $(bone_hugeasssword) {transformation: [-3.8876f,0.4651f,-0.1045f,-0.99f,0.3218f,3.1945f,2.2432f,1.7886f,0.3516f,2.218f,-3.2089f,-0.5818f,0f,0f,0f,1f],start_interpolation: 0,interpolation_duration: 1}
$data merge entity $(bone_ice) {transformation: [-0.9926f,0.1187f,-0.0267f,-0.9764f,0.0822f,0.8156f,0.5727f,1.7746f,0.0898f,0.5663f,-0.8193f,-0.5921f,0f,0f,0f,1f],start_interpolation: 0,interpolation_duration: 1}
$data merge entity $(bone_righthand1) {transformation: [-0.9926f,0.1187f,-0.0267f,-1.1957f,0.0822f,0.8156f,0.5727f,2.0169f,0.0898f,0.5663f,-0.8193f,-0.4537f,0f,0f,0f,1f],start_interpolation: 0,interpolation_duration: 1}
$data merge entity $(bone_rightforearm) {transformation: [-0.9926f,0.1177f,-0.0311f,-1.0504f,0.0822f,0.8362f,0.5422f,2.5913f,0.0898f,0.5356f,-0.8397f,-0.0696f,0f,0f,0f,1f],start_interpolation: 0,interpolation_duration: 1}
$data merge entity $(bone_rightelbow) {transformation: [-0.9926f,0.119f,-0.0255f,-1.0281f,0.0822f,0.8097f,0.5811f,2.7431f,0.0898f,0.5747f,-0.8134f,0.0382f,0f,0f,0f,1f],start_interpolation: 0,interpolation_duration: 1}
$data merge entity $(bone_rightarm) {transformation: [-0.9926f,0.1213f,-0.0098f,-0.75f,0.0822f,0.7274f,0.6813f,3.0676f,0.0898f,0.6754f,-0.732f,0.3791f,0f,0f,0f,1f],start_interpolation: 0,interpolation_duration: 1}
$data merge entity $(bone_chest1) {transformation: [-1.0833f,0f,0f,-0.0023f,0f,1.0177f,0.3713f,2.9547f,0f,0.3713f,-1.0177f,0.2208f,0f,0f,0f,1f],start_interpolation: 0,interpolation_duration: 1}
$data merge entity $(bone_chest1lid) {transformation: [-1f,0f,0f,-0.3438f,0f,0.9394f,0.3428f,2.1785f,0f,0.3428f,-0.9394f,0.3541f,0f,0f,0f,1f],start_interpolation: 0,interpolation_duration: 1}
$data merge entity $(bone_chest2) {transformation: [-1f,0f,0f,-0.3438f,0f,0.9394f,0.3428f,2.0317f,0f,0.3428f,-0.9394f,0.3006f,0f,0f,0f,1f],start_interpolation: 0,interpolation_duration: 1}
$data merge entity $(bone_chest1lid3) {transformation: [-1f,0f,0f,-0.2812f,0f,0.9394f,0.3428f,2.3981f,0f,0.3428f,-0.9394f,-0.2477f,0f,0f,0f,1f],start_interpolation: 0,interpolation_duration: 1}
$data merge entity $(bone_chest3) {transformation: [-1f,0f,0f,-0.2812f,0f,0.9394f,0.3428f,2.2513f,0f,0.3428f,-0.9394f,-0.3012f,0f,0f,0f,1f],start_interpolation: 0,interpolation_duration: 1}
$data merge entity $(bone_hugeasssword2) {transformation: [0f,2.8877f,-2.6461f,-1.2344f,-1.3424f,2.4858f,2.7128f,4.1355f,3.6794f,0.9069f,0.9898f,0.3696f,0f,0f,0f,1f],start_interpolation: 0,interpolation_duration: 1}
$data merge entity $(bone_belt) {transformation: [-1f,0f,0f,0.0297f,0f,0.9394f,0.3428f,2.5356f,0f,0.3428f,-0.9394f,0.2072f,0f,0f,0f,1f],start_interpolation: 0,interpolation_duration: 1}
$data merge entity $(bone_torn_part) {transformation: [-1f,0f,0f,-0.0938f,0f,0.8147f,0.5799f,2.2706f,0f,0.5799f,-0.8147f,0.1104f,0f,0f,0f,1f],start_interpolation: 0,interpolation_duration: 1}
$data merge entity $(bone_lowerbody) {transformation: [-1f,0f,0f,0.0039f,0f,0.9514f,0.3081f,1.7627f,0f,0.3081f,-0.9514f,0.0938f,0f,0f,0f,1f],start_interpolation: 0,interpolation_duration: 1}
$data merge entity $(bone_leftfoot) {transformation: [-0.9239f,0.017f,-0.3823f,0.1587f,0f,0.999f,0.0443f,0.1571f,0.3827f,0.041f,-0.923f,-0.3802f,0f,0f,0f,1f],start_interpolation: 0,interpolation_duration: 1}
$data merge entity $(bone_leftlowerleg) {transformation: [-0.9239f,0.2583f,-0.2823f,0.4887f,0f,0.7378f,0.6751f,0.8718f,0.3827f,0.6237f,-0.6816f,0.4164f,0f,0f,0f,1f],start_interpolation: 0,interpolation_duration: 1}
$data merge entity $(bone_leftleg) {transformation: [-0.9239f,-0.2054f,-0.3229f,0.25f,0f,0.8438f,-0.5367f,1.7823f,0.3827f,-0.4958f,-0.7795f,-0.0781f,0f,0f,0f,1f],start_interpolation: 0,interpolation_duration: 1}
$data merge entity $(bone_rightfoot) {transformation: [-0.9239f,-0.0164f,0.3823f,-0.4767f,0f,0.9991f,0.0429f,0.1771f,-0.3827f,0.0396f,-0.923f,0.3875f,0f,0f,0f,1f],start_interpolation: 0,interpolation_duration: 1}
$data merge entity $(bone_rightlowerleg) {transformation: [-0.9239f,-0.0826f,0.3737f,-0.6257f,0f,0.9765f,0.2157f,1.2272f,-0.3827f,0.1993f,-0.9021f,0.7473f,0f,0f,0f,1f],start_interpolation: 0,interpolation_duration: 1}
$data merge entity $(bone_rightleg) {transformation: [-0.9239f,0.3311f,0.1918f,-0.25f,0f,0.5012f,-0.8653f,1.7823f,-0.3827f,-0.7994f,-0.4631f,-0.0781f,0f,0f,0f,1f],start_interpolation: 0,interpolation_duration: 1}
data modify entity @s data merge value {"cameras":{},"locators":{"lefthand":{"posx":0.8652639825413481,"posy":2.4370689416105735,"posz":1.793018205833495,"roty":98.14605259013547,"rotx":-78.00964438056408},"sword":{"posx":-0.9724383990102863,"posy":-0.351359011763859,"posz":2.441471527811539,"roty":358.13424313672755,"rotx":34.94134417797099},"righthand":{"posx":-1.0708538265247196,"posy":1.7606106651282327,"posz":-0.5797127991561916,"roty":358.13424313672755,"rotx":34.94134417797099},"chest":{"posx":-0.3750000000000001,"posy":2.066262135707209,"posz":0.47949710099679244,"roty":0,"rotx":20.044606413994174}}}