# This file was generated by Animated Java via MC-Build. It is not recommended to edit this file directly.
$data merge entity $(bone_nose) {transformation: [-1f,0f,0f,0f,0f,0.9763f,0.2163f,3.497f,0f,0.2163f,-0.9763f,1.2068f,0f,0f,0f,1f],start_interpolation: 0,interpolation_duration: 1}
$data merge entity $(bone_glowing_eye) {transformation: [-1f,0f,0f,-0.125f,0f,0.9763f,0.2163f,3.5555f,0f,0.2163f,-0.9763f,1.2555f,0f,0f,0f,1f],start_interpolation: 0,interpolation_duration: 1}
$data merge entity $(bone_head) {transformation: [-1f,0f,0f,0f,0f,0.9763f,0.2163f,3.4169f,0f,0.2163f,-0.9763f,0.9972f,0f,0f,0f,1f],start_interpolation: 0,interpolation_duration: 1}
$data merge entity $(bone_leftthumb2) {transformation: [-0.9999f,-0.0097f,-0.0086f,0.9436f,-0.0104f,0.997f,0.0766f,1.2411f,0.0078f,0.0767f,-0.997f,0.7967f,0f,0f,0f,1f],start_interpolation: 0,interpolation_duration: 1}
$data merge entity $(bone_leftthumb) {transformation: [-0.9999f,-0.0097f,-0.0086f,0.9404f,-0.0104f,0.997f,0.0766f,1.4921f,0.0078f,0.0767f,-0.997f,0.7303f,0f,0f,0f,1f],start_interpolation: 0,interpolation_duration: 1}
$data merge entity $(bone_leftpointerfinger) {transformation: [-0.9999f,-0.0097f,-0.0087f,1.049f,-0.0104f,0.9965f,0.0828f,1.1688f,0.0078f,0.0829f,-0.9965f,0.6554f,0f,0f,0f,1f],start_interpolation: 0,interpolation_duration: 1}
$data merge entity $(bone_leftmidfinger) {transformation: [-0.9999f,-0.0097f,-0.0087f,1.0477f,-0.0104f,0.9965f,0.0828f,1.1817f,0.0078f,0.0829f,-0.9965f,0.4997f,0f,0f,0f,1f],start_interpolation: 0,interpolation_duration: 1}
$data merge entity $(bone_leftringfinger) {transformation: [-0.9999f,-0.0097f,-0.0087f,1.0463f,-0.0104f,0.9965f,0.0828f,1.1947f,0.0078f,0.0829f,-0.9965f,0.344f,0f,0f,0f,1f],start_interpolation: 0,interpolation_duration: 1}
$data merge entity $(bone_invisibility) {transformation: [0.0021f,0.0089f,1f,0.8615f,1f,0.0043f,-0.0022f,1.2756f,-0.0044f,1f,-0.0089f,0.6973f,0f,0f,0f,1f],start_interpolation: 0,interpolation_duration: 1}
$data merge entity $(bone_swiftness) {transformation: [-0.0087f,0.0029f,1f,0.8075f,0.0828f,0.9966f,-0.0022f,1.1563f,-0.9965f,0.0828f,-0.0089f,0.4997f,0f,0f,0f,1f],start_interpolation: 0,interpolation_duration: 1}
$data merge entity $(bone_suspicious_stew) {transformation: [-0.0011f,0.0091f,1f,0.8598f,0.9382f,0.3461f,-0.0022f,1.2444f,-0.3461f,0.9382f,-0.0089f,0.5065f,0f,0f,0f,1f],start_interpolation: 0,interpolation_duration: 1}
$data merge entity $(bone_log) {transformation: [-1f,0.0029f,-0.0087f,0.766f,0.0022f,0.9966f,0.0828f,1.3731f,0.0089f,0.0828f,-0.9965f,0.471f,0f,0f,0f,1f],start_interpolation: 0,interpolation_duration: 1}
$data merge entity $(bone_planks) {transformation: [-1f,0.0029f,-0.0087f,0.6722f,0.0022f,0.9966f,0.0828f,1.3733f,0.0089f,0.0828f,-0.9965f,0.4718f,0f,0f,0f,1f],start_interpolation: 0,interpolation_duration: 1}
$data merge entity $(bone_lefthand1) {transformation: [-1f,0.0029f,-0.0087f,1.017f,0.0022f,0.9966f,0.0828f,1.6191f,0.0089f,0.0828f,-0.9965f,0.5206f,0f,0f,0f,1f],start_interpolation: 0,interpolation_duration: 1}
$data merge entity $(bone_leftforearm) {transformation: [-0.9999f,0.0098f,-0.0059f,0.9615f,0.0094f,0.9971f,0.0758f,2.3196f,0.0066f,0.0758f,-0.9971f,0.5899f,0f,0f,0f,1f],start_interpolation: 0,interpolation_duration: 1}
$data merge entity $(bone_leftelbow) {transformation: [-0.9999f,0.0103f,-0.005f,0.9634f,0.0094f,0.9864f,0.1641f,2.5045f,0.0066f,0.164f,-0.9864f,0.6207f,0f,0f,0f,1f],start_interpolation: 0,interpolation_duration: 1}
$data merge entity $(bone_leftarm) {transformation: [-0.9999f,0.0103f,-0.005f,0.75f,0.0094f,0.9864f,0.1641f,2.9946f,0.0066f,0.164f,-0.9864f,0.7349f,0f,0f,0f,1f],start_interpolation: 0,interpolation_duration: 1}
$data merge entity $(bone_rightthumb2) {transformation: [-0.0514f,-0.0025f,-0.9987f,-0.8639f,0.171f,0.9852f,-0.0112f,1.3063f,0.9839f,-0.1714f,-0.0502f,1.0827f,0f,0f,0f,1f],start_interpolation: 0,interpolation_duration: 1}
$data merge entity $(bone_rightthumb) {transformation: [-0.0514f,-0.0025f,-0.9987f,-0.9499f,0.171f,0.9852f,-0.0112f,1.547f,0.9839f,-0.1714f,-0.0502f,1.0364f,0f,0f,0f,1f],start_interpolation: 0,interpolation_duration: 1}
$data merge entity $(bone_rightpointerfinger) {transformation: [-0.0847f,-0.9964f,0.0078f,-1.0581f,-0.9818f,0.0821f,-0.1714f,1.2153f,0.1701f,-0.0222f,-0.9852f,1.0456f,0f,0f,0f,1f],start_interpolation: 0,interpolation_duration: 1}
$data merge entity $(bone_rightmidfinger) {transformation: [-0.0847f,-0.9964f,0.0078f,-1.0568f,-0.9818f,0.0821f,-0.1714f,1.1885f,0.1701f,-0.0222f,-0.9852f,0.8917f,0f,0f,0f,1f],start_interpolation: 0,interpolation_duration: 1}
$data merge entity $(bone_rightringfinger) {transformation: [-0.214f,-0.9768f,0.0078f,-1.0556f,-0.9627f,0.2096f,-0.1714f,1.1617f,0.1657f,-0.0442f,-0.9852f,0.7377f,0f,0f,0f,1f],start_interpolation: 0,interpolation_duration: 1}
$data merge entity $(bone_hugeasssword) {transformation: [-3.9165f,-0.0097f,0.0306f,-0.7918f,-0.0148f,3.8587f,-0.6711f,1.3923f,-0.0284f,-0.6712f,-3.8586f,0.8742f,0f,0f,0f,1f],start_interpolation: 0,interpolation_duration: 1}
$data merge entity $(bone_ice) {transformation: [-1f,-0.0025f,0.0078f,-0.7762f,-0.0038f,0.9852f,-0.1714f,1.3769f,-0.0073f,-0.1714f,-0.9852f,0.877f,0f,0f,0f,1f],start_interpolation: 0,interpolation_duration: 1}
$data merge entity $(bone_righthand1) {transformation: [-1f,-0.0025f,0.0078f,-1.0265f,-0.0038f,0.9852f,-0.1714f,1.6169f,-0.0073f,-0.1714f,-0.9852f,0.8015f,0f,0f,0f,1f],start_interpolation: 0,interpolation_duration: 1}
$data merge entity $(bone_rightforearm) {transformation: [-1f,-0.0025f,0.0078f,-0.9659f,-0.0038f,0.9855f,-0.1697f,2.3128f,-0.0073f,-0.1697f,-0.9855f,0.698f,0f,0f,0f,1f],start_interpolation: 0,interpolation_duration: 1}
$data merge entity $(bone_rightelbow) {transformation: [-1f,-0.0025f,0.0078f,-0.9664f,-0.0038f,0.9849f,-0.173f,2.4974f,-0.0073f,-0.173f,-0.9849f,0.6656f,0f,0f,0f,1f],start_interpolation: 0,interpolation_duration: 1}
$data merge entity $(bone_rightarm) {transformation: [-1f,-0.0043f,0.007f,-0.75f,-0.0038f,0.9973f,0.0732f,2.9946f,-0.0073f,0.0731f,-0.9973f,0.7349f,0f,0f,0f,1f],start_interpolation: 0,interpolation_duration: 1}
$data merge entity $(bone_chest1) {transformation: [-1.0833f,0f,0f,-0.0023f,0f,0.8861f,0.6232f,2.9268f,0f,0.6232f,-0.8861f,0.5527f,0f,0f,0f,1f],start_interpolation: 0,interpolation_duration: 1}
$data merge entity $(bone_chest1lid) {transformation: [-1f,0f,0f,-0.3437f,0f,0.8179f,0.5753f,2.1427f,0f,0.5753f,-0.8179f,0.4796f,0f,0f,0f,1f],start_interpolation: 0,interpolation_duration: 1}
$data merge entity $(bone_chest2) {transformation: [-1f,0f,0f,-0.3437f,0f,0.8179f,0.5753f,2.0149f,0f,0.5753f,-0.8179f,0.3897f,0f,0f,0f,1f],start_interpolation: 0,interpolation_duration: 1}
$data merge entity $(bone_chest1lid3) {transformation: [-1f,0f,0f,-0.2812f,0f,0.8179f,0.5753f,2.5112f,0f,0.5753f,-0.8179f,-0.0444f,0f,0f,0f,1f],start_interpolation: 0,interpolation_duration: 1}
$data merge entity $(bone_chest3) {transformation: [-1f,0f,0f,-0.2812f,0f,0.8179f,0.5753f,2.3834f,0f,0.5753f,-0.8179f,-0.1343f,0f,0f,0f,1f],start_interpolation: 0,interpolation_duration: 1}
$data merge entity $(bone_hugeasssword2) {transformation: [0f,2.8877f,-2.6461f,-1.2344f,-2.2532f,2.1643f,2.362f,4.0283f,3.2036f,1.5223f,1.6612f,1.0035f,0f,0f,0f,1f],start_interpolation: 0,interpolation_duration: 1}
$data merge entity $(bone_belt) {transformation: [-1f,0f,0f,0.0297f,0f,0.8179f,0.5753f,2.5257f,0f,0.5753f,-0.8179f,0.4306f,0f,0f,0f,1f],start_interpolation: 0,interpolation_duration: 1}
$data merge entity $(bone_torn_part) {transformation: [-1f,0f,0f,-0.0938f,0f,0.6038f,0.7972f,2.2956f,0f,0.7972f,-0.6038f,0.2616f,0f,0f,0f,1f],start_interpolation: 0,interpolation_duration: 1}
$data merge entity $(bone_lowerbody) {transformation: [-1f,0f,0f,0.0039f,0f,0.8155f,0.5787f,1.816f,0f,0.5787f,-0.8155f,0.0938f,0f,0f,0f,1f],start_interpolation: 0,interpolation_duration: 1}
$data merge entity $(bone_leftfoot) {transformation: [-0.9239f,0.0312f,-0.3814f,0.156f,0f,0.9967f,0.0814f,0.159f,0.3827f,0.0752f,-0.9208f,-0.3867f,0f,0f,0f,1f],start_interpolation: 0,interpolation_duration: 1}
$data merge entity $(bone_leftlowerleg) {transformation: [-0.9239f,0.2477f,-0.2917f,0.4756f,0f,0.7623f,0.6472f,0.9053f,0.3827f,0.5979f,-0.7043f,0.3848f,0f,0f,0f,1f],start_interpolation: 0,interpolation_duration: 1}
$data merge entity $(bone_leftleg) {transformation: [-0.9239f,-0.1932f,-0.3303f,0.25f,0f,0.8631f,-0.505f,1.8355f,0.3827f,-0.4665f,-0.7974f,-0.0781f,0f,0f,0f,1f],start_interpolation: 0,interpolation_duration: 1}
$data merge entity $(bone_rightfoot) {transformation: [-0.9239f,-0.0022f,0.3827f,-0.475f,0f,1f,0.0058f,0.1508f,-0.3827f,0.0053f,-0.9239f,0.3834f,0f,0f,0f,1f],start_interpolation: 0,interpolation_duration: 1}
$data merge entity $(bone_rightlowerleg) {transformation: [-0.9239f,-0.0686f,0.3765f,-0.609f,0f,0.9838f,0.1793f,1.2146f,-0.3827f,0.1657f,-0.9089f,0.7069f,0f,0f,0f,1f],start_interpolation: 0,interpolation_duration: 1}
$data merge entity $(bone_rightleg) {transformation: [-0.9239f,0.316f,0.2159f,-0.25f,0f,0.5641f,-0.8257f,1.8355f,-0.3827f,-0.7628f,-0.5212f,-0.0781f,0f,0f,0f,1f],start_interpolation: 0,interpolation_duration: 1}
data modify entity @s data merge value {"cameras":{},"locators":{"lefthand":{"posx":0.8596514043666456,"posy":1.2937139950020489,"posz":0.4792771863408538,"roty":359.50210057558394,"rotx":4.751451291643575},"sword":{"posx":-0.8987773367248266,"posy":1.9957539491701217,"posz":4.527216273222406,"roty":0.45374831400798143,"rotx":-9.866694505057863},"righthand":{"posx":-0.870006777991224,"posy":1.3638770894785464,"posz":0.8943716386231675,"roty":0.45374831400798143,"rotx":-9.866694505057863},"chest":{"posx":-0.375,"posy":2.0016676397937863,"posz":0.5714269102176895,"roty":0,"rotx":35.11994513031549}}}