# This file was generated by Animated Java via MC-Build. It is not recommended to edit this file directly.
$data merge entity $(bone_nose) { transformation: [-0.9005315766621247f,-0.2175461077844933f,0.37645261378059935f,-0.7540531328007691f,-0.014699020005330965f,0.8805628903911211f,0.4737013139911239f,3.034627878230744f,-0.43454207879710627f,0.42104950665432683f,-0.7961724026244802f,0.5074531184320328f,0f,0f,0f,1f], start_interpolation: 0, interpolation_duration: 1 }
$data merge entity $(bone_glowing_eye) { transformation: [-0.9005315766621247f,-0.2175461077844933f,0.37645261378059935f,-0.8944857681834283f,-0.014699020005330965f,0.8805628903911211f,0.4737013139911239f,3.0758816595679996f,-0.43454207879710627f,0.42104950665432683f,-0.7961724026244802f,0.5094267648074668f,0f,0f,0f,1f], start_interpolation: 0, interpolation_duration: 1 }
$data merge entity $(bone_head) { transformation: [-0.9005315766621247f,-0.2175461077844933f,0.37645261378059935f,-0.6566985850496406f,-0.014699020005330965f,0.8805628903911211f,0.4737013139911239f,3.014601663835689f,-0.43454207879710627f,0.42104950665432683f,-0.7961724026244802f,0.30637597787661786f,0f,0f,0f,1f], start_interpolation: 0, interpolation_duration: 1 }
$data merge entity $(bone_leftthumb2) { transformation: [0.7126517641958177f,0.5647166761946243f,-0.41620011847221405f,-2.1872807473875606f,-0.6665088626628448f,0.7301312023692874f,-0.15058008938322756f,2.326631022504654f,0.21884560534877134f,0.3847122339547773f,0.896717959040107f,1.0530067033227226f,0f,0f,0f,1f], start_interpolation: 0, interpolation_duration: 1 }
$data merge entity $(bone_leftthumb) { transformation: [0.7126517641958177f,0.5647166761946243f,-0.41620011847221405f,-2.08435563955024f,-0.6665088626628448f,0.7301312023692874f,-0.15058008938322756f,2.4928220259132368f,0.21884560534877134f,0.3847122339547773f,0.896717959040107f,1.223985768343047f,0f,0f,0f,1f], start_interpolation: 0, interpolation_duration: 1 }
$data merge entity $(bone_leftpointerfinger) { transformation: [0.5528743209136164f,-0.581682244339695f,-0.5966370353022377f,-2.3670271776377305f,0.4112308071279879f,0.8132235737416721f,-0.41177256147014957f,2.4954578891922843f,0.7247200897885828f,-0.017697054296119452f,0.688816089915203f,1.0487692859731257f,0f,0f,0f,1f], start_interpolation: 0, interpolation_duration: 1 }
$data merge entity $(bone_leftmidfinger) { transformation: [0.5244952587520874f,-0.6073952351248222f,-0.5966370353022377f,-2.460251714403705f,0.4495580202032706f,0.7926795973728786f,-0.41177256147014957f,2.4311184264625734f,0.7230506967132369f,-0.05225020819512671f,0.688816089915203f,1.156396800022376f,0f,0f,0f,1f], start_interpolation: 0, interpolation_duration: 1 }
$data merge entity $(bone_leftringfinger) { transformation: [0.5244952587520874f,-0.6073952351248222f,-0.5966370353022377f,-2.55347625116968f,0.4495580202032706f,0.7926795973728786f,-0.41177256147014957f,2.366778963732863f,0.7230506967132369f,-0.05225020819512671f,0.688816089915203f,1.2640243140716265f,0f,0f,0f,1f], start_interpolation: 0, interpolation_duration: 1 }
$data merge entity $(bone_invisibility) { transformation: [0.7336259453209766f,0.6631000453335114f,-0.148631430830087f,-2.2545784745228756f,-0.17722084419160122f,0.3978406509525143f,0.9001753100556005f,2.4470964640303676f,0.656037914099421f,-0.6340513751490293f,0.40938137345964487f,1.071891790176998f,0f,0f,0f,1f], start_interpolation: 0, interpolation_duration: 1 }
$data merge entity $(bone_swiftness) { transformation: [-0.5966370353022377f,0.7886272540783498f,-0.1486314308300871f,-2.4655001675383144f,-0.4117725614701498f,-0.1418723679460381f,0.9001753100556007f,2.3422170782752776f,0.6888160899152029f,0.5982802732317238f,0.4093813734596449f,1.098705700814342f,0f,0f,0f,1f], start_interpolation: 0, interpolation_duration: 1 }
$data merge entity $(bone_suspicious_stew) { transformation: [0.4625893146909831f,0.8740250704088117f,-0.1486314308300869f,-2.403414821176968f,-0.30260263599585313f,0.31323482541803277f,0.900175310055601f,2.376539376002185f,0.8333323290393145f,-0.371435217019344f,0.4093813734596449f,1.1730004192283614f,0f,0f,0f,1f], start_interpolation: 0, interpolation_duration: 1 }
$data merge entity $(bone_log) { transformation: [0.14863143083008695f,0.7886272540783498f,-0.5966370353022377f,-2.318869578806646f,-0.9001753100556008f,-0.1418723679460381f,-0.41177256147014957f,2.2551120558723046f,-0.40938137345964476f,0.5982802732317238f,0.688816089915203f,1.2416942038352603f,0f,0f,0f,1f], start_interpolation: 0, interpolation_duration: 1 }
$data merge entity $(bone_planks) { transformation: [0.14863143083008695f,0.7886272540783498f,-0.5966370353022377f,-2.304935382166325f,-0.9001753100556008f,-0.1418723679460381f,-0.41177256147014957f,2.170720620554592f,-0.40938137345964476f,0.5982802732317238f,0.688816089915203f,1.2033147000734186f,0f,0f,0f,1f], start_interpolation: 0, interpolation_duration: 1 }
$data merge entity $(bone_lefthand1) { transformation: [0.14863143083008695f,0.7886272540783498f,-0.5966370353022377f,-2.1402257156413853f,-0.9001753100556008f,-0.1418723679460381f,-0.41177256147014957f,2.4575556839456376f,-0.40938137345964476f,0.5982802732317238f,0.688816089915203f,1.4720841126982522f,0f,0f,0f,1f], start_interpolation: 0, interpolation_duration: 1 }
$data merge entity $(bone_leftforearm) { transformation: [0.4054158223007398f,0.8618292156628746f,-0.30477600636882474f,-1.4974909490040373f,-0.871273594757525f,0.2634085734182917f,-0.4141234677340101f,2.5824899418708185f,-0.2766230903350553f,0.4334354928702254f,0.8576790421910919f,1.7562538970481627f,0f,0f,0f,1f], start_interpolation: 0, interpolation_duration: 1 }
$data merge entity $(bone_leftelbow) { transformation: [0.4054158223007398f,0.8618292156628746f,-0.30477600636882474f,-1.3358979710672483f,-0.871273594757525f,0.2634085734182917f,-0.4141234677340101f,2.631879049386748f,-0.2766230903350553f,0.4334354928702254f,0.8576790421910919f,1.83752305196133f,0f,0f,0f,1f], start_interpolation: 0, interpolation_duration: 1 }
$data merge entity $(bone_leftarm) { transformation: [-0.07637451806373452f,0.7720723644100062f,0.6309288367992667f,-0.9829211956822396f,-0.9342507785550869f,0.16565589330748787f,-0.3158062820491596f,2.500916409053665f,-0.34834238295066433f,-0.6135653095855743f,0.7086573185351375f,1.195818960367723f,0f,0f,0f,1f], start_interpolation: 0, interpolation_duration: 1 }
$data merge entity $(bone_rightthumb2) { transformation: [-0.037376951925690995f,0.18126664792463715f,0.9827234432000234f,-0.21545811226815387f,-0.26757264798310193f,0.9456866821627916f,-0.18461196394394797f,1.863236716336906f,-0.9628124643543288f,-0.2698501464333421f,0.013155111320250962f,-1.5658548702743147f,0f,0f,0f,1f], start_interpolation: 0, interpolation_duration: 1 }
$data merge entity $(bone_rightthumb) { transformation: [-0.037376951925690995f,0.18126664792463715f,0.9827234432000234f,-0.08702273771723004f,-0.26757264798310193f,0.9456866821627916f,-0.18461196394394797f,2.0793828055784744f,-0.9628124643543288f,-0.2698501464333421f,0.013155111320250962f,-1.6309093918853432f,0f,0f,0f,1f], start_interpolation: 0, interpolation_duration: 1 }
$data merge entity $(bone_rightpointerfinger) { transformation: [-0.650385595709742f,0.21782823145939884f,0.7277014762061118f,-0.1994792728729011f,-0.7444675467461825f,0.007503755425112613f,-0.6676164808452831f,1.8392869990947003f,-0.1508862112156199f,-0.975958275354941f,0.1572857146444162f,-1.8317040465048071f,0f,0f,0f,1f], start_interpolation: 0, interpolation_duration: 1 }
$data merge entity $(bone_rightmidfinger) { transformation: [-0.6600367438307642f,0.18655309785883326f,0.7277014762061118f,-0.08577591721569613f,-0.7439778929773151f,-0.028020158186454758f,-0.6676164808452831f,1.7349719239626247f,-0.10415561220748837f,-0.9820452191291797f,0.1572857146444162f,-1.807128153591617f,0f,0f,0f,1f], start_interpolation: 0, interpolation_duration: 1 }
$data merge entity $(bone_rightringfinger) { transformation: [-0.6600367438307642f,0.18655309785883326f,0.7277014762061118f,0.02792743844150883f,-0.7439778929773151f,-0.028020158186454758f,-0.6676164808452831f,1.6306568488305493f,-0.10415561220748837f,-0.9820452191291797f,0.1572857146444162f,-1.7825522606784272f,0f,0f,0f,1f], start_interpolation: 0, interpolation_duration: 1 }
$data merge entity $(bone_hugeasssword) { transformation: [2.181542937670528f,1.5677093817549177f,2.850164115140605f,-0.0876416275405972f,1.7287063967295282f,2.3482993165582844f,-2.614831216644026f,1.8102946416177434f,-2.7554894996686206f,2.714416215687507f,0.6160357156906302f,-1.5781221823395704f,0f,0f,0f,1f], start_interpolation: 0, interpolation_duration: 1 }
$data merge entity $(bone_ice) { transformation: [0.5569896862137519f,0.40026622512891513f,0.7277014762061118f,-0.1025987511553264f,0.44137184597349655f,0.5995657829510513f,-0.6676164808452831f,1.7940299911657975f,-0.7035292339579456f,0.693042438047874f,0.1572857146444162f,-1.5779583261534755f,0f,0f,0f,1f], start_interpolation: 0, interpolation_duration: 1 }
$data merge entity $(bone_righthand1) { transformation: [0.5569896862137519f,0.40026622512891513f,0.7277014762061118f,0.15945589781178138f,0.44137184597349655f,0.5995657829510513f,-0.6676164808452831f,2.0334013833705193f,-0.7035292339579456f,0.693042438047874f,0.1572857146444162f,-1.5756648465483554f,0f,0f,0f,1f], start_interpolation: 0, interpolation_duration: 1 }
$data merge entity $(bone_rightforearm) { transformation: [-0.3321743766585299f,0.11304480760750041f,0.9364192730633538f,0.30131810052476954f,0.7738545477881634f,0.6002730984038576f,0.20204293157695333f,2.391866347753001f,-0.5392673941182555f,0.7917657979513991f,-0.28687558075808794f,-0.9949895497143608f,0f,0f,0f,1f], start_interpolation: 0, interpolation_duration: 1 }
$data merge entity $(bone_rightelbow) { transformation: [-0.3321743766585299f,0.11304480760750041f,0.9364192730633538f,0.32251400195117585f,0.7738545477881634f,0.6002730984038576f,0.20204293157695333f,2.5044175537037243f,-0.5392673941182555f,0.7917657979513991f,-0.28687558075808794f,-0.8465334625984735f,0f,0f,0f,1f], start_interpolation: 0, interpolation_duration: 1 }
$data merge entity $(bone_rightarm) { transformation: [-0.03983688375897054f,-0.5163043594290507f,0.8554781301277852f,-0.03454841012838872f,0.7782237317724712f,0.5209675160767829f,0.35065748316400636f,2.5639567528926666f,-0.6267223037346786f,0.6797224842737984f,0.3810465829451209f,-0.43693467370177297f,0f,0f,0f,1f], start_interpolation: 0, interpolation_duration: 1 }
$data merge entity $(bone_chest1) { transformation: [0.46558280173879973f,-0.5546817982362557f,0.8057120258141577f,-0.25876396657623524f,0.05953011307542383f,0.9067347606299884f,0.5898299336364813f,2.5096165171215294f,-0.9763707960981768f,-0.20921588773748098f,0.4201665050381112f,0.462764281943684f,0f,0f,0f,1f], start_interpolation: 0, interpolation_duration: 1 }
$data merge entity $(bone_chest1lid) { transformation: [0.4297687400665844f,-0.5120139676026977f,0.7437341776746071f,-0.05313133610704632f,0.05495087360808354f,0.8369859328892201f,0.544458400279829f,1.7432835885481257f,-0.901265350244471f,-0.1931223579115209f,0.38784600465056424f,0.1352657685409831f,0f,0f,0f,1f], start_interpolation: 0, interpolation_duration: 1 }
$data merge entity $(bone_chest2) { transformation: [0.4297687400665844f,-0.5120139676026977f,0.7437341776746071f,0.026870846330875192f,0.05495087360808354f,0.8369859328892201f,0.544458400279829f,1.612504536534185f,-0.901265350244471f,-0.1931223579115209f,0.38784600465056424f,0.16544113696465823f,0f,0f,0f,1f], start_interpolation: 0, interpolation_duration: 1 }
$data merge entity $(bone_chest1lid3) { transformation: [0.4297687400665844f,-0.5120139676026977f,0.7437341776746071f,0.39646282521158727f,0.05495087360808354f,0.8369859328892201f,0.544458400279829f,2.0886428216268857f,-0.901265350244471f,-0.1931223579115209f,0.38784600465056424f,0.4400586996605303f,0f,0f,0f,1f], start_interpolation: 0, interpolation_duration: 1 }
$data merge entity $(bone_chest3) { transformation: [0.4297687400665844f,-0.5120139676026977f,0.7437341776746071f,0.4764650076495088f,0.05495087360808354f,0.8369859328892201f,0.544458400279829f,1.957863769612945f,-0.901265350244471f,-0.1931223579115209f,0.38784600465056424f,0.4702340680842054f,0f,0f,0f,1f], start_interpolation: 0, interpolation_duration: 1 }
$data merge entity $(bone_hugeasssword2) { transformation: [-2.912958862558878f,-2.595850634615153f,-0.3413325732853068f,-0.12631875065375747f,-2.132462067762663f,2.056036410156193f,2.56234220732579f,3.6927178493034623f,-1.519063518214711f,2.0915428613006997f,-2.942477232664512f,-0.7689690908679329f,0f,0f,0f,1f], start_interpolation: 0, interpolation_duration: 1 }
$data merge entity $(bone_belt) { transformation: [0.4297687400665844f,-0.5120139676026977f,0.7437341776746071f,-0.16593506158751054f,0.05495087360808354f,0.8369859328892201f,0.544458400279829f,2.103188936938061f,-0.901265350244471f,-0.1931223579115209f,0.38784600465056424f,0.5177871017334522f,0f,0f,0f,1f], start_interpolation: 0, interpolation_duration: 1 }
$data merge entity $(bone_torn_part) { transformation: [-0.025977278838132382f,-0.360515709656036f,0.9323913363365033f,-0.05943567418905216f,0.23115196977874125f,0.905262681673508f,0.35646632945721063f,2.132924990335365f,-0.9725707932338775f,0.2247841192355311f,0.0598176553195853f,0.48891309394710825f,0f,0f,0f,1f], start_interpolation: 0, interpolation_duration: 1 }
$data merge entity $(bone_lowerbody) { transformation: [-0.025977278838132382f,-0.06345446106606198f,0.9976465869008831f,-0.16620925826803942f,0.23115196977874125f,0.970555856987605f,0.06775024232032928f,1.6269199509156342f,-0.9725707932338775f,0.23236794064128352f,-0.01054477645828088f,0.4719126611470481f,0f,0f,0f,1f], start_interpolation: 0, interpolation_duration: 1 }
$data merge entity $(bone_leftfoot) { transformation: [-0.6443465389830503f,-0.7540671782608359f,0.12721461697542774f,0.8969780506893217f,-0.17304328015891743f,0.3058199787630265f,0.9362481791603515f,0.544806813042482f,-0.7448721817835116f,0.5812545317349335f,-0.32755882421456295f,0.31569041800346054f,0f,0f,0f,1f], start_interpolation: 0, interpolation_duration: 1 }
$data merge entity $(bone_leftlowerleg) { transformation: [-0.6443465389830503f,-0.7540671782608359f,0.12721461697542774f,0.04088880547188167f,-0.17304328015891743f,0.3058199787630265f,0.9362481791603515f,0.7402254153405103f,-0.7448721817835116f,0.5812545317349335f,-0.32755882421456295f,1.010847644417614f,0f,0f,0f,1f], start_interpolation: 0, interpolation_duration: 1 }
$data merge entity $(bone_leftleg) { transformation: [-0.6534517442363674f,-0.017810491279699553f,0.7567549032594226f,-0.018703489072619928f,-0.29357350029906365f,0.9274433104801942f,-0.23168585317773419f,1.549124026021238f,-0.6976929254884305f,-0.3735661820158696f,-0.6112803627879169f,0.6629510540814083f,0f,0f,0f,1f], start_interpolation: 0, interpolation_duration: 1 }
$data merge entity $(bone_rightfoot) { transformation: [-0.7170168721941897f,-0.21257486980052567f,0.6638413697109036f,-0.5928853938839344f,-0.09084178645566057f,0.9727294457612331f,0.2133644712515107f,0.27840452253150305f,-0.691105934954827f,0.09267858502363263f,-0.7167966445963221f,0.2103983301033145f,0f,0f,0f,1f], start_interpolation: 0, interpolation_duration: 1 }
$data merge entity $(bone_rightlowerleg) { transformation: [-0.7170168721941897f,-0.21257486980052567f,0.6638413697109036f,-0.9307069622189804f,-0.09084178645566057f,0.9727294457612331f,0.2133644712515107f,1.3247437338846382f,-0.691105934954827f,0.09267858502363263f,-0.7167966445963221f,0.42334630382081173f,0f,0f,0f,1f], start_interpolation: 0, interpolation_duration: 1 }
$data merge entity $(bone_rightleg) { transformation: [-0.4248319170906114f,0.8544685587224482f,0.29898215902544245f,-0.15921775509055758f,0.16795625078620297f,0.3989242940764228f,-0.9014696260748111f,1.6908789918208187f,-0.8895664900067662f,-0.3327504918860525f,-0.3129891081955174f,0.19231332740401078f,0f,0f,0f,1f], start_interpolation: 0, interpolation_duration: 1 }
data modify entity @s data merge value {"locators":{"lefthand":{"posx":-2.3850928259952404,"posy":2.3570212162087727,"posz":1.2225703098459484,"roty":220.8983757106067,"rotx":-24.316233078499682},"righthand":{"posx":-0.06800546340614694,"posy":1.83647189388041,"posz":-1.65720056922285,"roty":102.19632071379866,"rotx":-41.88336912489618},"chest":{"posx":-0.12390865526645434,"posy":1.6076175574990788,"posz":0.05857043548866277,"roty":117.54135237487904,"rotx":32.98766037019442},"sack":{"posx":0,"posy":-0.4375,"posz":0,"roty":0,"rotx":0}},"cameras":{}}